framework	molecule	T_ads_K	T_des_K	P_ads_Pa	P_des_Pa	SD
Bhathia_01	R407F	283.0	353.0	100000.0	100.0	125.21454236102329
Bhathia_01	R407F	283.0	353.0	100000.0	103.5079362523115	125.21454236102329
Bhathia_01	R407F	283.0	353.0	100000.0	107.13892867212581	125.21454236102329
Bhathia_01	R407F	283.0	353.0	100000.0	110.89729399135348	125.21454236102329
Bhathia_01	R407F	283.0	353.0	100000.0	114.78750037010863	125.21454236102329
Bhathia_01	R407F	283.0	353.0	100000.0	118.81417270871387	125.21454236102329
Bhathia_01	R407F	283.0	353.0	100000.0	122.98209814604685	125.21454236102329
Bhathia_01	R407F	283.0	353.0	100000.0	127.29623175076546	125.21454236102329
Bhathia_01	R407F	283.0	353.0	100000.0	131.76170241217702	125.21454236102329
Bhathia_01	R407F	283.0	353.0	100000.0	136.3838189377566	125.21454236102329
Bhathia_01	R407F	283.0	353.0	100000.0	141.16807636456102	125.21454236102329
Bhathia_01	R407F	283.0	353.0	100000.0	146.12016249204424	125.21454236102329
Bhathia_01	R407F	283.0	353.0	100000.0	151.24596464403913	125.21454236102329
Bhathia_01	R407F	283.0	353.0	100000.0	156.55157666794562	125.21454236102329
Bhathia_01	R407F	283.0	353.0	100000.0	162.04330617944572	125.21454236102329
Bhathia_01	R407F	283.0	353.0	100000.0	167.72768206135862	125.21454236102329
Bhathia_01	R407F	283.0	353.0	100000.0	173.6114622255508	125.21454236102329
Bhathia_01	R407F	283.0	353.0	100000.0	179.70164164712898	125.21454236102329
Bhathia_01	R407F	283.0	353.0	100000.0	186.00546068046754	125.21454236102329
Bhathia_01	R407F	283.0	353.0	100000.0	192.53041366695666	125.21454236102329
Bhathia_01	R407F	283.0	353.0	100000.0	199.28425784470534	125.21454236102329
Bhathia_01	R407F	283.0	353.0	100000.0	206.27502257078967	125.21454236102329
Bhathia_01	R407F	283.0	353.0	100000.0	213.51101886701414	125.21454236102329
Bhathia_01	R407F	283.0	353.0	100000.0	221.00084930052978	125.21454236102329
Bhathia_01	R407F	283.0	353.0	100000.0	228.7534182110594	125.21454236102329
Bhathia_01	R407F	283.0	353.0	100000.0	236.77794229688686	125.21454236102329
Bhathia_01	R407F	283.0	353.0	100000.0	245.08396157219659	125.21454236102329
Bhathia_01	R407F	283.0	353.0	100000.0	253.68135070878884	125.21454236102329
Bhathia_01	R407F	283.0	353.0	100000.0	262.58033077565597	125.21454236102329
Bhathia_01	R407F	283.0	353.0	100000.0	271.7914813903746	125.21454236102329
Bhathia_01	R407F	283.0	353.0	100000.0	281.32575329676206	125.21454236102329
Bhathia_01	R407F	283.0	353.0	100000.0	291.1944813837476	125.21454236102329
Bhathia_01	R407F	283.0	353.0	100000.0	301.4093981609385	125.21454236102329
Bhathia_01	R407F	283.0	353.0	100000.0	311.9826477069	125.21454236102329
Bhathia_01	R407F	283.0	353.0	100000.0	322.92680010673166	125.21454236102329
Bhathia_01	R407F	283.0	353.0	100000.0	334.2548663961052	125.21454236102329
Bhathia_01	R407F	283.0	353.0	100000.0	345.9803140295299	125.21454236102329
Bhathia_01	R407F	283.0	353.0	100000.0	358.11708289123294	125.21454236102329
Bhathia_01	R407F	283.0	353.0	100000.0	370.67960186769494	125.21454236102329
Bhathia_01	R407F	283.0	353.0	100000.0	383.6828060015357	125.21454236102329
Bhathia_01	R407F	283.0	353.0	100000.0	397.1421542471496	125.21454236102329
Bhathia_01	R407F	283.0	353.0	100000.0	411.0736478491962	125.21454236102329
Bhathia_01	R407F	283.0	353.0	100000.0	425.49384936579753	125.21454236102329
Bhathia_01	R407F	283.0	353.0	100000.0	440.41990235905604	125.21454236102329
Bhathia_01	R407F	283.0	353.0	100000.0	455.86955177630426	125.21454236102329
Bhathia_01	R407F	283.0	353.0	100000.0	471.8611650463152	125.21454236102329
Bhathia_01	R407F	283.0	353.0	100000.0	488.41375391555476	125.21454236102329
Bhathia_01	R407F	283.0	353.0	100000.0	505.546997050434	125.21454236102329
Bhathia_01	R407F	283.0	353.0	100000.0	523.2812634324383	125.21454236102329
Bhathia_01	R407F	283.0	353.0	100000.0	541.6376365739385	125.21454236102329
Bhathia_01	R407F	283.0	353.0	100000.0	560.6379395834789	125.21454236102329
Bhathia_01	R407F	283.0	353.0	100000.0	580.30476111034	125.21454236102329
Bhathia_01	R407F	283.0	353.0	100000.0	600.6614821992193	125.21454236102329
Bhathia_01	R407F	283.0	353.0	100000.0	621.7323040869574	125.21454236102329
Bhathia_01	R407F	283.0	353.0	100000.0	643.5422769743552	125.21454236102329
Bhathia_01	R407F	283.0	353.0	100000.0	666.1173298072896	125.21454236102329
Bhathia_01	R407F	283.0	353.0	100000.0	689.4843011025289	125.21454236102329
Bhathia_01	R407F	283.0	353.0	100000.0	713.670970854901	125.21454236102329
Bhathia_01	R407F	283.0	353.0	100000.0	738.7060935637436	125.21454236102329
Bhathia_01	R407F	283.0	353.0	100000.0	764.6194324179003	125.21454236102329
Bhathia_01	R407F	283.0	353.0	100000.0	791.4417946799063	125.21454236102329
Bhathia_01	R407F	283.0	353.0	100000.0	819.2050683114275	125.21454236102329
Bhathia_01	R407F	283.0	353.0	100000.0	847.9422598834972	125.21454236102329
Bhathia_01	R407F	283.0	353.0	100000.0	877.6875338166207	125.21454236102329
Bhathia_01	R407F	283.0	353.0	100000.0	908.4762529973926	125.21454236102329
Bhathia_01	R407F	283.0	353.0	100000.0	940.3450208199293	125.21454236102329
Bhathia_01	R407F	283.0	353.0	100000.0	973.3317247020778	125.21454236102329
Bhathia_01	R407F	283.0	353.0	100000.0	1007.4755811281508	125.21454236102329
Bhathia_01	R407F	283.0	353.0	100000.0	1042.817182271731	125.21454236102329
Bhathia_01	R407F	283.0	353.0	100000.0	1079.3985442539745	125.21454236102329
Bhathia_01	R407F	283.0	353.0	100000.0	1117.2631570947824	125.21454236102329
Bhathia_01	R407F	283.0	353.0	100000.0	1156.4560364162314	125.21454236102329
Bhathia_01	R407F	283.0	353.0	100000.0	1197.023776959721	125.21454236102329
Bhathia_01	R407F	283.0	353.0	100000.0	1239.0146079804795	125.21454236102329
Bhathia_01	R407F	283.0	353.0	100000.0	1282.478450585262	125.21260745132227
Bhathia_01	R407F	283.0	353.0	100000.0	1327.4669770814253	125.2102229814098
Bhathia_01	R407F	283.0	353.0	100000.0	1374.0336724079282	125.20774192126518
Bhathia_01	R407F	283.0	353.0	100000.0	1422.2338977212928	125.20516040696994
Bhathia_01	R407F	283.0	353.0	100000.0	1472.124956212121	125.20247450738268
Bhathia_01	R407F	283.0	353.0	100000.0	1523.766161230411	125.19967893935004
Bhathia_01	R407F	283.0	353.0	100000.0	1577.2189068006678	125.19676972691389
Bhathia_01	R407F	283.0	353.0	100000.0	1632.5467406106395	125.19374323507381
Bhathia_01	R407F	283.0	353.0	100000.0	1689.81543956045	125.1905948839574
Bhathia_01	R407F	283.0	353.0	100000.0	1749.093087961948	125.18731988110753
Bhathia_01	R407F	283.0	353.0	100000.0	1810.45015848124	125.18391312980114
Bhathia_01	R407F	283.0	353.0	100000.0	1873.9595959206342	125.18036751704997
Bhathia_01	R407F	283.0	353.0	100000.0	1939.6969039396042	125.1766797987831
Bhathia_01	R407F	283.0	353.0	100000.0	2007.7402348178655	125.17284449677477
Bhathia_01	R407F	283.0	353.0	100000.0	2078.1704823672853	125.16885590724652
Bhathia_01	R407F	283.0	353.0	100000.0	2151.0713781030845	125.16470810970975
Bhathia_01	R407F	283.0	353.0	100000.0	2226.529590788659	125.16062549586566
Bhathia_01	R407F	283.0	353.0	100000.0	2304.63482947238	125.15640285146773
Bhathia_01	R407F	283.0	353.0	100000.0	2385.479950138839	125.15201229904464
Bhathia_01	R407F	283.0	353.0	100000.0	2469.161066101381	125.14744745969666
Bhathia_01	R407F	283.0	353.0	100000.0	2555.7776622671126	125.14270169671124
Bhathia_01	R407F	283.0	353.0	100000.0	2645.43271341026	125.1377679995203
Bhathia_01	R407F	283.0	353.0	100000.0	2738.2328065944866	125.13263656213304
Bhathia_01	R407F	283.0	353.0	100000.0	2834.2882678897013	125.10010541925946
Bhathia_01	R407F	283.0	353.0	100000.0	2933.7132935340187	125.05461819888994
Bhathia_01	R407F	283.0	353.0	100000.0	3036.6260856967806	125.00778673396448
Bhathia_01	R407F	283.0	353.0	100000.0	3143.1489930040857	124.95957788759304
Bhathia_01	R407F	283.0	353.0	100000.0	3253.4086559938396	124.91000795702148
Bhathia_01	R407F	283.0	353.0	100000.0	3367.536157673288	124.85899907968222
Bhathia_01	R407F	283.0	353.0	100000.0	3485.667179358007	124.806496932896
Bhathia_01	R407F	283.0	353.0	100000.0	3607.9421619776303	124.7524611135578
Bhathia_01	R407F	283.0	353.0	100000.0	3734.506473040075	124.69685051112728
Bhathia_01	R407F	283.0	353.0	100000.0	3865.5105794527676	124.63962430056823
Bhathia_01	R407F	283.0	353.0	100000.0	4001.1102264063275	124.58078034827007
Bhathia_01	R407F	283.0	353.0	100000.0	4141.466622533378	124.45663006348407
Bhathia_01	R407F	283.0	353.0	100000.0	4286.746631562607	124.30776848296915
Bhathia_01	R407F	283.0	353.0	100000.0	4437.122970695934	124.15632620602217
Bhathia_01	R407F	283.0	353.0	100000.0	4592.774415944617	124.00171625354113
Bhathia_01	R407F	283.0	353.0	100000.0	4753.8860146684265	123.84381880671725
Bhathia_01	R407F	283.0	353.0	100000.0	4920.649305570547	123.68234044346224
Bhathia_01	R407F	283.0	353.0	100000.0	5093.26254640977	123.51798299359403
Bhathia_01	R407F	283.0	353.0	100000.0	5271.9309497006825	123.34998105728853
Bhathia_01	R407F	283.0	353.0	100000.0	5456.8669266820625	123.17802690267179
Bhathia_01	R407F	283.0	353.0	100000.0	5648.290339843539	123.00188587774247
Bhathia_01	R407F	283.0	353.0	100000.0	5846.4287643107255	122.82158427662428
Bhathia_01	R407F	283.0	353.0	100000.0	6051.517758399548	122.63679417033832
Bhathia_01	R407F	283.0	353.0	100000.0	6263.801143661515	122.44731240442394
Bhathia_01	R407F	283.0	353.0	100000.0	6483.531294752719	122.25306286011845
Bhathia_01	R407F	283.0	353.0	100000.0	6710.9694394713115	122.05405975941346
Bhathia_01	R407F	283.0	353.0	100000.0	6946.385969320071	121.8499714816661
Bhathia_01	R407F	283.0	353.0	100000.0	7190.06076096333	121.64084525692866
Bhathia_01	R407F	283.0	353.0	100000.0	7442.283508960394	121.4271828879585
Bhathia_01	R407F	283.0	353.0	100000.0	7703.354070171016	121.20870419584318
Bhathia_01	R407F	283.0	353.0	100000.0	7973.582820242459	120.98498549468596
Bhathia_01	R407F	283.0	353.0	100000.0	8253.291022601827	120.7558986212367
Bhathia_01	R407F	283.0	353.0	100000.0	8542.811210392447	120.52330339549745
Bhathia_01	R407F	283.0	353.0	100000.0	8842.487581808335	120.28760401185397
Bhathia_01	R407F	283.0	353.0	100000.0	9152.676409296731	120.04712632678851
Bhathia_01	R407F	283.0	353.0	100000.0	9473.746463115214	119.80133247112256
Bhathia_01	R407F	283.0	353.0	100000.0	9806.07944974691	119.55003692045551
Bhathia_01	R407F	283.0	353.0	100000.0	10150.070465695051	119.29379905208233
Bhathia_01	R407F	283.0	353.0	100000.0	10506.128467196331	119.03225505888636
Bhathia_01	R407F	283.0	353.0	100000.0	10874.676756411529	118.76495227937005
Bhathia_01	R407F	283.0	353.0	100000.0	11256.153484671382	118.49158449265926
Bhathia_01	R407F	283.0	353.0	100000.0	11651.012173375993	118.2117008582945
Bhathia_01	R407F	283.0	353.0	100000.0	12059.722253167078	117.92533610784295
Bhathia_01	R407F	283.0	353.0	100000.0	12482.769622014002	117.63292625849961
Bhathia_01	R407F	283.0	353.0	100000.0	12920.657222877158	117.33384239519184
Bhathia_01	R407F	283.0	353.0	100000.0	13373.905641635398	117.02859451710039
Bhathia_01	R407F	283.0	353.0	100000.0	13843.053725988231	116.7173972868026
Bhathia_01	R407F	283.0	353.0	100000.0	14328.65922606916	116.40039887114301
Bhathia_01	R407F	283.0	353.0	100000.0	14831.299457530586	116.07883726822925
Bhathia_01	R407F	283.0	353.0	100000.0	15351.571987890213	115.75129054534139
Bhathia_01	R407F	283.0	353.0	100000.0	15890.095346953078	115.41711670106778
Bhathia_01	R407F	283.0	353.0	100000.0	16447.509762155743	115.07614527841558
Bhathia_01	R407F	283.0	353.0	100000.0	17024.47791970484	114.72811561698171
Bhathia_01	R407F	283.0	353.0	100000.0	17621.68575241697	114.37274553187768
Bhathia_01	R407F	283.0	353.0	100000.0	18239.84325519438	114.01027466813322
Bhathia_01	R407F	283.0	353.0	100000.0	18879.685329108175	113.64010110012813
Bhathia_01	R407F	283.0	353.0	100000.0	19541.972655090256	113.26246729142716
Bhathia_01	R407F	283.0	353.0	100000.0	20227.49259827501	112.87823822673317
Bhathia_01	R407F	283.0	353.0	100000.0	20937.060144063526	112.48756058405505
Bhathia_01	R407F	283.0	353.0	100000.0	21671.518867025392	112.08965829738422
Bhathia_01	R407F	283.0	353.0	100000.0	22431.741933788304	111.68429881769308
Bhathia_01	R407F	283.0	353.0	100000.0	23218.633141108625	111.27155967348972
Bhathia_01	R407F	283.0	353.0	100000.0	24033.127990356785	110.85043175136514
Bhathia_01	R407F	283.0	353.0	100000.0	24876.194799694935	110.42002294738445
Bhathia_01	R407F	283.0	353.0	100000.0	25748.835855269062	109.98140616403968
Bhathia_01	R407F	283.0	353.0	100000.0	26652.088602784228	109.53491217471651
Bhathia_01	R407F	283.0	353.0	100000.0	27587.026880879475	109.0807744573079
Bhathia_01	R407F	283.0	353.0	100000.0	28554.762197768767	108.61801993394303
Bhathia_01	R407F	283.0	353.0	100000.0	29556.445052665636	108.14694381800616
Bhathia_01	R407F	283.0	353.0	100000.0	30593.266303562625	107.66699046052757
Bhathia_01	R407F	283.0	353.0	100000.0	31666.458582991498	107.17807117857039
Bhathia_01	R407F	283.0	353.0	100000.0	32777.29776344747	106.68018903410473
Bhathia_01	R407F	283.0	353.0	100000.0	33927.104474219595	106.17291836462219
Bhathia_01	R407F	283.0	353.0	100000.0	35117.24567143027	105.65725563714086
Bhathia_01	R407F	283.0	353.0	100000.0	36349.13626315173	105.13218854767298
Bhathia_01	R407F	283.0	353.0	100000.0	37624.240791528864	104.59746262817386
Bhathia_01	R407F	283.0	353.0	100000.0	38944.07517391196	104.05399577980367
Bhathia_01	R407F	283.0	353.0	100000.0	40310.20850506498	103.50079308196322
Bhathia_01	R407F	283.0	353.0	100000.0	41724.264922596594	102.9375903028946
Bhathia_01	R407F	283.0	353.0	100000.0	43187.92553782676	102.36477806723188
Bhathia_01	R407F	283.0	353.0	100000.0	44702.93043438957	101.78203692220075
Bhathia_01	R407F	283.0	353.0	100000.0	46271.08073694302	101.18935162620834
Bhathia_01	R407F	283.0	353.0	100000.0	47894.24075245067	100.58591538388069
Bhathia_01	R407F	283.0	353.0	100000.0	49574.34018657513	99.97162356737763
Bhathia_01	R407F	283.0	353.0	100000.0	51313.376437824336	99.34613337534304
Bhathia_01	R407F	283.0	353.0	100000.0	53113.41697217184	98.70983070866106
Bhathia_01	R407F	283.0	353.0	100000.0	54976.60178098003	98.0629186693393
Bhathia_01	R407F	283.0	353.0	100000.0	56905.14592514396	97.40572643299498
Bhathia_01	R407F	283.0	353.0	100000.0	58901.34216848284	96.73766153997894
Bhathia_01	R407F	283.0	353.0	100000.0	60967.5637035091	96.0568828575413
Bhathia_01	R407F	283.0	353.0	100000.0	63106.2669728156	95.36357179987385
Bhathia_01	R407F	283.0	353.0	100000.0	65319.99458943548	94.65876400541924
Bhathia_01	R407F	283.0	353.0	100000.0	67611.3783596462	93.9422136496168
Bhathia_01	R407F	283.0	353.0	100000.0	69983.14241181171	93.21481989612535
Bhathia_01	R407F	283.0	353.0	100000.0	72438.10643498244	92.4743314436227
Bhathia_01	R407F	283.0	353.0	100000.0	74979.18903110319	91.72081557393064
Bhathia_01	R407F	283.0	353.0	100000.0	77609.41118481442	90.95389417297288
Bhathia_01	R407F	283.0	353.0	100000.0	80331.89985497203	90.17476847381718
Bhathia_01	R407F	283.0	353.0	100000.0	83149.89169215517	89.38293939185068
Bhathia_01	R407F	283.0	353.0	100000.0	86066.7368865822	88.57690996160886
Bhathia_01	R407F	283.0	353.0	100000.0	89085.903151008	87.75789266608706
Bhathia_01	R407F	283.0	353.0	100000.0	92210.9798433415	86.9247003744873
Bhathia_01	R407F	283.0	353.0	100000.0	95445.68223387754	86.07606887389984
Bhathia_01	R407F	283.0	353.0	100000.0	98793.85592222596	85.21460721677295
Bhathia_01	R407F	283.0	353.0	100000.0	102259.48140917791	84.33955490435704
Bhathia_01	R407F	283.0	353.0	100000.0	105846.67882895643	83.44911258519997
Bhathia_01	R407F	283.0	353.0	100000.0	109559.71284746489	82.54436083152355
Bhathia_01	R407F	283.0	353.0	100000.0	113402.99773236972	81.62337966902284
Bhathia_01	R407F	283.0	353.0	100000.0	117381.10260103126	80.68616403758259
Bhathia_01	R407F	283.0	353.0	100000.0	121498.75685253605	79.73574812018306
Bhathia_01	R407F	283.0	353.0	100000.0	125760.85579027371	78.76956823538941
Bhathia_01	R407F	283.0	353.0	100000.0	130172.46644175818	77.78741647532286
Bhathia_01	R407F	283.0	353.0	100000.0	134738.83358259665	76.78911941421339
Bhathia_01	R407F	283.0	353.0	100000.0	139465.3859717822	75.77432643121142
Bhathia_01	R407F	283.0	353.0	100000.0	144357.7428057125	74.74265756405433
Bhathia_01	R407F	283.0	353.0	100000.0	149421.7203986127	73.69637271896127
Bhathia_01	R407F	283.0	353.0	100000.0	154663.33909730316	72.63210583159989
Bhathia_01	R407F	283.0	353.0	100000.0	160088.83043853292	71.55092185771488
Bhathia_01	R407F	283.0	353.0	100000.0	165704.6445573877	70.45283357249014
Bhathia_01	R407F	283.0	353.0	100000.0	171517.45785558026	69.33766837693759
Bhathia_01	R407F	283.0	353.0	100000.0	177534.18093873924	68.20689801613406
Bhathia_01	R407F	283.0	353.0	100000.0	183761.96683213356	67.05916576833322
Bhathia_01	R407F	283.0	353.0	100000.0	190208.21948459864	65.89442314076598
Bhathia_01	R407F	283.0	353.0	100000.0	196880.60257077508	64.71132531286207
Bhathia_01	R407F	283.0	353.0	100000.0	203787.04860212465	63.51031007026106
Bhathia_01	R407F	283.0	353.0	100000.0	210935.76835755422	62.292747716919614
Bhathia_01	R407F	283.0	353.0	100000.0	218335.26064486115	61.05928580521186
Bhathia_01	R407F	283.0	353.0	100000.0	225994.32240460056	59.81005169728342
Bhathia_01	R407F	283.0	353.0	100000.0	233922.05916839777	58.54347433572822
Bhathia_01	R407F	283.0	353.0	100000.0	242127.89588411906	57.25981041865167
Bhathia_01	R407F	283.0	353.0	100000.0	250621.58812079762	55.95916881331452
Bhathia_01	R407F	283.0	353.0	100000.0	259413.23366660537	54.64405597303737
Bhathia_01	R407F	283.0	353.0	100000.0	268513.2845336903	53.31327035525573
Bhathia_01	R407F	283.0	353.0	100000.0	277932.5593841194	51.966155766832095
Bhathia_01	R407F	283.0	353.0	100000.0	287682.2563917327	50.602441756648105
Bhathia_01	R407F	283.0	353.0	100000.0	297773.9665551654	49.2233811478789
Bhathia_01	R407F	283.0	353.0	100000.0	308219.6874779006	47.83051603214828
Bhathia_01	R407F	283.0	353.0	100000.0	319031.83763169846	46.42722886853493
Bhathia_01	R407F	283.0	353.0	100000.0	330223.271120397	45.00951680665581
Bhathia_01	R407F	283.0	353.0	100000.0	341807.2929615984	43.57868975197657
Bhathia_01	R407F	283.0	353.0	100000.0	353797.67490444286	42.13399951129144
Bhathia_01	R407F	283.0	353.0	100000.0	366208.67180225096	40.676028252513674
Bhathia_01	R407F	283.0	353.0	100000.0	379055.0385595106	39.20907923762523
Bhathia_01	R407F	283.0	353.0	100000.0	392352.047673353	37.73300454999037
Bhathia_01	R407F	283.0	353.0	100000.0	406115.50739037304	36.246643296392925
Bhathia_01	R407F	283.0	353.0	100000.0	420361.78050037875	34.750938998818874
Bhathia_01	R407F	283.0	353.0	100000.0	435107.80378941365	33.246728602004694
Bhathia_01	R407F	283.0	353.0	100000.0	450371.1081751789	31.735036293992287
Bhathia_01	R407F	283.0	353.0	100000.0	466169.83954879304	30.609833272828343
Bhathia_01	R125	283.0	353.0	100000.0	100.0	31.450480493300855
Bhathia_01	R125	283.0	353.0	100000.0	103.5079362523115	31.450480493300855
Bhathia_01	R125	283.0	353.0	100000.0	107.13892867212581	31.450480493300855
Bhathia_01	R125	283.0	353.0	100000.0	110.89729399135348	31.450480493300855
Bhathia_01	R125	283.0	353.0	100000.0	114.78750037010863	31.450480493300855
Bhathia_01	R125	283.0	353.0	100000.0	118.81417270871387	31.450480493300855
Bhathia_01	R125	283.0	353.0	100000.0	122.98209814604685	31.450480493300855
Bhathia_01	R125	283.0	353.0	100000.0	127.29623175076546	31.450480493300855
Bhathia_01	R125	283.0	353.0	100000.0	131.76170241217702	31.450480493300855
Bhathia_01	R125	283.0	353.0	100000.0	136.3838189377566	31.450480493300855
Bhathia_01	R125	283.0	353.0	100000.0	141.16807636456102	31.450480493300855
Bhathia_01	R125	283.0	353.0	100000.0	146.12016249204424	31.450480493300855
Bhathia_01	R125	283.0	353.0	100000.0	151.24596464403913	31.450480493300855
Bhathia_01	R125	283.0	353.0	100000.0	156.55157666794562	31.450480493300855
Bhathia_01	R125	283.0	353.0	100000.0	162.04330617944572	31.450480493300855
Bhathia_01	R125	283.0	353.0	100000.0	167.72768206135862	31.450480493300855
Bhathia_01	R125	283.0	353.0	100000.0	173.6114622255508	31.450480493300855
Bhathia_01	R125	283.0	353.0	100000.0	179.70164164712898	31.450480493300855
Bhathia_01	R125	283.0	353.0	100000.0	186.00546068046754	31.450480493300855
Bhathia_01	R125	283.0	353.0	100000.0	192.53041366695666	31.450480493300855
Bhathia_01	R125	283.0	353.0	100000.0	199.28425784470534	31.450480493300855
Bhathia_01	R125	283.0	353.0	100000.0	206.27502257078967	31.450480493300855
Bhathia_01	R125	283.0	353.0	100000.0	213.51101886701414	31.450480493300855
Bhathia_01	R125	283.0	353.0	100000.0	221.00084930052978	31.450480493300855
Bhathia_01	R125	283.0	353.0	100000.0	228.7534182110594	31.450480493300855
Bhathia_01	R125	283.0	353.0	100000.0	236.77794229688686	31.450480493300855
Bhathia_01	R125	283.0	353.0	100000.0	245.08396157219659	31.450480493300855
Bhathia_01	R125	283.0	353.0	100000.0	253.68135070878884	31.450480493300855
Bhathia_01	R125	283.0	353.0	100000.0	262.58033077565597	31.450480493300855
Bhathia_01	R125	283.0	353.0	100000.0	271.7914813903746	31.450480493300855
Bhathia_01	R125	283.0	353.0	100000.0	281.32575329676206	31.450480493300855
Bhathia_01	R125	283.0	353.0	100000.0	291.1944813837476	31.450480493300855
Bhathia_01	R125	283.0	353.0	100000.0	301.4093981609385	31.450480493300855
Bhathia_01	R125	283.0	353.0	100000.0	311.9826477069	31.450480493300855
Bhathia_01	R125	283.0	353.0	100000.0	322.92680010673166	31.450480493300855
Bhathia_01	R125	283.0	353.0	100000.0	334.2548663961052	31.450480493300855
Bhathia_01	R125	283.0	353.0	100000.0	345.9803140295299	31.450480493300855
Bhathia_01	R125	283.0	353.0	100000.0	358.11708289123294	31.450480493300855
Bhathia_01	R125	283.0	353.0	100000.0	370.67960186769494	31.450480493300855
Bhathia_01	R125	283.0	353.0	100000.0	383.6828060015357	31.450480493300855
Bhathia_01	R125	283.0	353.0	100000.0	397.1421542471496	31.450480493300855
Bhathia_01	R125	283.0	353.0	100000.0	411.0736478491962	31.450480493300855
Bhathia_01	R125	283.0	353.0	100000.0	425.49384936579753	31.450480493300855
Bhathia_01	R125	283.0	353.0	100000.0	440.41990235905604	31.450480493300855
Bhathia_01	R125	283.0	353.0	100000.0	455.86955177630426	31.450480493300855
Bhathia_01	R125	283.0	353.0	100000.0	471.8611650463152	31.450480493300855
Bhathia_01	R125	283.0	353.0	100000.0	488.41375391555476	31.450480493300855
Bhathia_01	R125	283.0	353.0	100000.0	505.546997050434	31.450480493300855
Bhathia_01	R125	283.0	353.0	100000.0	523.2812634324383	31.450480493300855
Bhathia_01	R125	283.0	353.0	100000.0	541.6376365739385	31.450480493300855
Bhathia_01	R125	283.0	353.0	100000.0	560.6379395834789	31.450480493300855
Bhathia_01	R125	283.0	353.0	100000.0	580.30476111034	31.450480493300855
Bhathia_01	R125	283.0	353.0	100000.0	600.6614821992193	31.450480493300855
Bhathia_01	R125	283.0	353.0	100000.0	621.7323040869574	31.450480493300855
Bhathia_01	R125	283.0	353.0	100000.0	643.5422769743552	31.450480493300855
Bhathia_01	R125	283.0	353.0	100000.0	666.1173298072896	31.450480493300855
Bhathia_01	R125	283.0	353.0	100000.0	689.4843011025289	31.450480493300855
Bhathia_01	R125	283.0	353.0	100000.0	713.670970854901	31.450480493300855
Bhathia_01	R125	283.0	353.0	100000.0	738.7060935637436	31.450480493300855
Bhathia_01	R125	283.0	353.0	100000.0	764.6194324179003	31.450480493300855
Bhathia_01	R125	283.0	353.0	100000.0	791.4417946799063	31.450480493300855
Bhathia_01	R125	283.0	353.0	100000.0	819.2050683114275	31.450480493300855
Bhathia_01	R125	283.0	353.0	100000.0	847.9422598834972	31.450480493300855
Bhathia_01	R125	283.0	353.0	100000.0	877.6875338166207	31.450480493300855
Bhathia_01	R125	283.0	353.0	100000.0	908.4762529973926	31.450480493300855
Bhathia_01	R125	283.0	353.0	100000.0	940.3450208199293	31.450480493300855
Bhathia_01	R125	283.0	353.0	100000.0	973.3317247020778	31.450480493300855
Bhathia_01	R125	283.0	353.0	100000.0	1007.4755811281508	31.450480493300855
Bhathia_01	R125	283.0	353.0	100000.0	1042.817182271731	31.450480493300855
Bhathia_01	R125	283.0	353.0	100000.0	1079.3985442539745	31.450480493300855
Bhathia_01	R125	283.0	353.0	100000.0	1117.2631570947824	31.450480493300855
Bhathia_01	R125	283.0	353.0	100000.0	1156.4560364162314	31.450480493300855
Bhathia_01	R125	283.0	353.0	100000.0	1197.023776959721	31.450480493300855
Bhathia_01	R125	283.0	353.0	100000.0	1239.0146079804795	31.450480493300855
Bhathia_01	R125	283.0	353.0	100000.0	1282.478450585262	31.450480493300855
Bhathia_01	R125	283.0	353.0	100000.0	1327.4669770814253	31.450480493300855
Bhathia_01	R125	283.0	353.0	100000.0	1374.0336724079282	31.450480493300855
Bhathia_01	R125	283.0	353.0	100000.0	1422.2338977212928	31.450480493300855
Bhathia_01	R125	283.0	353.0	100000.0	1472.124956212121	31.450480493300855
Bhathia_01	R125	283.0	353.0	100000.0	1523.766161230411	31.450480493300855
Bhathia_01	R125	283.0	353.0	100000.0	1577.2189068006678	31.450480493300855
Bhathia_01	R125	283.0	353.0	100000.0	1632.5467406106395	31.450480493300855
Bhathia_01	R125	283.0	353.0	100000.0	1689.81543956045	31.450480493300855
Bhathia_01	R125	283.0	353.0	100000.0	1749.093087961948	31.450480493300855
Bhathia_01	R125	283.0	353.0	100000.0	1810.45015848124	31.450480493300855
Bhathia_01	R125	283.0	353.0	100000.0	1873.9595959206342	31.450480493300855
Bhathia_01	R125	283.0	353.0	100000.0	1939.6969039396042	31.450480493300855
Bhathia_01	R125	283.0	353.0	100000.0	2007.7402348178655	31.450480493300855
Bhathia_01	R125	283.0	353.0	100000.0	2078.1704823672853	31.450480493300855
Bhathia_01	R125	283.0	353.0	100000.0	2151.0713781030845	31.450480493300855
Bhathia_01	R125	283.0	353.0	100000.0	2226.529590788659	31.450480493300855
Bhathia_01	R125	283.0	353.0	100000.0	2304.63482947238	31.450480493300855
Bhathia_01	R125	283.0	353.0	100000.0	2385.479950138839	31.450480493300855
Bhathia_01	R125	283.0	353.0	100000.0	2469.161066101381	31.450480493300855
Bhathia_01	R125	283.0	353.0	100000.0	2555.7776622671126	31.450480493300855
Bhathia_01	R125	283.0	353.0	100000.0	2645.43271341026	31.450480493300855
Bhathia_01	R125	283.0	353.0	100000.0	2738.2328065944866	31.450480493300855
Bhathia_01	R125	283.0	353.0	100000.0	2834.2882678897013	31.423283140872964
Bhathia_01	R125	283.0	353.0	100000.0	2933.7132935340187	31.383338455845113
Bhathia_01	R125	283.0	353.0	100000.0	3036.6260856967806	31.34226722380965
Bhathia_01	R125	283.0	353.0	100000.0	3143.1489930040857	31.300040511719068
Bhathia_01	R125	283.0	353.0	100000.0	3253.4086559938396	31.25664938357504
Bhathia_01	R125	283.0	353.0	100000.0	3367.536157673288	31.212062230432007
Bhathia_01	R125	283.0	353.0	100000.0	3485.667179358007	31.166232066435363
Bhathia_01	R125	283.0	353.0	100000.0	3607.9421619776303	31.11912772495896
Bhathia_01	R125	283.0	353.0	100000.0	3734.506473040075	31.07071755097835
Bhathia_01	R125	283.0	353.0	100000.0	3865.5105794527676	31.02097066207122
Bhathia_01	R125	283.0	353.0	100000.0	4001.1102264063275	30.96989858536176
Bhathia_01	R125	283.0	353.0	100000.0	4141.466622533378	30.9174253892424
Bhathia_01	R125	283.0	353.0	100000.0	4286.746631562607	30.863517255453555
Bhathia_01	R125	283.0	353.0	100000.0	4437.122970695934	30.808139786676886
Bhathia_01	R125	283.0	353.0	100000.0	4592.774415944617	30.75125807633332
Bhathia_01	R125	283.0	353.0	100000.0	4753.8860146684265	30.692866117376184
Bhathia_01	R125	283.0	353.0	100000.0	4920.649305570547	30.633121924408336
Bhathia_01	R125	283.0	353.0	100000.0	5093.26254640977	30.57299099821646
Bhathia_01	R125	283.0	353.0	100000.0	5271.9309497006825	30.51173093451605
Bhathia_01	R125	283.0	353.0	100000.0	5456.8669266820625	30.449027850919457
Bhathia_01	R125	283.0	353.0	100000.0	5648.290339843539	30.384759651063845
Bhathia_01	R125	283.0	353.0	100000.0	5846.4287643107255	30.31892467099079
Bhathia_01	R125	283.0	353.0	100000.0	6051.517758399548	30.251351196669276
Bhathia_01	R125	283.0	353.0	100000.0	6263.801143661515	30.182072653546005
Bhathia_01	R125	283.0	353.0	100000.0	6483.531294752719	30.110963402061703
Bhathia_01	R125	283.0	353.0	100000.0	6710.9694394713115	30.038061501479064
Bhathia_01	R125	283.0	353.0	100000.0	6946.385969320071	29.963284875478593
Bhathia_01	R125	283.0	353.0	100000.0	7190.06076096333	29.886628147560227
Bhathia_01	R125	283.0	353.0	100000.0	7442.283508960394	29.80867266199479
Bhathia_01	R125	283.0	353.0	100000.0	7703.354070171016	29.729325181559375
Bhathia_01	R125	283.0	353.0	100000.0	7973.582820242459	29.648225092316274
Bhathia_01	R125	283.0	353.0	100000.0	8253.291022601827	29.56526732155805
Bhathia_01	R125	283.0	353.0	100000.0	8542.811210392447	29.48045740239882
Bhathia_01	R125	283.0	353.0	100000.0	8842.487581808335	29.393590810207108
Bhathia_01	R125	283.0	353.0	100000.0	9152.676409296731	29.304693115545884
Bhathia_01	R125	283.0	353.0	100000.0	9473.746463115214	29.213531142914334
Bhathia_01	R125	283.0	353.0	100000.0	9806.07944974691	29.120246610610412
Bhathia_01	R125	283.0	353.0	100000.0	10150.070465695051	29.025238874865618
Bhathia_01	R125	283.0	353.0	100000.0	10506.128467196331	28.92846970075967
Bhathia_01	R125	283.0	353.0	100000.0	10874.676756411529	28.829695240697127
Bhathia_01	R125	283.0	353.0	100000.0	11256.153484671382	28.728745920384597
Bhathia_01	R125	283.0	353.0	100000.0	11651.012173375993	28.625465505740546
Bhathia_01	R125	283.0	353.0	100000.0	12059.722253167078	28.519820132449734
Bhathia_01	R125	283.0	353.0	100000.0	12482.769622014002	28.412010512634023
Bhathia_01	R125	283.0	353.0	100000.0	12920.657222877158	28.302000716302395
Bhathia_01	R125	283.0	353.0	100000.0	13373.905641635398	28.189896512039095
Bhathia_01	R125	283.0	353.0	100000.0	13843.053725988231	28.075484111401224
Bhathia_01	R125	283.0	353.0	100000.0	14328.65922606916	27.958622873114777
Bhathia_01	R125	283.0	353.0	100000.0	14831.299457530586	27.839353207680663
Bhathia_01	R125	283.0	353.0	100000.0	15351.571987890213	27.71770521612848
Bhathia_01	R125	283.0	353.0	100000.0	15890.095346953078	27.59367048035098
Bhathia_01	R125	283.0	353.0	100000.0	16447.509762155743	27.46735363024763
Bhathia_01	R125	283.0	353.0	100000.0	17024.47791970484	27.338391669087116
Bhathia_01	R125	283.0	353.0	100000.0	17621.68575241697	27.20695212613712
Bhathia_01	R125	283.0	353.0	100000.0	18239.84325519438	27.0730569390944
Bhathia_01	R125	283.0	353.0	100000.0	18879.685329108175	26.936411410671898
Bhathia_01	R125	283.0	353.0	100000.0	19541.972655090256	26.79730287483408
Bhathia_01	R125	283.0	353.0	100000.0	20227.49259827501	26.655690448935616
Bhathia_01	R125	283.0	353.0	100000.0	20937.060144063526	26.51116100772166
Bhathia_01	R125	283.0	353.0	100000.0	21671.518867025392	26.364097942962204
Bhathia_01	R125	283.0	353.0	100000.0	22431.741933788304	26.214296317738558
Bhathia_01	R125	283.0	353.0	100000.0	23218.633141108625	26.061909471477318
Bhathia_01	R125	283.0	353.0	100000.0	24033.127990356785	25.90682426496081
Bhathia_01	R125	283.0	353.0	100000.0	24876.194799694935	25.748661018203368
Bhathia_01	R125	283.0	353.0	100000.0	25748.835855269062	25.58742254774647
Bhathia_01	R125	283.0	353.0	100000.0	26652.088602784228	25.423489877326
Bhathia_01	R125	283.0	353.0	100000.0	27587.026880879475	25.25688319105129
Bhathia_01	R125	283.0	353.0	100000.0	28554.762197768767	25.087230717667044
Bhathia_01	R125	283.0	353.0	100000.0	29556.445052665636	24.91478961282652
Bhathia_01	R125	283.0	353.0	100000.0	30593.266303562625	24.739478975042736
Bhathia_01	R125	283.0	353.0	100000.0	31666.458582991498	24.561038298777344
Bhathia_01	R125	283.0	353.0	100000.0	32777.29776344747	24.379564086481135
Bhathia_01	R125	283.0	353.0	100000.0	33927.104474219595	24.195142346609412
Bhathia_01	R125	283.0	353.0	100000.0	35117.24567143027	24.007992673866433
Bhathia_01	R125	283.0	353.0	100000.0	36349.13626315173	23.817276563077442
Bhathia_01	R125	283.0	353.0	100000.0	37624.240791528864	23.62322684084379
Bhathia_01	R125	283.0	353.0	100000.0	38944.07517391196	23.426913562862058
Bhathia_01	R125	283.0	353.0	100000.0	40310.20850506498	23.227106135502552
Bhathia_01	R125	283.0	353.0	100000.0	41724.264922596594	23.023890606238346
Bhathia_01	R125	283.0	353.0	100000.0	43187.92553782676	22.817994823972185
Bhathia_01	R125	283.0	353.0	100000.0	44702.93043438957	22.608117844267348
Bhathia_01	R125	283.0	353.0	100000.0	46271.08073694302	22.395412717621095
Bhathia_01	R125	283.0	353.0	100000.0	47894.24075245067	22.17953829899468
Bhathia_01	R125	283.0	353.0	100000.0	49574.34018657513	21.960328353208553
Bhathia_01	R125	283.0	353.0	100000.0	51313.376437824336	21.737732548602835
Bhathia_01	R125	283.0	353.0	100000.0	53113.41697217184	21.511595313516494
Bhathia_01	R125	283.0	353.0	100000.0	54976.60178098003	21.282474269217133
Bhathia_01	R125	283.0	353.0	100000.0	56905.14592514396	21.0497911479892
Bhathia_01	R125	283.0	353.0	100000.0	58901.34216848284	20.813904689326513
Bhathia_01	R125	283.0	353.0	100000.0	60967.5637035091	20.574175141166087
Bhathia_01	R125	283.0	353.0	100000.0	63106.2669728156	20.33089100309236
Bhathia_01	R125	283.0	353.0	100000.0	65319.99458943548	20.084005120519052
Bhathia_01	R125	283.0	353.0	100000.0	67611.3783596462	19.83386019454501
Bhathia_01	R125	283.0	353.0	100000.0	69983.14241181171	19.580511857590896
Bhathia_01	R125	283.0	353.0	100000.0	72438.10643498244	19.323627378159603
Bhathia_01	R125	283.0	353.0	100000.0	74979.18903110319	19.062785010325843
Bhathia_01	R125	283.0	353.0	100000.0	77609.41118481442	18.7982268330979
Bhathia_01	R125	283.0	353.0	100000.0	80331.89985497203	18.529768427725173
Bhathia_01	R125	283.0	353.0	100000.0	83149.89169215517	18.257847017376218
Bhathia_01	R125	283.0	353.0	100000.0	86066.7368865822	17.982256951073555
Bhathia_01	R125	283.0	353.0	100000.0	89085.903151008	17.702899168808436
Bhathia_01	R125	283.0	353.0	100000.0	92210.9798433415	17.41978996712205
Bhathia_01	R125	283.0	353.0	100000.0	95445.68223387754	17.132786719353543
Bhathia_01	R125	283.0	353.0	100000.0	98793.85592222596	16.841890898465717
Bhathia_01	R125	283.0	353.0	100000.0	102259.48140917791	16.547700220539234
Bhathia_01	R125	283.0	353.0	100000.0	105846.67882895643	16.249165910624466
Bhathia_01	R125	283.0	353.0	100000.0	109559.71284746489	15.946531990605544
Bhathia_01	R125	283.0	353.0	100000.0	113402.99773236972	15.639809215088903
Bhathia_01	R125	283.0	353.0	100000.0	117381.10260103126	15.329082777467415
Bhathia_01	R125	283.0	353.0	100000.0	121498.75685253605	15.014992675731246
Bhathia_01	R125	283.0	353.0	100000.0	125760.85579027371	14.697203247211288
Bhathia_01	R125	283.0	353.0	100000.0	130172.46644175818	14.375367266049512
Bhathia_01	R125	283.0	353.0	100000.0	134738.83358259665	14.049341012514741
Bhathia_01	R125	283.0	353.0	100000.0	139465.3859717822	13.719248303428657
Bhathia_01	R125	283.0	353.0	100000.0	144357.7428057125	13.384895448670068
Bhathia_01	R125	283.0	353.0	100000.0	149421.7203986127	13.0470682900559
Bhathia_01	R125	283.0	353.0	100000.0	154663.33909730316	12.705179395687761
Bhathia_01	R125	283.0	353.0	100000.0	160088.83043853292	12.359357369523536
Bhathia_01	R125	283.0	353.0	100000.0	165704.6445573877	12.00972832115146
Bhathia_01	R125	283.0	353.0	100000.0	171517.45785558026	11.656300525303221
Bhathia_01	R125	283.0	353.0	100000.0	177534.18093873924	11.29967750752296
Bhathia_01	R125	283.0	353.0	100000.0	183761.96683213356	10.939451506038926
Bhathia_01	R125	283.0	353.0	100000.0	190208.21948459864	10.57521916202769
Bhathia_01	R125	283.0	353.0	100000.0	196880.60257077508	10.207010273407876
Bhathia_01	R125	283.0	353.0	100000.0	203787.04860212465	9.834898187111532
Bhathia_01	R125	283.0	353.0	100000.0	210935.76835755422	9.459472235730122
Bhathia_01	R125	283.0	353.0	100000.0	218335.26064486115	9.08179365108053
Bhathia_01	R125	283.0	353.0	100000.0	225994.32240460056	8.700977699037818
Bhathia_01	R125	283.0	353.0	100000.0	233922.05916839777	8.316991249245083
Bhathia_01	R125	283.0	353.0	100000.0	242127.89588411906	7.9297938570884305
Bhathia_01	R125	283.0	353.0	100000.0	250621.58812079762	7.539434283056845
Bhathia_01	R125	283.0	353.0	100000.0	259413.23366660537	7.146956547037664
Bhathia_01	R125	283.0	353.0	100000.0	268513.2845336903	6.751820592731036
Bhathia_01	R125	283.0	353.0	100000.0	277932.5593841194	6.3540601169485775
Bhathia_01	R125	283.0	353.0	100000.0	287682.2563917327	5.95419982531668
Bhathia_01	R125	283.0	353.0	100000.0	297773.9665551654	5.552452965543314
Bhathia_01	R125	283.0	353.0	100000.0	308219.6874779006	5.149205275084821
Bhathia_01	R125	283.0	353.0	100000.0	319031.83763169846	4.745563984028051
Bhathia_01	R125	283.0	353.0	100000.0	330223.271120397	4.340336248213128
Bhathia_01	R125	283.0	353.0	100000.0	341807.2929615984	3.933631740039027
Bhathia_01	R125	283.0	353.0	100000.0	353797.67490444286	3.5255447466485226
Bhathia_01	R125	283.0	353.0	100000.0	366208.67180225096	3.116209914708985
Bhathia_01	R125	283.0	353.0	100000.0	379055.0385595106	2.707404159122905
Bhathia_01	R125	283.0	353.0	100000.0	392352.047673353	2.2994594319600545
Bhathia_01	R125	283.0	353.0	100000.0	406115.50739037304	1.8918842889921479
Bhathia_01	R125	283.0	353.0	100000.0	420361.78050037875	1.484816973524069
Bhathia_01	R125	283.0	353.0	100000.0	435107.80378941365	1.078379027409218
Bhathia_01	R125	283.0	353.0	100000.0	450371.1081751789	0.6729998926061498
Bhathia_01	R125	283.0	353.0	100000.0	466169.83954879304	0.2703072930627105
Bhathia_01	R134a	283.0	353.0	100000.0	100.0	81.36424385998224
Bhathia_01	R134a	283.0	353.0	100000.0	103.5079362523115	81.36424385998224
Bhathia_01	R134a	283.0	353.0	100000.0	107.13892867212581	81.36424385998224
Bhathia_01	R134a	283.0	353.0	100000.0	110.89729399135348	81.36424385998224
Bhathia_01	R134a	283.0	353.0	100000.0	114.78750037010863	81.36424385998224
Bhathia_01	R134a	283.0	353.0	100000.0	118.81417270871387	81.36424385998224
Bhathia_01	R134a	283.0	353.0	100000.0	122.98209814604685	81.36424385998224
Bhathia_01	R134a	283.0	353.0	100000.0	127.29623175076546	81.36424385998224
Bhathia_01	R134a	283.0	353.0	100000.0	131.76170241217702	81.36424385998224
Bhathia_01	R134a	283.0	353.0	100000.0	136.3838189377566	81.36424385998224
Bhathia_01	R134a	283.0	353.0	100000.0	141.16807636456102	81.36424385998224
Bhathia_01	R134a	283.0	353.0	100000.0	146.12016249204424	81.36424385998224
Bhathia_01	R134a	283.0	353.0	100000.0	151.24596464403913	81.36424385998224
Bhathia_01	R134a	283.0	353.0	100000.0	156.55157666794562	81.36424385998224
Bhathia_01	R134a	283.0	353.0	100000.0	162.04330617944572	81.36424385998224
Bhathia_01	R134a	283.0	353.0	100000.0	167.72768206135862	81.36424385998224
Bhathia_01	R134a	283.0	353.0	100000.0	173.6114622255508	81.36424385998224
Bhathia_01	R134a	283.0	353.0	100000.0	179.70164164712898	81.36424385998224
Bhathia_01	R134a	283.0	353.0	100000.0	186.00546068046754	81.36424385998224
Bhathia_01	R134a	283.0	353.0	100000.0	192.53041366695666	81.36424385998224
Bhathia_01	R134a	283.0	353.0	100000.0	199.28425784470534	81.36424385998224
Bhathia_01	R134a	283.0	353.0	100000.0	206.27502257078967	81.36424385998224
Bhathia_01	R134a	283.0	353.0	100000.0	213.51101886701414	81.36424385998224
Bhathia_01	R134a	283.0	353.0	100000.0	221.00084930052978	81.36424385998224
Bhathia_01	R134a	283.0	353.0	100000.0	228.7534182110594	81.36424385998224
Bhathia_01	R134a	283.0	353.0	100000.0	236.77794229688686	81.36424385998224
Bhathia_01	R134a	283.0	353.0	100000.0	245.08396157219659	81.36424385998224
Bhathia_01	R134a	283.0	353.0	100000.0	253.68135070878884	81.36424385998224
Bhathia_01	R134a	283.0	353.0	100000.0	262.58033077565597	81.36424385998224
Bhathia_01	R134a	283.0	353.0	100000.0	271.7914813903746	81.36424385998224
Bhathia_01	R134a	283.0	353.0	100000.0	281.32575329676206	81.36424385998224
Bhathia_01	R134a	283.0	353.0	100000.0	291.1944813837476	81.36424385998224
Bhathia_01	R134a	283.0	353.0	100000.0	301.4093981609385	81.36424385998224
Bhathia_01	R134a	283.0	353.0	100000.0	311.9826477069	81.36424385998224
Bhathia_01	R134a	283.0	353.0	100000.0	322.92680010673166	81.36424385998224
Bhathia_01	R134a	283.0	353.0	100000.0	334.2548663961052	81.36424385998224
Bhathia_01	R134a	283.0	353.0	100000.0	345.9803140295299	81.36424385998224
Bhathia_01	R134a	283.0	353.0	100000.0	358.11708289123294	81.36424385998224
Bhathia_01	R134a	283.0	353.0	100000.0	370.67960186769494	81.36424385998224
Bhathia_01	R134a	283.0	353.0	100000.0	383.6828060015357	81.36424385998224
Bhathia_01	R134a	283.0	353.0	100000.0	397.1421542471496	81.36424385998224
Bhathia_01	R134a	283.0	353.0	100000.0	411.0736478491962	81.36424385998224
Bhathia_01	R134a	283.0	353.0	100000.0	425.49384936579753	81.36424385998224
Bhathia_01	R134a	283.0	353.0	100000.0	440.41990235905604	81.36424385998224
Bhathia_01	R134a	283.0	353.0	100000.0	455.86955177630426	81.36424385998224
Bhathia_01	R134a	283.0	353.0	100000.0	471.8611650463152	81.36424385998224
Bhathia_01	R134a	283.0	353.0	100000.0	488.41375391555476	81.36424385998224
Bhathia_01	R134a	283.0	353.0	100000.0	505.546997050434	81.36424385998224
Bhathia_01	R134a	283.0	353.0	100000.0	523.2812634324383	81.36424385998224
Bhathia_01	R134a	283.0	353.0	100000.0	541.6376365739385	81.36424385998224
Bhathia_01	R134a	283.0	353.0	100000.0	560.6379395834789	81.36424385998224
Bhathia_01	R134a	283.0	353.0	100000.0	580.30476111034	81.36424385998224
Bhathia_01	R134a	283.0	353.0	100000.0	600.6614821992193	81.36424385998224
Bhathia_01	R134a	283.0	353.0	100000.0	621.7323040869574	81.36424385998224
Bhathia_01	R134a	283.0	353.0	100000.0	643.5422769743552	81.36424385998224
Bhathia_01	R134a	283.0	353.0	100000.0	666.1173298072896	81.36424385998224
Bhathia_01	R134a	283.0	353.0	100000.0	689.4843011025289	81.36424385998224
Bhathia_01	R134a	283.0	353.0	100000.0	713.670970854901	81.36424385998224
Bhathia_01	R134a	283.0	353.0	100000.0	738.7060935637436	81.36424385998224
Bhathia_01	R134a	283.0	353.0	100000.0	764.6194324179003	81.36424385998224
Bhathia_01	R134a	283.0	353.0	100000.0	791.4417946799063	81.36424385998224
Bhathia_01	R134a	283.0	353.0	100000.0	819.2050683114275	81.36424385998224
Bhathia_01	R134a	283.0	353.0	100000.0	847.9422598834972	81.36424385998224
Bhathia_01	R134a	283.0	353.0	100000.0	877.6875338166207	81.36424385998224
Bhathia_01	R134a	283.0	353.0	100000.0	908.4762529973926	81.36424385998224
Bhathia_01	R134a	283.0	353.0	100000.0	940.3450208199293	81.36424385998224
Bhathia_01	R134a	283.0	353.0	100000.0	973.3317247020778	81.36424385998224
Bhathia_01	R134a	283.0	353.0	100000.0	1007.4755811281508	81.36424385998224
Bhathia_01	R134a	283.0	353.0	100000.0	1042.817182271731	81.36424385998224
Bhathia_01	R134a	283.0	353.0	100000.0	1079.3985442539745	81.36424385998224
Bhathia_01	R134a	283.0	353.0	100000.0	1117.2631570947824	81.36424385998224
Bhathia_01	R134a	283.0	353.0	100000.0	1156.4560364162314	81.36424385998224
Bhathia_01	R134a	283.0	353.0	100000.0	1197.023776959721	81.36424385998224
Bhathia_01	R134a	283.0	353.0	100000.0	1239.0146079804795	81.36424385998224
Bhathia_01	R134a	283.0	353.0	100000.0	1282.478450585262	81.36424385998224
Bhathia_01	R134a	283.0	353.0	100000.0	1327.4669770814253	81.36424385998224
Bhathia_01	R134a	283.0	353.0	100000.0	1374.0336724079282	81.36424385998224
Bhathia_01	R134a	283.0	353.0	100000.0	1422.2338977212928	81.36424385998224
Bhathia_01	R134a	283.0	353.0	100000.0	1472.124956212121	81.36424385998224
Bhathia_01	R134a	283.0	353.0	100000.0	1523.766161230411	81.36424385998224
Bhathia_01	R134a	283.0	353.0	100000.0	1577.2189068006678	81.36424385998224
Bhathia_01	R134a	283.0	353.0	100000.0	1632.5467406106395	81.36424385998224
Bhathia_01	R134a	283.0	353.0	100000.0	1689.81543956045	81.36424385998224
Bhathia_01	R134a	283.0	353.0	100000.0	1749.093087961948	81.36424385998224
Bhathia_01	R134a	283.0	353.0	100000.0	1810.45015848124	81.36424385998224
Bhathia_01	R134a	283.0	353.0	100000.0	1873.9595959206342	81.36424385998224
Bhathia_01	R134a	283.0	353.0	100000.0	1939.6969039396042	81.36424385998224
Bhathia_01	R134a	283.0	353.0	100000.0	2007.7402348178655	81.36424385998224
Bhathia_01	R134a	283.0	353.0	100000.0	2078.1704823672853	81.36424385998224
Bhathia_01	R134a	283.0	353.0	100000.0	2151.0713781030845	81.36424385998224
Bhathia_01	R134a	283.0	353.0	100000.0	2226.529590788659	81.36424385998224
Bhathia_01	R134a	283.0	353.0	100000.0	2304.63482947238	81.36424385998224
Bhathia_01	R134a	283.0	353.0	100000.0	2385.479950138839	81.36424385998224
Bhathia_01	R134a	283.0	353.0	100000.0	2469.161066101381	81.36424385998224
Bhathia_01	R134a	283.0	353.0	100000.0	2555.7776622671126	81.36424385998224
Bhathia_01	R134a	283.0	353.0	100000.0	2645.43271341026	81.36424385998224
Bhathia_01	R134a	283.0	353.0	100000.0	2738.2328065944866	81.36424385998224
Bhathia_01	R134a	283.0	353.0	100000.0	2834.2882678897013	81.36424385998224
Bhathia_01	R134a	283.0	353.0	100000.0	2933.7132935340187	81.36424385998224
Bhathia_01	R134a	283.0	353.0	100000.0	3036.6260856967806	81.36424385998224
Bhathia_01	R134a	283.0	353.0	100000.0	3143.1489930040857	81.36424385998224
Bhathia_01	R134a	283.0	353.0	100000.0	3253.4086559938396	81.36424385998224
Bhathia_01	R134a	283.0	353.0	100000.0	3367.536157673288	81.36424385998224
Bhathia_01	R134a	283.0	353.0	100000.0	3485.667179358007	81.36424385998224
Bhathia_01	R134a	283.0	353.0	100000.0	3607.9421619776303	81.36424385998224
Bhathia_01	R134a	283.0	353.0	100000.0	3734.506473040075	81.36424385998224
Bhathia_01	R134a	283.0	353.0	100000.0	3865.5105794527676	81.36424385998224
Bhathia_01	R134a	283.0	353.0	100000.0	4001.1102264063275	81.36424385998224
Bhathia_01	R134a	283.0	353.0	100000.0	4141.466622533378	81.3006380754684
Bhathia_01	R134a	283.0	353.0	100000.0	4286.746631562607	81.21405826088386
Bhathia_01	R134a	283.0	353.0	100000.0	4437.122970695934	81.12668080072348
Bhathia_01	R134a	283.0	353.0	100000.0	4592.774415944617	81.03797202883244
Bhathia_01	R134a	283.0	353.0	100000.0	4753.8860146684265	80.94783199955174
Bhathia_01	R134a	283.0	353.0	100000.0	4920.649305570547	80.85582128096082
Bhathia_01	R134a	283.0	353.0	100000.0	5093.26254640977	80.7616867601499
Bhathia_01	R134a	283.0	353.0	100000.0	5271.9309497006825	80.66541896344555
Bhathia_01	R134a	283.0	353.0	100000.0	5456.8669266820625	80.5670350770429
Bhathia_01	R134a	283.0	353.0	100000.0	5648.290339843539	80.46642689750801
Bhathia_01	R134a	283.0	353.0	100000.0	5846.4287643107255	80.3636507566477
Bhathia_01	R134a	283.0	353.0	100000.0	6051.517758399548	80.25856069238786
Bhathia_01	R134a	283.0	353.0	100000.0	6263.801143661515	80.15093484132173
Bhathia_01	R134a	283.0	353.0	100000.0	6483.531294752719	80.04083785562234
Bhathia_01	R134a	283.0	353.0	100000.0	6710.9694394713115	79.92826141966034
Bhathia_01	R134a	283.0	353.0	100000.0	6946.385969320071	79.81297366958697
Bhathia_01	R134a	283.0	353.0	100000.0	7190.06076096333	79.69504352651606
Bhathia_01	R134a	283.0	353.0	100000.0	7442.283508960394	79.57440634171766
Bhathia_01	R134a	283.0	353.0	100000.0	7703.354070171016	79.4508923084592
Bhathia_01	R134a	283.0	353.0	100000.0	7973.582820242459	79.32445594248993
Bhathia_01	R134a	283.0	353.0	100000.0	8253.291022601827	79.19509209797954
Bhathia_01	R134a	283.0	353.0	100000.0	8542.811210392447	79.06467564725858
Bhathia_01	R134a	283.0	353.0	100000.0	8842.487581808335	78.93269250431727
Bhathia_01	R134a	283.0	353.0	100000.0	9152.676409296731	78.79854147548288
Bhathia_01	R134a	283.0	353.0	100000.0	9473.746463115214	78.66195681320411
Bhathia_01	R134a	283.0	353.0	100000.0	9806.07944974691	78.52263017556491
Bhathia_01	R134a	283.0	353.0	100000.0	10150.070465695051	78.38060029911894
Bhathia_01	R134a	283.0	353.0	100000.0	10506.128467196331	78.23569072900396
Bhathia_01	R134a	283.0	353.0	100000.0	10874.676756411529	78.08771314409718
Bhathia_01	R134a	283.0	353.0	100000.0	11256.153484671382	77.93655637948234
Bhathia_01	R134a	283.0	353.0	100000.0	11651.012173375993	77.78190600462113
Bhathia_01	R134a	283.0	353.0	100000.0	12059.722253167078	77.62388882258116
Bhathia_01	R134a	283.0	353.0	100000.0	12482.769622014002	77.4627623825022
Bhathia_01	R134a	283.0	353.0	100000.0	12920.657222877158	77.29795522273531
Bhathia_01	R134a	283.0	353.0	100000.0	13373.905641635398	77.12986867422254
Bhathia_01	R134a	283.0	353.0	100000.0	13843.053725988231	76.95897595431984
Bhathia_01	R134a	283.0	353.0	100000.0	14328.65922606916	76.78559110642576
Bhathia_01	R134a	283.0	353.0	100000.0	14831.299457530586	76.60932447891703
Bhathia_01	R134a	283.0	353.0	100000.0	15351.571987890213	76.42996846111208
Bhathia_01	R134a	283.0	353.0	100000.0	15890.095346953078	76.24724208749119
Bhathia_01	R134a	283.0	353.0	100000.0	16447.509762155743	76.06072172111011
Bhathia_01	R134a	283.0	353.0	100000.0	17024.47791970484	75.87062438488461
Bhathia_01	R134a	283.0	353.0	100000.0	17621.68575241697	75.67659004406022
Bhathia_01	R134a	283.0	353.0	100000.0	18239.84325519438	75.4788196932625
Bhathia_01	R134a	283.0	353.0	100000.0	18879.685329108175	75.27703824595399
Bhathia_01	R134a	283.0	353.0	100000.0	19541.972655090256	75.07125995384295
Bhathia_01	R134a	283.0	353.0	100000.0	20227.49259827501	74.8621837786957
Bhathia_01	R134a	283.0	353.0	100000.0	20937.060144063526	74.64947338371564
Bhathia_01	R134a	283.0	353.0	100000.0	21671.518867025392	74.43310840078419
Bhathia_01	R134a	283.0	353.0	100000.0	22431.741933788304	74.21295108678603
Bhathia_01	R134a	283.0	353.0	100000.0	23218.633141108625	73.9888857107555
Bhathia_01	R134a	283.0	353.0	100000.0	24033.127990356785	73.7602360036898
Bhathia_01	R134a	283.0	353.0	100000.0	24876.194799694935	73.52647732935837
Bhathia_01	R134a	283.0	353.0	100000.0	25748.835855269062	73.28869414986039
Bhathia_01	R134a	283.0	353.0	100000.0	26652.088602784228	73.046867982617
Bhathia_01	R134a	283.0	353.0	100000.0	27587.026880879475	72.80124237172875
Bhathia_01	R134a	283.0	353.0	100000.0	28554.762197768767	72.55105871108299
Bhathia_01	R134a	283.0	353.0	100000.0	29556.445052665636	72.29636280365376
Bhathia_01	R134a	283.0	353.0	100000.0	30593.266303562625	72.03691546071198
Bhathia_01	R134a	283.0	353.0	100000.0	31666.458582991498	71.7728371172135
Bhathia_01	R134a	283.0	353.0	100000.0	32777.29776344747	71.50409984766468
Bhathia_01	R134a	283.0	353.0	100000.0	33927.104474219595	71.23026928088892
Bhathia_01	R134a	283.0	353.0	100000.0	35117.24567143027	70.9516593381688
Bhathia_01	R134a	283.0	353.0	100000.0	36349.13626315173	70.66855075668077
Bhathia_01	R134a	283.0	353.0	100000.0	37624.240791528864	70.38049940436414
Bhathia_01	R134a	283.0	353.0	100000.0	38944.07517391196	70.08729302194303
Bhathia_01	R134a	283.0	353.0	100000.0	40310.20850506498	69.78921393916087
Bhathia_01	R134a	283.0	353.0	100000.0	41724.264922596594	69.48580631670465
Bhathia_01	R134a	283.0	353.0	100000.0	43187.92553782676	69.17694874505415
Bhathia_01	R134a	283.0	353.0	100000.0	44702.93043438957	68.86358405965804
Bhathia_01	R134a	283.0	353.0	100000.0	46271.08073694302	68.54467184506476
Bhathia_01	R134a	283.0	353.0	100000.0	47894.24075245067	68.21975135458943
Bhathia_01	R134a	283.0	353.0	100000.0	49574.34018657513	67.88887053145211
Bhathia_01	R134a	283.0	353.0	100000.0	51313.376437824336	67.5517191135607
Bhathia_01	R134a	283.0	353.0	100000.0	53113.41697217184	67.2089953258814
Bhathia_01	R134a	283.0	353.0	100000.0	54976.60178098003	66.86036471332153
Bhathia_01	R134a	283.0	353.0	100000.0	56905.14592514396	66.50660485031781
Bhathia_01	R134a	283.0	353.0	100000.0	58901.34216848284	66.14688475100922
Bhathia_01	R134a	283.0	353.0	100000.0	60967.5637035091	65.78013665579518
Bhathia_01	R134a	283.0	353.0	100000.0	63106.2669728156	65.40616856184687
Bhathia_01	R134a	283.0	353.0	100000.0	65319.99458943548	65.02622766519521
Bhathia_01	R134a	283.0	353.0	100000.0	67611.3783596462	64.63972874402508
Bhathia_01	R134a	283.0	353.0	100000.0	69983.14241181171	64.24745510839543
Bhathia_01	R134a	283.0	353.0	100000.0	72438.10643498244	63.84772034351212
Bhathia_01	R134a	283.0	353.0	100000.0	74979.18903110319	63.44095858818123
Bhathia_01	R134a	283.0	353.0	100000.0	77609.41118481442	63.02661486504107
Bhathia_01	R134a	283.0	353.0	100000.0	80331.89985497203	62.60619295569345
Bhathia_01	R134a	283.0	353.0	100000.0	83149.89169215517	62.17861034781359
Bhathia_01	R134a	283.0	353.0	100000.0	86066.7368865822	61.742810893418564
Bhathia_01	R134a	283.0	353.0	100000.0	89085.903151008	61.300129854294994
Bhathia_01	R134a	283.0	353.0	100000.0	92210.9798433415	60.84946085870204
Bhathia_01	R134a	283.0	353.0	100000.0	95445.68223387754	60.38981537003199
Bhathia_01	R134a	283.0	353.0	100000.0	98793.85592222596	59.92370597381633
Bhathia_01	R134a	283.0	353.0	100000.0	102259.48140917791	59.44990308121746
Bhathia_01	R134a	283.0	353.0	100000.0	105846.67882895643	58.96779256652888
Bhathia_01	R134a	283.0	353.0	100000.0	109559.71284746489	58.47824043925989
Bhathia_01	R134a	283.0	353.0	100000.0	113402.99773236972	57.97944504557995
Bhathia_01	R134a	283.0	353.0	100000.0	117381.10260103126	57.47128883298563
Bhathia_01	R134a	283.0	353.0	100000.0	121498.75685253605	56.95625302093584
Bhathia_01	R134a	283.0	353.0	100000.0	125760.85579027371	56.43218835327549
Bhathia_01	R134a	283.0	353.0	100000.0	130172.46644175818	55.89937317085009
Bhathia_01	R134a	283.0	353.0	100000.0	134738.83358259665	55.357845439389706
Bhathia_01	R134a	283.0	353.0	100000.0	139465.3859717822	54.80722384221125
Bhathia_01	R134a	283.0	353.0	100000.0	144357.7428057125	54.247389971058276
Bhathia_01	R134a	283.0	353.0	100000.0	149421.7203986127	53.67986651943266
Bhathia_01	R134a	283.0	353.0	100000.0	154663.33909730316	53.10208224062469
Bhathia_01	R134a	283.0	353.0	100000.0	160088.83043853292	52.515002989830485
Bhathia_01	R134a	283.0	353.0	100000.0	165704.6445573877	51.918658829714225
Bhathia_01	R134a	283.0	353.0	100000.0	171517.45785558026	51.31299044998472
Bhathia_01	R134a	283.0	353.0	100000.0	177534.18093873924	50.69884618034939
Bhathia_01	R134a	283.0	353.0	100000.0	183761.96683213356	50.07545820773844
Bhathia_01	R134a	283.0	353.0	100000.0	190208.21948459864	49.443318084678126
Bhathia_01	R134a	283.0	353.0	100000.0	196880.60257077508	48.80113668247041
Bhathia_01	R134a	283.0	353.0	100000.0	203787.04860212465	48.1493240189068
Bhathia_01	R134a	283.0	353.0	100000.0	210935.76835755422	47.48866599184357
Bhathia_01	R134a	283.0	353.0	100000.0	218335.26064486115	46.81871538172695
Bhathia_01	R134a	283.0	353.0	100000.0	225994.32240460056	46.14071531708814
Bhathia_01	R134a	283.0	353.0	100000.0	233922.05916839777	45.453242977400215
Bhathia_01	R134a	283.0	353.0	100000.0	242127.89588411906	44.756743883268044
Bhathia_01	R134a	283.0	353.0	100000.0	250621.58812079762	44.05137442214722
Bhathia_01	R134a	283.0	353.0	100000.0	259413.23366660537	43.33849640490486
Bhathia_01	R134a	283.0	353.0	100000.0	268513.2845336903	42.61753788923467
Bhathia_01	R134a	283.0	353.0	100000.0	277932.5593841194	41.88792619836941
Bhathia_01	R134a	283.0	353.0	100000.0	287682.2563917327	41.14892765416027
Bhathia_01	R134a	283.0	353.0	100000.0	297773.9665551654	40.40160700421769
Bhathia_01	R134a	283.0	353.0	100000.0	308219.6874779006	39.647091714672136
Bhathia_01	R134a	283.0	353.0	100000.0	319031.83763169846	38.88748390690103
Bhathia_01	R134a	283.0	353.0	100000.0	330223.271120397	38.12029438600573
Bhathia_01	R134a	283.0	353.0	100000.0	341807.2929615984	37.34696361147837
Bhathia_01	R134a	283.0	353.0	100000.0	353797.67490444286	36.56670845079797
Bhathia_01	R134a	283.0	353.0	100000.0	366208.67180225096	35.779891073630864
Bhathia_01	R134a	283.0	353.0	100000.0	379055.0385595106	34.98843400307928
Bhathia_01	R134a	283.0	353.0	100000.0	392352.047673353	34.19192816171569
Bhathia_01	R134a	283.0	353.0	100000.0	406115.50739037304	33.38990466476551
Bhathia_01	R134a	283.0	353.0	100000.0	420361.78050037875	32.58326100535308
Bhathia_01	R134a	283.0	353.0	100000.0	435107.80378941365	31.77270894432537
Bhathia_01	R134a	283.0	353.0	100000.0	450371.1081751789	30.958984961389795
Bhathia_01	R134a	283.0	353.0	100000.0	466169.83954879304	30.144959301417657
Bhathia_01	R32	283.0	353.0	100000.0	100.0	12.3998180077402
Bhathia_01	R32	283.0	353.0	100000.0	103.5079362523115	12.3998180077402
Bhathia_01	R32	283.0	353.0	100000.0	107.13892867212581	12.3998180077402
Bhathia_01	R32	283.0	353.0	100000.0	110.89729399135348	12.3998180077402
Bhathia_01	R32	283.0	353.0	100000.0	114.78750037010863	12.3998180077402
Bhathia_01	R32	283.0	353.0	100000.0	118.81417270871387	12.3998180077402
Bhathia_01	R32	283.0	353.0	100000.0	122.98209814604685	12.3998180077402
Bhathia_01	R32	283.0	353.0	100000.0	127.29623175076546	12.3998180077402
Bhathia_01	R32	283.0	353.0	100000.0	131.76170241217702	12.3998180077402
Bhathia_01	R32	283.0	353.0	100000.0	136.3838189377566	12.3998180077402
Bhathia_01	R32	283.0	353.0	100000.0	141.16807636456102	12.3998180077402
Bhathia_01	R32	283.0	353.0	100000.0	146.12016249204424	12.3998180077402
Bhathia_01	R32	283.0	353.0	100000.0	151.24596464403913	12.3998180077402
Bhathia_01	R32	283.0	353.0	100000.0	156.55157666794562	12.3998180077402
Bhathia_01	R32	283.0	353.0	100000.0	162.04330617944572	12.3998180077402
Bhathia_01	R32	283.0	353.0	100000.0	167.72768206135862	12.3998180077402
Bhathia_01	R32	283.0	353.0	100000.0	173.6114622255508	12.3998180077402
Bhathia_01	R32	283.0	353.0	100000.0	179.70164164712898	12.3998180077402
Bhathia_01	R32	283.0	353.0	100000.0	186.00546068046754	12.3998180077402
Bhathia_01	R32	283.0	353.0	100000.0	192.53041366695666	12.3998180077402
Bhathia_01	R32	283.0	353.0	100000.0	199.28425784470534	12.3998180077402
Bhathia_01	R32	283.0	353.0	100000.0	206.27502257078967	12.3998180077402
Bhathia_01	R32	283.0	353.0	100000.0	213.51101886701414	12.3998180077402
Bhathia_01	R32	283.0	353.0	100000.0	221.00084930052978	12.3998180077402
Bhathia_01	R32	283.0	353.0	100000.0	228.7534182110594	12.3998180077402
Bhathia_01	R32	283.0	353.0	100000.0	236.77794229688686	12.3998180077402
Bhathia_01	R32	283.0	353.0	100000.0	245.08396157219659	12.3998180077402
Bhathia_01	R32	283.0	353.0	100000.0	253.68135070878884	12.3998180077402
Bhathia_01	R32	283.0	353.0	100000.0	262.58033077565597	12.3998180077402
Bhathia_01	R32	283.0	353.0	100000.0	271.7914813903746	12.3998180077402
Bhathia_01	R32	283.0	353.0	100000.0	281.32575329676206	12.3998180077402
Bhathia_01	R32	283.0	353.0	100000.0	291.1944813837476	12.3998180077402
Bhathia_01	R32	283.0	353.0	100000.0	301.4093981609385	12.3998180077402
Bhathia_01	R32	283.0	353.0	100000.0	311.9826477069	12.3998180077402
Bhathia_01	R32	283.0	353.0	100000.0	322.92680010673166	12.3998180077402
Bhathia_01	R32	283.0	353.0	100000.0	334.2548663961052	12.3998180077402
Bhathia_01	R32	283.0	353.0	100000.0	345.9803140295299	12.3998180077402
Bhathia_01	R32	283.0	353.0	100000.0	358.11708289123294	12.3998180077402
Bhathia_01	R32	283.0	353.0	100000.0	370.67960186769494	12.3998180077402
Bhathia_01	R32	283.0	353.0	100000.0	383.6828060015357	12.3998180077402
Bhathia_01	R32	283.0	353.0	100000.0	397.1421542471496	12.3998180077402
Bhathia_01	R32	283.0	353.0	100000.0	411.0736478491962	12.3998180077402
Bhathia_01	R32	283.0	353.0	100000.0	425.49384936579753	12.3998180077402
Bhathia_01	R32	283.0	353.0	100000.0	440.41990235905604	12.3998180077402
Bhathia_01	R32	283.0	353.0	100000.0	455.86955177630426	12.3998180077402
Bhathia_01	R32	283.0	353.0	100000.0	471.8611650463152	12.3998180077402
Bhathia_01	R32	283.0	353.0	100000.0	488.41375391555476	12.3998180077402
Bhathia_01	R32	283.0	353.0	100000.0	505.546997050434	12.3998180077402
Bhathia_01	R32	283.0	353.0	100000.0	523.2812634324383	12.3998180077402
Bhathia_01	R32	283.0	353.0	100000.0	541.6376365739385	12.3998180077402
Bhathia_01	R32	283.0	353.0	100000.0	560.6379395834789	12.3998180077402
Bhathia_01	R32	283.0	353.0	100000.0	580.30476111034	12.3998180077402
Bhathia_01	R32	283.0	353.0	100000.0	600.6614821992193	12.3998180077402
Bhathia_01	R32	283.0	353.0	100000.0	621.7323040869574	12.3998180077402
Bhathia_01	R32	283.0	353.0	100000.0	643.5422769743552	12.3998180077402
Bhathia_01	R32	283.0	353.0	100000.0	666.1173298072896	12.3998180077402
Bhathia_01	R32	283.0	353.0	100000.0	689.4843011025289	12.3998180077402
Bhathia_01	R32	283.0	353.0	100000.0	713.670970854901	12.3998180077402
Bhathia_01	R32	283.0	353.0	100000.0	738.7060935637436	12.3998180077402
Bhathia_01	R32	283.0	353.0	100000.0	764.6194324179003	12.3998180077402
Bhathia_01	R32	283.0	353.0	100000.0	791.4417946799063	12.3998180077402
Bhathia_01	R32	283.0	353.0	100000.0	819.2050683114275	12.3998180077402
Bhathia_01	R32	283.0	353.0	100000.0	847.9422598834972	12.3998180077402
Bhathia_01	R32	283.0	353.0	100000.0	877.6875338166207	12.3998180077402
Bhathia_01	R32	283.0	353.0	100000.0	908.4762529973926	12.3998180077402
Bhathia_01	R32	283.0	353.0	100000.0	940.3450208199293	12.3998180077402
Bhathia_01	R32	283.0	353.0	100000.0	973.3317247020778	12.3998180077402
Bhathia_01	R32	283.0	353.0	100000.0	1007.4755811281508	12.3998180077402
Bhathia_01	R32	283.0	353.0	100000.0	1042.817182271731	12.3998180077402
Bhathia_01	R32	283.0	353.0	100000.0	1079.3985442539745	12.3998180077402
Bhathia_01	R32	283.0	353.0	100000.0	1117.2631570947824	12.3998180077402
Bhathia_01	R32	283.0	353.0	100000.0	1156.4560364162314	12.3998180077402
Bhathia_01	R32	283.0	353.0	100000.0	1197.023776959721	12.3998180077402
Bhathia_01	R32	283.0	353.0	100000.0	1239.0146079804795	12.3998180077402
Bhathia_01	R32	283.0	353.0	100000.0	1282.478450585262	12.397883098039172
Bhathia_01	R32	283.0	353.0	100000.0	1327.4669770814253	12.395498628126703
Bhathia_01	R32	283.0	353.0	100000.0	1374.0336724079282	12.39301756798209
Bhathia_01	R32	283.0	353.0	100000.0	1422.2338977212928	12.390436053686843
Bhathia_01	R32	283.0	353.0	100000.0	1472.124956212121	12.387750154099574
Bhathia_01	R32	283.0	353.0	100000.0	1523.766161230411	12.38495458606694
Bhathia_01	R32	283.0	353.0	100000.0	1577.2189068006678	12.382045373630785
Bhathia_01	R32	283.0	353.0	100000.0	1632.5467406106395	12.379018881790717
Bhathia_01	R32	283.0	353.0	100000.0	1689.81543956045	12.375870530674305
Bhathia_01	R32	283.0	353.0	100000.0	1749.093087961948	12.372595527824437
Bhathia_01	R32	283.0	353.0	100000.0	1810.45015848124	12.369188776518042
Bhathia_01	R32	283.0	353.0	100000.0	1873.9595959206342	12.365643163766872
Bhathia_01	R32	283.0	353.0	100000.0	1939.6969039396042	12.361955445500007
Bhathia_01	R32	283.0	353.0	100000.0	2007.7402348178655	12.358120143491675
Bhathia_01	R32	283.0	353.0	100000.0	2078.1704823672853	12.354131553963427
Bhathia_01	R32	283.0	353.0	100000.0	2151.0713781030845	12.349983756426655
Bhathia_01	R32	283.0	353.0	100000.0	2226.529590788659	12.34590114258256
Bhathia_01	R32	283.0	353.0	100000.0	2304.63482947238	12.341678498184628
Bhathia_01	R32	283.0	353.0	100000.0	2385.479950138839	12.33728794576155
Bhathia_01	R32	283.0	353.0	100000.0	2469.161066101381	12.332723106413564
Bhathia_01	R32	283.0	353.0	100000.0	2555.7776622671126	12.32797734342815
Bhathia_01	R32	283.0	353.0	100000.0	2645.43271341026	12.323043646237215
Bhathia_01	R32	283.0	353.0	100000.0	2738.2328065944866	12.317912208849942
Bhathia_01	R32	283.0	353.0	100000.0	2834.2882678897013	12.312578418404254
Bhathia_01	R32	283.0	353.0	100000.0	2933.7132935340187	12.307035883062602
Bhathia_01	R32	283.0	353.0	100000.0	3036.6260856967806	12.30127565017259
Bhathia_01	R32	283.0	353.0	100000.0	3143.1489930040857	12.295293515891728
Bhathia_01	R32	283.0	353.0	100000.0	3253.4086559938396	12.289114713464198
Bhathia_01	R32	283.0	353.0	100000.0	3367.536157673288	12.282692989267968
Bhathia_01	R32	283.0	353.0	100000.0	3485.667179358007	12.276021006478382
Bhathia_01	R32	283.0	353.0	100000.0	3607.9421619776303	12.26908952861661
Bhathia_01	R32	283.0	353.0	100000.0	3734.506473040075	12.261889100166677
Bhathia_01	R32	283.0	353.0	100000.0	3865.5105794527676	12.254409778514766
Bhathia_01	R32	283.0	353.0	100000.0	4001.1102264063275	12.246637902926063
Bhathia_01	R32	283.0	353.0	100000.0	4141.466622533378	12.238566598773279
Bhathia_01	R32	283.0	353.0	100000.0	4286.746631562607	12.230192966631732
Bhathia_01	R32	283.0	353.0	100000.0	4437.122970695934	12.221505618621801
Bhathia_01	R32	283.0	353.0	100000.0	4592.774415944617	12.212486148375376
Bhathia_01	R32	283.0	353.0	100000.0	4753.8860146684265	12.203120689789323
Bhathia_01	R32	283.0	353.0	100000.0	4920.649305570547	12.193397238093068
Bhathia_01	R32	283.0	353.0	100000.0	5093.26254640977	12.183305235227683
Bhathia_01	R32	283.0	353.0	100000.0	5271.9309497006825	12.172831159326934
Bhathia_01	R32	283.0	353.0	100000.0	5456.8669266820625	12.161963974709426
Bhathia_01	R32	283.0	353.0	100000.0	5648.290339843539	12.150699329170607
Bhathia_01	R32	283.0	353.0	100000.0	5846.4287643107255	12.139008848985796
Bhathia_01	R32	283.0	353.0	100000.0	6051.517758399548	12.126882281281182
Bhathia_01	R32	283.0	353.0	100000.0	6263.801143661515	12.114304909556207
Bhathia_01	R32	283.0	353.0	100000.0	6483.531294752719	12.101261602434407
Bhathia_01	R32	283.0	353.0	100000.0	6710.9694394713115	12.087736838274056
Bhathia_01	R32	283.0	353.0	100000.0	6946.385969320071	12.073712936600543
Bhathia_01	R32	283.0	353.0	100000.0	7190.06076096333	12.059173582852372
Bhathia_01	R32	283.0	353.0	100000.0	7442.283508960394	12.044103884246042
Bhathia_01	R32	283.0	353.0	100000.0	7703.354070171016	12.028486705824612
Bhathia_01	R32	283.0	353.0	100000.0	7973.582820242459	12.012304459879742
Bhathia_01	R32	283.0	353.0	100000.0	8253.291022601827	11.995539201699108
Bhathia_01	R32	283.0	353.0	100000.0	8542.811210392447	11.978170345840043
Bhathia_01	R32	283.0	353.0	100000.0	8842.487581808335	11.961320697329592
Bhathia_01	R32	283.0	353.0	100000.0	9152.676409296731	11.943891735759747
Bhathia_01	R32	283.0	353.0	100000.0	9473.746463115214	11.925844515004114
Bhathia_01	R32	283.0	353.0	100000.0	9806.07944974691	11.907160134280184
Bhathia_01	R32	283.0	353.0	100000.0	10150.070465695051	11.887959878097778
Bhathia_01	R32	283.0	353.0	100000.0	10506.128467196331	11.868094629122734
Bhathia_01	R32	283.0	353.0	100000.0	10874.676756411529	11.847543894575754
Bhathia_01	R32	283.0	353.0	100000.0	11256.153484671382	11.826282192792316
Bhathia_01	R32	283.0	353.0	100000.0	11651.012173375993	11.804329347932816
Bhathia_01	R32	283.0	353.0	100000.0	12059.722253167078	11.781627152812048
Bhathia_01	R32	283.0	353.0	100000.0	12482.769622014002	11.758153363363375
Bhathia_01	R32	283.0	353.0	100000.0	12920.657222877158	11.733886456154133
Bhathia_01	R32	283.0	353.0	100000.0	13373.905641635398	11.708829330838752
Bhathia_01	R32	283.0	353.0	100000.0	13843.053725988231	11.682937221081529
Bhathia_01	R32	283.0	353.0	100000.0	14328.65922606916	11.65618489160248
Bhathia_01	R32	283.0	353.0	100000.0	14831.299457530586	11.630159581631556
Bhathia_01	R32	283.0	353.0	100000.0	15351.571987890213	11.603616868100824
Bhathia_01	R32	283.0	353.0	100000.0	15890.095346953078	11.576204133225618
Bhathia_01	R32	283.0	353.0	100000.0	16447.509762155743	11.548069927057842
Bhathia_01	R32	283.0	353.0	100000.0	17024.47791970484	11.51909956300999
Bhathia_01	R32	283.0	353.0	100000.0	17621.68575241697	11.489203361680332
Bhathia_01	R32	283.0	353.0	100000.0	18239.84325519438	11.458398035776332
Bhathia_01	R32	283.0	353.0	100000.0	18879.685329108175	11.426651443502246
Bhathia_01	R32	283.0	353.0	100000.0	19541.972655090256	11.393904462750122
Bhathia_01	R32	283.0	353.0	100000.0	20227.49259827501	11.360363999101862
Bhathia_01	R32	283.0	353.0	100000.0	20937.060144063526	11.326926192617755
Bhathia_01	R32	283.0	353.0	100000.0	21671.518867025392	11.29245195363782
Bhathia_01	R32	283.0	353.0	100000.0	22431.741933788304	11.25705141316848
Bhathia_01	R32	283.0	353.0	100000.0	23218.633141108625	11.220764491256896
Bhathia_01	R32	283.0	353.0	100000.0	24033.127990356785	11.183371482714538
Bhathia_01	R32	283.0	353.0	100000.0	24876.194799694935	11.144884599822719
Bhathia_01	R32	283.0	353.0	100000.0	25748.835855269062	11.105289466432824
Bhathia_01	R32	283.0	353.0	100000.0	26652.088602784228	11.06455431477352
Bhathia_01	R32	283.0	353.0	100000.0	27587.026880879475	11.022648894527858
Bhathia_01	R32	283.0	353.0	100000.0	28554.762197768767	10.979730505192997
Bhathia_01	R32	283.0	353.0	100000.0	29556.445052665636	10.935791401525877
Bhathia_01	R32	283.0	353.0	100000.0	30593.266303562625	10.890596024772853
Bhathia_01	R32	283.0	353.0	100000.0	31666.458582991498	10.844195762579544
Bhathia_01	R32	283.0	353.0	100000.0	32777.29776344747	10.796525099958918
Bhathia_01	R32	283.0	353.0	100000.0	33927.104474219595	10.747506737123855
Bhathia_01	R32	283.0	353.0	100000.0	35117.24567143027	10.697603625105627
Bhathia_01	R32	283.0	353.0	100000.0	36349.13626315173	10.646361227914763
Bhathia_01	R32	283.0	353.0	100000.0	37624.240791528864	10.593736382965933
Bhathia_01	R32	283.0	353.0	100000.0	38944.07517391196	10.539789194998596
Bhathia_01	R32	283.0	353.0	100000.0	40310.20850506498	10.484473007299796
Bhathia_01	R32	283.0	353.0	100000.0	41724.264922596594	10.427893379951618
Bhathia_01	R32	283.0	353.0	100000.0	43187.92553782676	10.36983449820555
Bhathia_01	R32	283.0	353.0	100000.0	44702.93043438957	10.310335018275367
Bhathia_01	R32	283.0	353.0	100000.0	46271.08073694302	10.249267063522487
Bhathia_01	R32	283.0	353.0	100000.0	47894.24075245067	10.18662573029658
Bhathia_01	R32	283.0	353.0	100000.0	49574.34018657513	10.122424682716968
Bhathia_01	R32	283.0	353.0	100000.0	51313.376437824336	10.056681713179511
Bhathia_01	R32	283.0	353.0	100000.0	53113.41697217184	9.989240069263163
Bhathia_01	R32	283.0	353.0	100000.0	54976.60178098003	9.920079686800637
Bhathia_01	R32	283.0	353.0	100000.0	56905.14592514396	9.849330434687968
Bhathia_01	R32	283.0	353.0	100000.0	58901.34216848284	9.776872099643215
Bhathia_01	R32	283.0	353.0	100000.0	60967.5637035091	9.702571060580022
Bhathia_01	R32	283.0	353.0	100000.0	63106.2669728156	9.626512234934628
Bhathia_01	R32	283.0	353.0	100000.0	65319.99458943548	9.548531219704977
Bhathia_01	R32	283.0	353.0	100000.0	67611.3783596462	9.468624711046717
Bhathia_01	R32	283.0	353.0	100000.0	69983.14241181171	9.386852930139025
Bhathia_01	R32	283.0	353.0	100000.0	72438.10643498244	9.302983721950975
Bhathia_01	R32	283.0	353.0	100000.0	74979.18903110319	9.21707197542356
Bhathia_01	R32	283.0	353.0	100000.0	77609.41118481442	9.129052474833918
Bhathia_01	R32	283.0	353.0	100000.0	80331.89985497203	9.038807090398556
Bhathia_01	R32	283.0	353.0	100000.0	83149.89169215517	8.94648202666087
Bhathia_01	R32	283.0	353.0	100000.0	86066.7368865822	8.85184211711674
Bhathia_01	R32	283.0	353.0	100000.0	89085.903151008	8.754863642983626
Bhathia_01	R32	283.0	353.0	100000.0	92210.9798433415	8.655449548663212
Bhathia_01	R32	283.0	353.0	100000.0	95445.68223387754	8.553466784514315
Bhathia_01	R32	283.0	353.0	100000.0	98793.85592222596	8.449010344490906
Bhathia_01	R32	283.0	353.0	100000.0	102259.48140917791	8.341951602600352
Bhathia_01	R32	283.0	353.0	100000.0	105846.67882895643	8.232154108046636
Bhathia_01	R32	283.0	353.0	100000.0	109559.71284746489	8.11958840165811
Bhathia_01	R32	283.0	353.0	100000.0	113402.99773236972	8.00412540835398
Bhathia_01	R32	283.0	353.0	100000.0	117381.10260103126	7.885792427129543
Bhathia_01	R32	283.0	353.0	100000.0	121498.75685253605	7.764502423515972
Bhathia_01	R32	283.0	353.0	100000.0	125760.85579027371	7.640176634902624
Bhathia_01	R32	283.0	353.0	100000.0	130172.46644175818	7.512676038423251
Bhathia_01	R32	283.0	353.0	100000.0	134738.83358259665	7.381932962308938
Bhathia_01	R32	283.0	353.0	100000.0	139465.3859717822	7.247854285571515
Bhathia_01	R32	283.0	353.0	100000.0	144357.7428057125	7.110372144325981
Bhathia_01	R32	283.0	353.0	100000.0	149421.7203986127	6.969437909472723
Bhathia_01	R32	283.0	353.0	100000.0	154663.33909730316	6.824844195287436
Bhathia_01	R32	283.0	353.0	100000.0	160088.83043853292	6.676561498360858
Bhathia_01	R32	283.0	353.0	100000.0	165704.6445573877	6.524446421624445
Bhathia_01	R32	283.0	353.0	100000.0	171517.45785558026	6.368377401649648
Bhathia_01	R32	283.0	353.0	100000.0	177534.18093873924	6.2083743282617085
Bhathia_01	R32	283.0	353.0	100000.0	183761.96683213356	6.044256054555839
Bhathia_01	R32	283.0	353.0	100000.0	190208.21948459864	5.875885894060155
Bhathia_01	R32	283.0	353.0	100000.0	196880.60257077508	5.703178356983791
Bhathia_01	R32	283.0	353.0	100000.0	203787.04860212465	5.526087864242727
Bhathia_01	R32	283.0	353.0	100000.0	210935.76835755422	5.344609489345918
Bhathia_01	R32	283.0	353.0	100000.0	218335.26064486115	5.158776772404372
Bhathia_01	R32	283.0	353.0	100000.0	225994.32240460056	4.968358681157464
Bhathia_01	R32	283.0	353.0	100000.0	233922.05916839777	4.7732401090829235
Bhathia_01	R32	283.0	353.0	100000.0	242127.89588411906	4.573272678295195
Bhathia_01	R32	283.0	353.0	100000.0	250621.58812079762	4.368360108110456
Bhathia_01	R32	283.0	353.0	100000.0	259413.23366660537	4.15860302109485
Bhathia_01	R32	283.0	353.0	100000.0	268513.2845336903	3.9439118732900296
Bhathia_01	R32	283.0	353.0	100000.0	277932.5593841194	3.7241694515141064
Bhathia_01	R32	283.0	353.0	100000.0	287682.2563917327	3.49931427717116
Bhathia_01	R32	283.0	353.0	100000.0	297773.9665551654	3.26932117811789
Bhathia_01	R32	283.0	353.0	100000.0	308219.6874779006	3.0342190423913307
Bhathia_01	R32	283.0	353.0	100000.0	319031.83763169846	2.7941809776058504
Bhathia_01	R32	283.0	353.0	100000.0	330223.271120397	2.548886172436948
Bhathia_01	R32	283.0	353.0	100000.0	341807.2929615984	2.2980944004591723
Bhathia_01	R32	283.0	353.0	100000.0	353797.67490444286	2.0417463138449516
Bhathia_01	R32	283.0	353.0	100000.0	366208.67180225096	1.7799272641738277
Bhathia_01	R32	283.0	353.0	100000.0	379055.0385595106	1.513241075423055
Bhathia_01	R32	283.0	353.0	100000.0	392352.047673353	1.2416169563146262
Bhathia_01	R32	283.0	353.0	100000.0	406115.50739037304	0.964854342635272
Bhathia_01	R32	283.0	353.0	100000.0	420361.78050037875	0.6828610199417228
Bhathia_01	R32	283.0	353.0	100000.0	435107.80378941365	0.39564063027010676
Bhathia_01	R32	283.0	353.0	100000.0	450371.1081751789	0.10305143999634189
Bhathia_01	R32	283.0	353.0	100000.0	466169.83954879304	0.19456667834797384
