framework	molecule	T_ads_K	T_des_K	P_ads_Pa	P_des_Pa	SD
Bhathia_01	R407F	283.0	303.0	100000.0	100.0	125.21454236102329
Bhathia_01	R407F	283.0	303.0	100000.0	103.5079362523115	125.21454236102329
Bhathia_01	R407F	283.0	303.0	100000.0	107.13892867212581	125.21454236102329
Bhathia_01	R407F	283.0	303.0	100000.0	110.89729399135348	125.21454236102329
Bhathia_01	R407F	283.0	303.0	100000.0	114.78750037010863	125.21454236102329
Bhathia_01	R407F	283.0	303.0	100000.0	118.81417270871387	125.21454236102329
Bhathia_01	R407F	283.0	303.0	100000.0	122.98209814604685	125.21454236102329
Bhathia_01	R407F	283.0	303.0	100000.0	127.29623175076546	125.21454236102329
Bhathia_01	R407F	283.0	303.0	100000.0	131.76170241217702	125.21454236102329
Bhathia_01	R407F	283.0	303.0	100000.0	136.3838189377566	125.21454236102329
Bhathia_01	R407F	283.0	303.0	100000.0	141.16807636456102	125.21454236102329
Bhathia_01	R407F	283.0	303.0	100000.0	146.12016249204424	125.21454236102329
Bhathia_01	R407F	283.0	303.0	100000.0	151.24596464403913	125.21454236102329
Bhathia_01	R407F	283.0	303.0	100000.0	156.55157666794562	125.21454236102329
Bhathia_01	R407F	283.0	303.0	100000.0	162.04330617944572	125.21454236102329
Bhathia_01	R407F	283.0	303.0	100000.0	167.72768206135862	125.21454236102329
Bhathia_01	R407F	283.0	303.0	100000.0	173.6114622255508	125.21454236102329
Bhathia_01	R407F	283.0	303.0	100000.0	179.70164164712898	125.21454236102329
Bhathia_01	R407F	283.0	303.0	100000.0	186.00546068046754	125.21454236102329
Bhathia_01	R407F	283.0	303.0	100000.0	192.53041366695666	125.21454236102329
Bhathia_01	R407F	283.0	303.0	100000.0	199.28425784470534	125.21454236102329
Bhathia_01	R407F	283.0	303.0	100000.0	206.27502257078967	125.21454236102329
Bhathia_01	R407F	283.0	303.0	100000.0	213.51101886701414	125.21454236102329
Bhathia_01	R407F	283.0	303.0	100000.0	221.00084930052978	125.21454236102329
Bhathia_01	R407F	283.0	303.0	100000.0	228.7534182110594	125.21454236102329
Bhathia_01	R407F	283.0	303.0	100000.0	236.77794229688686	125.21454236102329
Bhathia_01	R407F	283.0	303.0	100000.0	245.08396157219659	125.21454236102329
Bhathia_01	R407F	283.0	303.0	100000.0	253.68135070878884	125.21454236102329
Bhathia_01	R407F	283.0	303.0	100000.0	262.58033077565597	125.21329300135838
Bhathia_01	R407F	283.0	303.0	100000.0	271.7914813903746	125.21130644639237
Bhathia_01	R407F	283.0	303.0	100000.0	281.32575329676206	125.20888157872034
Bhathia_01	R407F	283.0	303.0	100000.0	291.1944813837476	125.17500961423937
Bhathia_01	R407F	283.0	303.0	100000.0	301.4093981609385	125.14031923967222
Bhathia_01	R407F	283.0	303.0	100000.0	311.9826477069	125.10479121985709
Bhathia_01	R407F	283.0	303.0	100000.0	322.92680010673166	125.06840594124593
Bhathia_01	R407F	283.0	303.0	100000.0	334.2548663961052	125.03118109878659
Bhathia_01	R407F	283.0	303.0	100000.0	345.9803140295299	124.99307452963893
Bhathia_01	R407F	283.0	303.0	100000.0	358.11708289123294	124.95405173508104
Bhathia_01	R407F	283.0	303.0	100000.0	370.67960186769494	124.91409140841924
Bhathia_01	R407F	283.0	303.0	100000.0	383.6828060015357	124.87317178898778
Bhathia_01	R407F	283.0	303.0	100000.0	397.1421542471496	124.83128325835037
Bhathia_01	R407F	283.0	303.0	100000.0	411.0736478491962	124.78843845675217
Bhathia_01	R407F	283.0	303.0	100000.0	425.49384936579753	124.74456925210735
Bhathia_01	R407F	283.0	303.0	100000.0	440.41990235905604	124.69965211210335
Bhathia_01	R407F	283.0	303.0	100000.0	455.86955177630426	124.65366301537628
Bhathia_01	R407F	283.0	303.0	100000.0	471.8611650463152	124.60657745155738
Bhathia_01	R407F	283.0	303.0	100000.0	488.41375391555476	124.55841820431594
Bhathia_01	R407F	283.0	303.0	100000.0	505.546997050434	124.50931414730115
Bhathia_01	R407F	283.0	303.0	100000.0	523.2812634324383	124.45908403904626
Bhathia_01	R407F	283.0	303.0	100000.0	541.6376365739385	124.40766545491843
Bhathia_01	R407F	283.0	303.0	100000.0	560.6379395834789	124.35503171039913
Bhathia_01	R407F	283.0	303.0	100000.0	580.30476111034	124.28191262966489
Bhathia_01	R407F	283.0	303.0	100000.0	600.6614821992193	124.14865847518023
Bhathia_01	R407F	283.0	303.0	100000.0	621.7323040869574	124.01432139106336
Bhathia_01	R407F	283.0	303.0	100000.0	643.5422769743552	123.87768736319572
Bhathia_01	R407F	283.0	303.0	100000.0	666.1173298072896	123.7385286795795
Bhathia_01	R407F	283.0	303.0	100000.0	689.4843011025289	123.59677089095652
Bhathia_01	R407F	283.0	303.0	100000.0	713.670970854901	123.45217909194601
Bhathia_01	R407F	283.0	303.0	100000.0	738.7060935637436	123.30441048189905
Bhathia_01	R407F	283.0	303.0	100000.0	764.6194324179003	123.15344874577849
Bhathia_01	R407F	283.0	303.0	100000.0	791.4417946799063	122.99920301738464
Bhathia_01	R407F	283.0	303.0	100000.0	819.2050683114275	122.84159803471796
Bhathia_01	R407F	283.0	303.0	100000.0	847.9422598834972	122.68057242449413
Bhathia_01	R407F	283.0	303.0	100000.0	877.6875338166207	122.51620544895967
Bhathia_01	R407F	283.0	303.0	100000.0	908.4762529973926	122.34820776223437
Bhathia_01	R407F	283.0	303.0	100000.0	940.3450208199293	122.17692781546855
Bhathia_01	R407F	283.0	303.0	100000.0	973.3317247020778	122.00236626434811
Bhathia_01	R407F	283.0	303.0	100000.0	1007.4755811281508	121.82409922073666
Bhathia_01	R407F	283.0	303.0	100000.0	1042.817182271731	121.64201296731191
Bhathia_01	R407F	283.0	303.0	100000.0	1079.3985442539745	121.45608429470131
Bhathia_01	R407F	283.0	303.0	100000.0	1117.2631570947824	121.26615153510237
Bhathia_01	R407F	283.0	303.0	100000.0	1156.4560364162314	121.0719266493319
Bhathia_01	R407F	283.0	303.0	100000.0	1197.023776959721	120.8734432019038
Bhathia_01	R407F	283.0	303.0	100000.0	1239.0146079804795	120.670536867687
Bhathia_01	R407F	283.0	303.0	100000.0	1282.478450585262	120.46469977838669
Bhathia_01	R407F	283.0	303.0	100000.0	1327.4669770814253	120.2558293979404
Bhathia_01	R407F	283.0	303.0	100000.0	1374.0336724079282	120.0435360055647
Bhathia_01	R407F	283.0	303.0	100000.0	1422.2338977212928	119.82759826123356
Bhathia_01	R407F	283.0	303.0	100000.0	1472.124956212121	119.6076310930016
Bhathia_01	R407F	283.0	303.0	100000.0	1523.766161230411	119.38355348513997
Bhathia_01	R407F	283.0	303.0	100000.0	1577.2189068006678	119.15500272300471
Bhathia_01	R407F	283.0	303.0	100000.0	1632.5467406106395	118.92177816493745
Bhathia_01	R407F	283.0	303.0	100000.0	1689.81543956045	118.68358895225124
Bhathia_01	R407F	283.0	303.0	100000.0	1749.093087961948	118.44059576467959
Bhathia_01	R407F	283.0	303.0	100000.0	1810.45015848124	118.19247543519093
Bhathia_01	R407F	283.0	303.0	100000.0	1873.9595959206342	117.93977237622528
Bhathia_01	R407F	283.0	303.0	100000.0	1939.6969039396042	117.68205096714081
Bhathia_01	R407F	283.0	303.0	100000.0	2007.7402348178655	117.41882115501778
Bhathia_01	R407F	283.0	303.0	100000.0	2078.1704823672853	117.15016194663282
Bhathia_01	R407F	283.0	303.0	100000.0	2151.0713781030845	116.87676460587748
Bhathia_01	R407F	283.0	303.0	100000.0	2226.529590788659	116.59889994870211
Bhathia_01	R407F	283.0	303.0	100000.0	2304.63482947238	116.31638278720406
Bhathia_01	R407F	283.0	303.0	100000.0	2385.479950138839	116.02884362465903
Bhathia_01	R407F	283.0	303.0	100000.0	2469.161066101381	115.73592720541376
Bhathia_01	R407F	283.0	303.0	100000.0	2555.7776622671126	115.43828174619779
Bhathia_01	R407F	283.0	303.0	100000.0	2645.43271341026	115.13488258549336
Bhathia_01	R407F	283.0	303.0	100000.0	2738.2328065944866	114.82615775021648
Bhathia_01	R407F	283.0	303.0	100000.0	2834.2882678897013	114.51108767422767
Bhathia_01	R407F	283.0	303.0	100000.0	2933.7132935340187	114.19000706229693
Bhathia_01	R407F	283.0	303.0	100000.0	3036.6260856967806	113.86289917991115
Bhathia_01	R407F	283.0	303.0	100000.0	3143.1489930040857	113.52920288031414
Bhathia_01	R407F	283.0	303.0	100000.0	3253.4086559938396	113.19002111742392
Bhathia_01	R407F	283.0	303.0	100000.0	3367.536157673288	112.84526909119325
Bhathia_01	R407F	283.0	303.0	100000.0	3485.667179358007	112.49408967479363
Bhathia_01	R407F	283.0	303.0	100000.0	3607.9421619776303	112.13661868429199
Bhathia_01	R407F	283.0	303.0	100000.0	3734.506473040075	111.77279224287177
Bhathia_01	R407F	283.0	303.0	100000.0	3865.5105794527676	111.40202275317945
Bhathia_01	R407F	283.0	303.0	100000.0	4001.1102264063275	111.0241934458722
Bhathia_01	R407F	283.0	303.0	100000.0	4141.466622533378	110.63889084515465
Bhathia_01	R407F	283.0	303.0	100000.0	4286.746631562607	110.24694403387848
Bhathia_01	R407F	283.0	303.0	100000.0	4437.122970695934	109.84779293898654
Bhathia_01	R407F	283.0	303.0	100000.0	4592.774415944617	109.4434812634531
Bhathia_01	R407F	283.0	303.0	100000.0	4753.8860146684265	109.03229614548823
Bhathia_01	R407F	283.0	303.0	100000.0	4920.649305570547	108.61435454771745
Bhathia_01	R407F	283.0	303.0	100000.0	5093.26254640977	108.18864144876726
Bhathia_01	R407F	283.0	303.0	100000.0	5271.9309497006825	107.75512266059636
Bhathia_01	R407F	283.0	303.0	100000.0	5456.8669266820625	107.31364516654527
Bhathia_01	R407F	283.0	303.0	100000.0	5648.290339843539	106.86452755517966
Bhathia_01	R407F	283.0	303.0	100000.0	5846.4287643107255	106.40822125647571
Bhathia_01	R407F	283.0	303.0	100000.0	6051.517758399548	105.94376261691713
Bhathia_01	R407F	283.0	303.0	100000.0	6263.801143661515	105.47153036053338
Bhathia_01	R407F	283.0	303.0	100000.0	6483.531294752719	104.9912310247289
Bhathia_01	R407F	283.0	303.0	100000.0	6710.9694394713115	104.50282175520209
Bhathia_01	R407F	283.0	303.0	100000.0	6946.385969320071	104.00696679617663
Bhathia_01	R407F	283.0	303.0	100000.0	7190.06076096333	103.50290224486936
Bhathia_01	R407F	283.0	303.0	100000.0	7442.283508960394	102.99036773153931
Bhathia_01	R407F	283.0	303.0	100000.0	7703.354070171016	102.46967281437198
Bhathia_01	R407F	283.0	303.0	100000.0	7973.582820242459	101.93991454432755
Bhathia_01	R407F	283.0	303.0	100000.0	8253.291022601827	101.39977994597601
Bhathia_01	R407F	283.0	303.0	100000.0	8542.811210392447	100.85157969797456
Bhathia_01	R407F	283.0	303.0	100000.0	8842.487581808335	100.29361882528016
Bhathia_01	R407F	283.0	303.0	100000.0	9152.676409296731	99.72651760174493
Bhathia_01	R407F	283.0	303.0	100000.0	9473.746463115214	99.15038104593161
Bhathia_01	R407F	283.0	303.0	100000.0	9806.07944974691	98.564496610151
Bhathia_01	R407F	283.0	303.0	100000.0	10150.070465695051	97.96983814743939
Bhathia_01	R407F	283.0	303.0	100000.0	10506.128467196331	97.36491563103476
Bhathia_01	R407F	283.0	303.0	100000.0	10874.676756411529	96.74922930146468
Bhathia_01	R407F	283.0	303.0	100000.0	11256.153484671382	96.12312830025125
Bhathia_01	R407F	283.0	303.0	100000.0	11651.012173375993	95.4873212195252
Bhathia_01	R407F	283.0	303.0	100000.0	12059.722253167078	94.84118383959637
Bhathia_01	R407F	283.0	303.0	100000.0	12482.769622014002	94.18592547811878
Bhathia_01	R407F	283.0	303.0	100000.0	12920.657222877158	93.51947009754066
Bhathia_01	R407F	283.0	303.0	100000.0	13373.905641635398	92.84167073603265
Bhathia_01	R407F	283.0	303.0	100000.0	13843.053725988231	92.15301749894725
Bhathia_01	R407F	283.0	303.0	100000.0	14328.65922606916	91.45354866249924
Bhathia_01	R407F	283.0	303.0	100000.0	14831.299457530586	90.7427464366389
Bhathia_01	R407F	283.0	303.0	100000.0	15351.571987890213	90.02045159564139
Bhathia_01	R407F	283.0	303.0	100000.0	15890.095346953078	89.28733261520867
Bhathia_01	R407F	283.0	303.0	100000.0	16447.509762155743	88.54205168564843
Bhathia_01	R407F	283.0	303.0	100000.0	17024.47791970484	87.78346925603226
Bhathia_01	R407F	283.0	303.0	100000.0	17621.68575241697	87.01387018819804
Bhathia_01	R407F	283.0	303.0	100000.0	18239.84325519438	86.23339061701539
Bhathia_01	R407F	283.0	303.0	100000.0	18879.685329108175	85.43966886995781
Bhathia_01	R407F	283.0	303.0	100000.0	19541.972655090256	84.63413503022744
Bhathia_01	R407F	283.0	303.0	100000.0	20227.49259827501	83.81545204560592
Bhathia_01	R407F	283.0	303.0	100000.0	20937.060144063526	82.98231543418557
Bhathia_01	R407F	283.0	303.0	100000.0	21671.518867025392	82.13724062284072
Bhathia_01	R407F	283.0	303.0	100000.0	22431.741933788304	81.28033259332027
Bhathia_01	R407F	283.0	303.0	100000.0	23218.633141108625	80.40922177340353
Bhathia_01	R407F	283.0	303.0	100000.0	24033.127990356785	79.52464586684196
Bhathia_01	R407F	283.0	303.0	100000.0	24876.194799694935	78.62597356757307
Bhathia_01	R407F	283.0	303.0	100000.0	25748.835855269062	77.71308043612527
Bhathia_01	R407F	283.0	303.0	100000.0	26652.088602784228	76.78701323019666
Bhathia_01	R407F	283.0	303.0	100000.0	27587.026880879475	75.84699157031677
Bhathia_01	R407F	283.0	303.0	100000.0	28554.762197768767	74.89109458874469
Bhathia_01	R407F	283.0	303.0	100000.0	29556.445052665636	73.92039665556985
Bhathia_01	R407F	283.0	303.0	100000.0	30593.266303562625	72.93484705525904
Bhathia_01	R407F	283.0	303.0	100000.0	31666.458582991498	71.93500890124737
Bhathia_01	R407F	283.0	303.0	100000.0	32777.29776344747	70.92113173706927
Bhathia_01	R407F	283.0	303.0	100000.0	33927.104474219595	69.89114765895302
Bhathia_01	R407F	283.0	303.0	100000.0	35117.24567143027	68.84571957772542
Bhathia_01	R407F	283.0	303.0	100000.0	36349.13626315173	67.78346017124777
Bhathia_01	R407F	283.0	303.0	100000.0	37624.240791528864	66.70511767056422
Bhathia_01	R407F	283.0	303.0	100000.0	38944.07517391196	65.61141535880854
Bhathia_01	R407F	283.0	303.0	100000.0	40310.20850506498	64.50221434224639
Bhathia_01	R407F	283.0	303.0	100000.0	41724.264922596594	63.37573201623153
Bhathia_01	R407F	283.0	303.0	100000.0	43187.92553782676	62.23342361371997
Bhathia_01	R407F	283.0	303.0	100000.0	44702.93043438957	61.07400607671458
Bhathia_01	R407F	283.0	303.0	100000.0	46271.08073694302	59.898298918409644
Bhathia_01	R407F	283.0	303.0	100000.0	47894.24075245067	58.70747376174798
Bhathia_01	R407F	283.0	303.0	100000.0	49574.34018657513	57.499131661855024
Bhathia_01	R407F	283.0	303.0	100000.0	51313.376437824336	56.27299680342307
Bhathia_01	R407F	283.0	303.0	100000.0	53113.41697217184	55.02905805057302
Bhathia_01	R407F	283.0	303.0	100000.0	54976.60178098003	53.766859873699865
Bhathia_01	R407F	283.0	303.0	100000.0	56905.14592514396	52.49012874713728
Bhathia_01	R407F	283.0	303.0	100000.0	58901.34216848284	51.19715296758827
Bhathia_01	R407F	283.0	303.0	100000.0	60967.5637035091	49.88719735954246
Bhathia_01	R407F	283.0	303.0	100000.0	63106.2669728156	48.55942824871883
Bhathia_01	R407F	283.0	303.0	100000.0	65319.99458943548	47.21493047805459
Bhathia_01	R407F	283.0	303.0	100000.0	67611.3783596462	45.85379134075631
Bhathia_01	R407F	283.0	303.0	100000.0	69983.14241181171	44.477852739204245
Bhathia_01	R407F	283.0	303.0	100000.0	72438.10643498244	43.08453809561431
Bhathia_01	R407F	283.0	303.0	100000.0	74979.18903110319	41.67478943157474
Bhathia_01	R407F	283.0	303.0	100000.0	77609.41118481442	40.24874014171875
Bhathia_01	R407F	283.0	303.0	100000.0	80331.89985497203	38.8069905804066
Bhathia_01	R407F	283.0	303.0	100000.0	83149.89169215517	37.35362171800563
Bhathia_01	R407F	283.0	303.0	100000.0	86066.7368865822	35.8861700851633
Bhathia_01	R407F	283.0	303.0	100000.0	89085.903151008	34.40359644177332
Bhathia_01	R125	283.0	303.0	100000.0	100.0	31.450480493300855
Bhathia_01	R125	283.0	303.0	100000.0	103.5079362523115	31.450480493300855
Bhathia_01	R125	283.0	303.0	100000.0	107.13892867212581	31.450480493300855
Bhathia_01	R125	283.0	303.0	100000.0	110.89729399135348	31.450480493300855
Bhathia_01	R125	283.0	303.0	100000.0	114.78750037010863	31.450480493300855
Bhathia_01	R125	283.0	303.0	100000.0	118.81417270871387	31.450480493300855
Bhathia_01	R125	283.0	303.0	100000.0	122.98209814604685	31.450480493300855
Bhathia_01	R125	283.0	303.0	100000.0	127.29623175076546	31.450480493300855
Bhathia_01	R125	283.0	303.0	100000.0	131.76170241217702	31.450480493300855
Bhathia_01	R125	283.0	303.0	100000.0	136.3838189377566	31.450480493300855
Bhathia_01	R125	283.0	303.0	100000.0	141.16807636456102	31.450480493300855
Bhathia_01	R125	283.0	303.0	100000.0	146.12016249204424	31.450480493300855
Bhathia_01	R125	283.0	303.0	100000.0	151.24596464403913	31.450480493300855
Bhathia_01	R125	283.0	303.0	100000.0	156.55157666794562	31.450480493300855
Bhathia_01	R125	283.0	303.0	100000.0	162.04330617944572	31.450480493300855
Bhathia_01	R125	283.0	303.0	100000.0	167.72768206135862	31.450480493300855
Bhathia_01	R125	283.0	303.0	100000.0	173.6114622255508	31.450480493300855
Bhathia_01	R125	283.0	303.0	100000.0	179.70164164712898	31.450480493300855
Bhathia_01	R125	283.0	303.0	100000.0	186.00546068046754	31.450480493300855
Bhathia_01	R125	283.0	303.0	100000.0	192.53041366695666	31.450480493300855
Bhathia_01	R125	283.0	303.0	100000.0	199.28425784470534	31.450480493300855
Bhathia_01	R125	283.0	303.0	100000.0	206.27502257078967	31.450480493300855
Bhathia_01	R125	283.0	303.0	100000.0	213.51101886701414	31.450480493300855
Bhathia_01	R125	283.0	303.0	100000.0	221.00084930052978	31.450480493300855
Bhathia_01	R125	283.0	303.0	100000.0	228.7534182110594	31.450480493300855
Bhathia_01	R125	283.0	303.0	100000.0	236.77794229688686	31.450480493300855
Bhathia_01	R125	283.0	303.0	100000.0	245.08396157219659	31.450480493300855
Bhathia_01	R125	283.0	303.0	100000.0	253.68135070878884	31.450480493300855
Bhathia_01	R125	283.0	303.0	100000.0	262.58033077565597	31.450480493300855
Bhathia_01	R125	283.0	303.0	100000.0	271.7914813903746	31.450480493300855
Bhathia_01	R125	283.0	303.0	100000.0	281.32575329676206	31.45011042200015
Bhathia_01	R125	283.0	303.0	100000.0	291.1944813837476	31.41836395463745
Bhathia_01	R125	283.0	303.0	100000.0	301.4093981609385	31.38587216111247
Bhathia_01	R125	283.0	303.0	100000.0	311.9826477069	31.35261828965897
Bhathia_01	R125	283.0	303.0	100000.0	322.92680010673166	31.318585241100457
Bhathia_01	R125	283.0	303.0	100000.0	334.2548663961052	31.28379322302117
Bhathia_01	R125	283.0	303.0	100000.0	345.9803140295299	31.248202886941705
Bhathia_01	R125	283.0	303.0	100000.0	358.11708289123294	31.21178258554281
Bhathia_01	R125	283.0	303.0	100000.0	370.67960186769494	31.174513906386025
Bhathia_01	R125	283.0	303.0	100000.0	383.6828060015357	31.13637808870271
Bhathia_01	R125	283.0	303.0	100000.0	397.1421542471496	31.097368562607787
Bhathia_01	R125	283.0	303.0	100000.0	411.0736478491962	31.057500952787247
Bhathia_01	R125	283.0	303.0	100000.0	425.49384936579753	31.01671068036396
Bhathia_01	R125	283.0	303.0	100000.0	440.41990235905604	30.97497758331193
Bhathia_01	R125	283.0	303.0	100000.0	455.86955177630426	30.932281171174346
Bhathia_01	R125	283.0	303.0	100000.0	471.8611650463152	30.888600586086344
Bhathia_01	R125	283.0	303.0	100000.0	488.41375391555476	30.84396199533565
Bhathia_01	R125	283.0	303.0	100000.0	505.546997050434	30.79831957243751
Bhathia_01	R125	283.0	303.0	100000.0	523.2812634324383	30.751631396526122
Bhathia_01	R125	283.0	303.0	100000.0	541.6376365739385	30.703875188400286
Bhathia_01	R125	283.0	303.0	100000.0	560.6379395834789	30.65502823451296
Bhathia_01	R125	283.0	303.0	100000.0	580.30476111034	30.605825762071476
Bhathia_01	R125	283.0	303.0	100000.0	600.6614821992193	30.55616740630901
Bhathia_01	R125	283.0	303.0	100000.0	621.7323040869574	30.50562677861054
Bhathia_01	R125	283.0	303.0	100000.0	643.5422769743552	30.45405789381669
Bhathia_01	R125	283.0	303.0	100000.0	666.1173298072896	30.401404037563864
Bhathia_01	R125	283.0	303.0	100000.0	689.4843011025289	30.347560566043683
Bhathia_01	R125	283.0	303.0	100000.0	713.670970854901	30.29262335404159
Bhathia_01	R125	283.0	303.0	100000.0	738.7060935637436	30.236475650078592
Bhathia_01	R125	283.0	303.0	100000.0	764.6194324179003	30.17910576021117
Bhathia_01	R125	283.0	303.0	100000.0	791.4417946799063	30.12042618404169
Bhathia_01	R125	283.0	303.0	100000.0	819.2050683114275	30.060476823915184
Bhathia_01	R125	283.0	303.0	100000.0	847.9422598834972	29.999206764804978
Bhathia_01	R125	283.0	303.0	100000.0	877.6875338166207	29.936629211895074
Bhathia_01	R125	283.0	303.0	100000.0	908.4762529973926	29.8727390532643
Bhathia_01	R125	283.0	303.0	100000.0	940.3450208199293	29.807975244855534
Bhathia_01	R125	283.0	303.0	100000.0	973.3317247020778	29.742180353720286
Bhathia_01	R125	283.0	303.0	100000.0	1007.4755811281508	29.675156861867556
Bhathia_01	R125	283.0	303.0	100000.0	1042.817182271731	29.606847597627993
Bhathia_01	R125	283.0	303.0	100000.0	1079.3985442539745	29.537187326926098
Bhathia_01	R125	283.0	303.0	100000.0	1117.2631570947824	29.46610953364323
Bhathia_01	R125	283.0	303.0	100000.0	1156.4560364162314	29.393474622000788
Bhathia_01	R125	283.0	303.0	100000.0	1197.023776959721	29.319364769147803
Bhathia_01	R125	283.0	303.0	100000.0	1239.0146079804795	29.243631499516745
Bhathia_01	R125	283.0	303.0	100000.0	1282.478450585262	29.16635279827543
Bhathia_01	R125	283.0	303.0	100000.0	1327.4669770814253	29.087661748278403
Bhathia_01	R125	283.0	303.0	100000.0	1374.0336724079282	29.00763122639751
Bhathia_01	R125	283.0	303.0	100000.0	1422.2338977212928	28.92623049349146
Bhathia_01	R125	283.0	303.0	100000.0	1472.124956212121	28.843289259259794
Bhathia_01	R125	283.0	303.0	100000.0	1523.766161230411	28.758834298137415
Bhathia_01	R125	283.0	303.0	100000.0	1577.2189068006678	28.672659236157283
Bhathia_01	R125	283.0	303.0	100000.0	1632.5467406106395	28.584790746175447
Bhathia_01	R125	283.0	303.0	100000.0	1689.81543956045	28.495040523769724
Bhathia_01	R125	283.0	303.0	100000.0	1749.093087961948	28.403598282086463
Bhathia_01	R125	283.0	303.0	100000.0	1810.45015848124	28.310461244544452
Bhathia_01	R125	283.0	303.0	100000.0	1873.9595959206342	28.21585925901419
Bhathia_01	R125	283.0	303.0	100000.0	1939.6969039396042	28.119492255088588
Bhathia_01	R125	283.0	303.0	100000.0	2007.7402348178655	28.021276621843224
Bhathia_01	R125	283.0	303.0	100000.0	2078.1704823672853	27.921122390408087
Bhathia_01	R125	283.0	303.0	100000.0	2151.0713781030845	27.81907686444706
Bhathia_01	R125	283.0	303.0	100000.0	2226.529590788659	27.715128568932702
Bhathia_01	R125	283.0	303.0	100000.0	2304.63482947238	27.60939065959932
Bhathia_01	R125	283.0	303.0	100000.0	2385.479950138839	27.50192701905501
Bhathia_01	R125	283.0	303.0	100000.0	2469.161066101381	27.392260731643617
Bhathia_01	R125	283.0	303.0	100000.0	2555.7776622671126	27.280683713865184
Bhathia_01	R125	283.0	303.0	100000.0	2645.43271341026	27.167058963507806
Bhathia_01	R125	283.0	303.0	100000.0	2738.2328065944866	27.05148793882336
Bhathia_01	R125	283.0	303.0	100000.0	2834.2882678897013	26.933639906167965
Bhathia_01	R125	283.0	303.0	100000.0	2933.7132935340187	26.813812753319198
Bhathia_01	R125	283.0	303.0	100000.0	3036.6260856967806	26.692008228492394
Bhathia_01	R125	283.0	303.0	100000.0	3143.1489930040857	26.567770351129226
Bhathia_01	R125	283.0	303.0	100000.0	3253.4086559938396	26.441421243161255
Bhathia_01	R125	283.0	303.0	100000.0	3367.536157673288	26.313060960911994
Bhathia_01	R125	283.0	303.0	100000.0	3485.667179358007	26.18220506867491
Bhathia_01	R125	283.0	303.0	100000.0	3607.9421619776303	26.04923931585998
Bhathia_01	R125	283.0	303.0	100000.0	3734.506473040075	25.913991265852946
Bhathia_01	R125	283.0	303.0	100000.0	3865.5105794527676	25.77610829228829
Bhathia_01	R125	283.0	303.0	100000.0	4001.1102264063275	25.636042353018627
Bhathia_01	R125	283.0	303.0	100000.0	4141.466622533378	25.493298208344992
Bhathia_01	R125	283.0	303.0	100000.0	4286.746631562607	25.348233822500248
Bhathia_01	R125	283.0	303.0	100000.0	4437.122970695934	25.200635808695154
Bhathia_01	R125	283.0	303.0	100000.0	4592.774415944617	25.05062529777432
Bhathia_01	R125	283.0	303.0	100000.0	4753.8860146684265	24.898202295237414
Bhathia_01	R125	283.0	303.0	100000.0	4920.649305570547	24.743473975667193
Bhathia_01	R125	283.0	303.0	100000.0	5093.26254640977	24.585928543387958
Bhathia_01	R125	283.0	303.0	100000.0	5271.9309497006825	24.42549875377038
Bhathia_01	R125	283.0	303.0	100000.0	5456.8669266820625	24.262345546574803
Bhathia_01	R125	283.0	303.0	100000.0	5648.290339843539	24.09687330200482
Bhathia_01	R125	283.0	303.0	100000.0	5846.4287643107255	23.928953916233837
Bhathia_01	R125	283.0	303.0	100000.0	6051.517758399548	23.75772203864551
Bhathia_01	R125	283.0	303.0	100000.0	6263.801143661515	23.583802710302507
Bhathia_01	R125	283.0	303.0	100000.0	6483.531294752719	23.407524570574452
Bhathia_01	R125	283.0	303.0	100000.0	6710.9694394713115	23.227892637822617
Bhathia_01	R125	283.0	303.0	100000.0	6946.385969320071	23.045410225104757
Bhathia_01	R125	283.0	303.0	100000.0	7190.06076096333	22.8607025171593
Bhathia_01	R125	283.0	303.0	100000.0	7442.283508960394	22.672463557003365
Bhathia_01	R125	283.0	303.0	100000.0	7703.354070171016	22.481319072193653
Bhathia_01	R125	283.0	303.0	100000.0	7973.582820242459	22.287461396128005
Bhathia_01	R125	283.0	303.0	100000.0	8253.291022601827	22.089975021746522
Bhathia_01	R125	283.0	303.0	100000.0	8542.811210392447	21.89006345367227
Bhathia_01	R125	283.0	303.0	100000.0	8842.487581808335	21.68698693820236
Bhathia_01	R125	283.0	303.0	100000.0	9152.676409296731	21.48075048720326
Bhathia_01	R125	283.0	303.0	100000.0	9473.746463115214	21.27165732595149
Bhathia_01	R125	283.0	303.0	100000.0	9806.07944974691	21.058858971450242
Bhathia_01	R125	283.0	303.0	100000.0	10150.070465695051	20.84324097255123
Bhathia_01	R125	283.0	303.0	100000.0	10506.128467196331	20.624273321286324
Bhathia_01	R125	283.0	303.0	100000.0	10874.676756411529	20.402065560176197
Bhathia_01	R125	283.0	303.0	100000.0	11256.153484671382	20.176393681798686
Bhathia_01	R125	283.0	303.0	100000.0	11651.012173375993	19.947545820748946
Bhathia_01	R125	283.0	303.0	100000.0	12059.722253167078	19.715382899065222
Bhathia_01	R125	283.0	303.0	100000.0	12482.769622014002	19.480305945305947
Bhathia_01	R125	283.0	303.0	100000.0	12920.657222877158	19.241916562804708
Bhathia_01	R125	283.0	303.0	100000.0	13373.905641635398	18.99980166373825
Bhathia_01	R125	283.0	303.0	100000.0	13843.053725988231	18.754246187458236
Bhathia_01	R125	283.0	303.0	100000.0	14328.65922606916	18.50494561664149
Bhathia_01	R125	283.0	303.0	100000.0	14831.299457530586	18.25220162214154
Bhathia_01	R125	283.0	303.0	100000.0	15351.571987890213	17.99624199902652
Bhathia_01	R125	283.0	303.0	100000.0	15890.095346953078	17.736756346634618
Bhathia_01	R125	283.0	303.0	100000.0	16447.509762155743	17.473761378944413
Bhathia_01	R125	283.0	303.0	100000.0	17024.47791970484	17.207002385473643
Bhathia_01	R125	283.0	303.0	100000.0	17621.68575241697	16.936525170133322
Bhathia_01	R125	283.0	303.0	100000.0	18239.84325519438	16.663211258917077
Bhathia_01	R125	283.0	303.0	100000.0	18879.685329108175	16.38563023783403
Bhathia_01	R125	283.0	303.0	100000.0	19541.972655090256	16.104325100369675
Bhathia_01	R125	283.0	303.0	100000.0	20227.49259827501	15.819169591441856
Bhathia_01	R125	283.0	303.0	100000.0	20937.060144063526	15.530091676270205
Bhathia_01	R125	283.0	303.0	100000.0	21671.518867025392	15.23753653026222
Bhathia_01	R125	283.0	303.0	100000.0	22431.741933788304	14.941677346182452
Bhathia_01	R125	283.0	303.0	100000.0	23218.633141108625	14.642022083249058
Bhathia_01	R125	283.0	303.0	100000.0	24033.127990356785	14.338494001574729
Bhathia_01	R125	283.0	303.0	100000.0	24876.194799694935	14.030936357192557
Bhathia_01	R125	283.0	303.0	100000.0	25748.835855269062	13.719436512753433
Bhathia_01	R125	283.0	303.0	100000.0	26652.088602784228	13.40435716319479
Bhathia_01	R125	283.0	303.0	100000.0	27587.026880879475	13.085288344203942
Bhathia_01	R125	283.0	303.0	100000.0	28554.762197768767	12.762150032793095
Bhathia_01	R125	283.0	303.0	100000.0	29556.445052665636	12.435109598062635
Bhathia_01	R125	283.0	303.0	100000.0	30593.266303562625	12.1042169842177
Bhathia_01	R125	283.0	303.0	100000.0	31666.458582991498	11.769817000428052
Bhathia_01	R125	283.0	303.0	100000.0	32777.29776344747	11.432042110292935
Bhathia_01	R125	283.0	303.0	100000.0	33927.104474219595	11.090109367220933
Bhathia_01	R125	283.0	303.0	100000.0	35117.24567143027	10.74410291987108
Bhathia_01	R125	283.0	303.0	100000.0	36349.13626315173	10.393811488595789
Bhathia_01	R125	283.0	303.0	100000.0	37624.240791528864	10.039297467064035
Bhathia_01	R125	283.0	303.0	100000.0	38944.07517391196	9.68153931055548
Bhathia_01	R125	283.0	303.0	100000.0	40310.20850506498	9.320114491183682
Bhathia_01	R125	283.0	303.0	100000.0	41724.264922596594	8.954993907977244
Bhathia_01	R125	283.0	303.0	100000.0	43187.92553782676	8.586071574888901
Bhathia_01	R125	283.0	303.0	100000.0	44702.93043438957	8.213314437769093
Bhathia_01	R125	283.0	303.0	100000.0	46271.08073694302	7.837010335475878
Bhathia_01	R125	283.0	303.0	100000.0	47894.24075245067	7.457484408329014
Bhathia_01	R125	283.0	303.0	100000.0	49574.34018657513	7.073974047392515
Bhathia_01	R125	283.0	303.0	100000.0	51313.376437824336	6.686396287191062
Bhathia_01	R125	283.0	303.0	100000.0	53113.41697217184	6.295150889120041
Bhathia_01	R125	283.0	303.0	100000.0	54976.60178098003	5.9005685112714135
Bhathia_01	R125	283.0	303.0	100000.0	56905.14592514396	5.503861474036676
Bhathia_01	R125	283.0	303.0	100000.0	58901.34216848284	5.104190983652302
Bhathia_01	R125	283.0	303.0	100000.0	60967.5637035091	4.701286755785472
Bhathia_01	R125	283.0	303.0	100000.0	63106.2669728156	4.295091964737615
Bhathia_01	R125	283.0	303.0	100000.0	65319.99458943548	3.885612863543898
Bhathia_01	R125	283.0	303.0	100000.0	67611.3783596462	3.4733080224475565
Bhathia_01	R125	283.0	303.0	100000.0	69983.14241181171	3.0588011386484526
Bhathia_01	R125	283.0	303.0	100000.0	72438.10643498244	2.641680828694422
Bhathia_01	R125	283.0	303.0	100000.0	74979.18903110319	2.222603363004815
Bhathia_01	R125	283.0	303.0	100000.0	77609.41118481442	1.8015483578453808
Bhathia_01	R125	283.0	303.0	100000.0	80331.89985497203	1.378521384071573
Bhathia_01	R125	283.0	303.0	100000.0	83149.89169215517	0.9549065620345265
Bhathia_01	R125	283.0	303.0	100000.0	86066.7368865822	0.5297872181805037
Bhathia_01	R125	283.0	303.0	100000.0	89085.903151008	0.10285010874773623
Bhathia_01	R134a	283.0	303.0	100000.0	100.0	81.36424385998224
Bhathia_01	R134a	283.0	303.0	100000.0	103.5079362523115	81.36424385998224
Bhathia_01	R134a	283.0	303.0	100000.0	107.13892867212581	81.36424385998224
Bhathia_01	R134a	283.0	303.0	100000.0	110.89729399135348	81.36424385998224
Bhathia_01	R134a	283.0	303.0	100000.0	114.78750037010863	81.36424385998224
Bhathia_01	R134a	283.0	303.0	100000.0	118.81417270871387	81.36424385998224
Bhathia_01	R134a	283.0	303.0	100000.0	122.98209814604685	81.36424385998224
Bhathia_01	R134a	283.0	303.0	100000.0	127.29623175076546	81.36424385998224
Bhathia_01	R134a	283.0	303.0	100000.0	131.76170241217702	81.36424385998224
Bhathia_01	R134a	283.0	303.0	100000.0	136.3838189377566	81.36424385998224
Bhathia_01	R134a	283.0	303.0	100000.0	141.16807636456102	81.36424385998224
Bhathia_01	R134a	283.0	303.0	100000.0	146.12016249204424	81.36424385998224
Bhathia_01	R134a	283.0	303.0	100000.0	151.24596464403913	81.36424385998224
Bhathia_01	R134a	283.0	303.0	100000.0	156.55157666794562	81.36424385998224
Bhathia_01	R134a	283.0	303.0	100000.0	162.04330617944572	81.36424385998224
Bhathia_01	R134a	283.0	303.0	100000.0	167.72768206135862	81.36424385998224
Bhathia_01	R134a	283.0	303.0	100000.0	173.6114622255508	81.36424385998224
Bhathia_01	R134a	283.0	303.0	100000.0	179.70164164712898	81.36424385998224
Bhathia_01	R134a	283.0	303.0	100000.0	186.00546068046754	81.36424385998224
Bhathia_01	R134a	283.0	303.0	100000.0	192.53041366695666	81.36424385998224
Bhathia_01	R134a	283.0	303.0	100000.0	199.28425784470534	81.36424385998224
Bhathia_01	R134a	283.0	303.0	100000.0	206.27502257078967	81.36424385998224
Bhathia_01	R134a	283.0	303.0	100000.0	213.51101886701414	81.36424385998224
Bhathia_01	R134a	283.0	303.0	100000.0	221.00084930052978	81.36424385998224
Bhathia_01	R134a	283.0	303.0	100000.0	228.7534182110594	81.36424385998224
Bhathia_01	R134a	283.0	303.0	100000.0	236.77794229688686	81.36424385998224
Bhathia_01	R134a	283.0	303.0	100000.0	245.08396157219659	81.36424385998224
Bhathia_01	R134a	283.0	303.0	100000.0	253.68135070878884	81.36424385998224
Bhathia_01	R134a	283.0	303.0	100000.0	262.58033077565597	81.36424385998224
Bhathia_01	R134a	283.0	303.0	100000.0	271.7914813903746	81.36424385998224
Bhathia_01	R134a	283.0	303.0	100000.0	281.32575329676206	81.36424385998224
Bhathia_01	R134a	283.0	303.0	100000.0	291.1944813837476	81.36424385998224
Bhathia_01	R134a	283.0	303.0	100000.0	301.4093981609385	81.36424385998224
Bhathia_01	R134a	283.0	303.0	100000.0	311.9826477069	81.36424385998224
Bhathia_01	R134a	283.0	303.0	100000.0	322.92680010673166	81.36424385998224
Bhathia_01	R134a	283.0	303.0	100000.0	334.2548663961052	81.36424385998224
Bhathia_01	R134a	283.0	303.0	100000.0	345.9803140295299	81.36424385998224
Bhathia_01	R134a	283.0	303.0	100000.0	358.11708289123294	81.36424385998224
Bhathia_01	R134a	283.0	303.0	100000.0	370.67960186769494	81.36424385998224
Bhathia_01	R134a	283.0	303.0	100000.0	383.6828060015357	81.36424385998224
Bhathia_01	R134a	283.0	303.0	100000.0	397.1421542471496	81.36424385998224
Bhathia_01	R134a	283.0	303.0	100000.0	411.0736478491962	81.36424385998224
Bhathia_01	R134a	283.0	303.0	100000.0	425.49384936579753	81.36424385998224
Bhathia_01	R134a	283.0	303.0	100000.0	440.41990235905604	81.36424385998224
Bhathia_01	R134a	283.0	303.0	100000.0	455.86955177630426	81.36424385998224
Bhathia_01	R134a	283.0	303.0	100000.0	471.8611650463152	81.36424385998224
Bhathia_01	R134a	283.0	303.0	100000.0	488.41375391555476	81.36424385998224
Bhathia_01	R134a	283.0	303.0	100000.0	505.546997050434	81.36424385998224
Bhathia_01	R134a	283.0	303.0	100000.0	523.2812634324383	81.36424385998224
Bhathia_01	R134a	283.0	303.0	100000.0	541.6376365739385	81.36424385998224
Bhathia_01	R134a	283.0	303.0	100000.0	560.6379395834789	81.36424385998224
Bhathia_01	R134a	283.0	303.0	100000.0	580.30476111034	81.34424251025102
Bhathia_01	R134a	283.0	303.0	100000.0	600.6614821992193	81.26469430647855
Bhathia_01	R134a	283.0	303.0	100000.0	621.7323040869574	81.1850825849284
Bhathia_01	R134a	283.0	303.0	100000.0	643.5422769743552	81.1043438306115
Bhathia_01	R134a	283.0	303.0	100000.0	666.1173298072896	81.02231171526003
Bhathia_01	R134a	283.0	303.0	100000.0	689.4843011025289	80.93902076340335
Bhathia_01	R134a	283.0	303.0	100000.0	713.670970854901	80.85414458091391
Bhathia_01	R134a	283.0	303.0	100000.0	738.7060935637436	80.76746292504939
Bhathia_01	R134a	283.0	303.0	100000.0	764.6194324179003	80.67897330878311
Bhathia_01	R134a	283.0	303.0	100000.0	791.4417946799063	80.5886477806097
Bhathia_01	R134a	283.0	303.0	100000.0	819.2050683114275	80.49640897160693
Bhathia_01	R134a	283.0	303.0	100000.0	847.9422598834972	80.40225197949175
Bhathia_01	R134a	283.0	303.0	100000.0	877.6875338166207	80.30624804547628
Bhathia_01	R134a	283.0	303.0	100000.0	908.4762529973926	80.20811983394476
Bhathia_01	R134a	283.0	303.0	100000.0	940.3450208199293	80.10778308360796
Bhathia_01	R134a	283.0	303.0	100000.0	973.3317247020778	80.00540232273458
Bhathia_01	R134a	283.0	303.0	100000.0	1007.4755811281508	79.90075782826153
Bhathia_01	R134a	283.0	303.0	100000.0	1042.817182271731	79.79379907467961
Bhathia_01	R134a	283.0	303.0	100000.0	1079.3985442539745	79.68457487346292
Bhathia_01	R134a	283.0	303.0	100000.0	1117.2631570947824	79.57298591139234
Bhathia_01	R134a	283.0	303.0	100000.0	1156.4560364162314	79.45890321291596
Bhathia_01	R134a	283.0	303.0	100000.0	1197.023776959721	79.34228582443414
Bhathia_01	R134a	283.0	303.0	100000.0	1239.0146079804795	79.22312557242503
Bhathia_01	R134a	283.0	303.0	100000.0	1282.478450585262	79.10284326757255
Bhathia_01	R134a	283.0	303.0	100000.0	1327.4669770814253	78.98121320802822
Bhathia_01	R134a	283.0	303.0	100000.0	1374.0336724079282	78.85778147446963
Bhathia_01	R134a	283.0	303.0	100000.0	1422.2338977212928	78.73236710231996
Bhathia_01	R134a	283.0	303.0	100000.0	1472.124956212121	78.60475884733036
Bhathia_01	R134a	283.0	303.0	100000.0	1523.766161230411	78.474855196928
Bhathia_01	R134a	283.0	303.0	100000.0	1577.2189068006678	78.34251569204308
Bhathia_01	R134a	283.0	303.0	100000.0	1632.5467406106395	78.20752386608339
Bhathia_01	R134a	283.0	303.0	100000.0	1689.81543956045	78.06978734237425
Bhathia_01	R134a	283.0	303.0	100000.0	1749.093087961948	77.92928748476066
Bhathia_01	R134a	283.0	303.0	100000.0	1810.45015848124	77.78571434844511
Bhathia_01	R134a	283.0	303.0	100000.0	1873.9595959206342	77.63939068195631
Bhathia_01	R134a	283.0	303.0	100000.0	1939.6969039396042	77.49019490655466
Bhathia_01	R134a	283.0	303.0	100000.0	2007.7402348178655	77.33773227843801
Bhathia_01	R134a	283.0	303.0	100000.0	2078.1704823672853	77.1821838160249
Bhathia_01	R134a	283.0	303.0	100000.0	2151.0713781030845	77.02420569139983
Bhathia_01	R134a	283.0	303.0	100000.0	2226.529590788659	76.86409018065642
Bhathia_01	R134a	283.0	303.0	100000.0	2304.63482947238	76.70155217533214
Bhathia_01	R134a	283.0	303.0	100000.0	2385.479950138839	76.5361735211142
Bhathia_01	R134a	283.0	303.0	100000.0	2469.161066101381	76.3679414953057
Bhathia_01	R134a	283.0	303.0	100000.0	2555.7776622671126	76.19651265851873
Bhathia_01	R134a	283.0	303.0	100000.0	2645.43271341026	76.02184405698128
Bhathia_01	R134a	283.0	303.0	100000.0	2738.2328065944866	75.84427101261433
Bhathia_01	R134a	283.0	303.0	100000.0	2834.2882678897013	75.66312379212131
Bhathia_01	R134a	283.0	303.0	100000.0	2933.7132935340187	75.47838803851263
Bhathia_01	R134a	283.0	303.0	100000.0	3036.6260856967806	75.29006119339283
Bhathia_01	R134a	283.0	303.0	100000.0	3143.1489930040857	75.09811225503725
Bhathia_01	R134a	283.0	303.0	100000.0	3253.4086559938396	74.90333217734783
Bhathia_01	R134a	283.0	303.0	100000.0	3367.536157673288	74.70555529455955
Bhathia_01	R134a	283.0	303.0	100000.0	3485.667179358007	74.50439398025325
Bhathia_01	R134a	283.0	303.0	100000.0	3607.9421619776303	74.29964551517013
Bhathia_01	R134a	283.0	303.0	100000.0	3734.506473040075	74.09143833708214
Bhathia_01	R134a	283.0	303.0	100000.0	3865.5105794527676	73.87955463071815
Bhathia_01	R134a	283.0	303.0	100000.0	4001.1102264063275	73.66342558851028
Bhathia_01	R134a	283.0	303.0	100000.0	4141.466622533378	73.44315177253272
Bhathia_01	R134a	283.0	303.0	100000.0	4286.746631562607	73.21923913485136
Bhathia_01	R134a	283.0	303.0	100000.0	4437.122970695934	72.99136009702147
Bhathia_01	R134a	283.0	303.0	100000.0	4592.774415944617	72.76004774377907
Bhathia_01	R134a	283.0	303.0	100000.0	4753.8860146684265	72.5246637725912
Bhathia_01	R134a	283.0	303.0	100000.0	4920.649305570547	72.28553740758208
Bhathia_01	R134a	283.0	303.0	100000.0	5093.26254640977	72.04212824890651
Bhathia_01	R134a	283.0	303.0	100000.0	5271.9309497006825	71.79439414135744
Bhathia_01	R134a	283.0	303.0	100000.0	5456.8669266820625	71.54219396794406
Bhathia_01	R134a	283.0	303.0	100000.0	5648.290339843539	71.28545317402475
Bhathia_01	R134a	283.0	303.0	100000.0	5846.4287643107255	71.02472523938555
Bhathia_01	R134a	283.0	303.0	100000.0	6051.517758399548	70.75996896372794
Bhathia_01	R134a	283.0	303.0	100000.0	6263.801143661515	70.49097965366649
Bhathia_01	R134a	283.0	303.0	100000.0	6483.531294752719	70.21715811442503
Bhathia_01	R134a	283.0	303.0	100000.0	6710.9694394713115	69.93826592275377
Bhathia_01	R134a	283.0	303.0	100000.0	6946.385969320071	69.65564232527392
Bhathia_01	R134a	283.0	303.0	100000.0	7190.06076096333	69.36793930490187
Bhathia_01	R134a	283.0	303.0	100000.0	7442.283508960394	69.07597561867321
Bhathia_01	R134a	283.0	303.0	100000.0	7703.354070171016	68.779683951127
Bhathia_01	R134a	283.0	303.0	100000.0	7973.582820242459	68.4780305905464
Bhathia_01	R134a	283.0	303.0	100000.0	8253.291022601827	68.17058606948903
Bhathia_01	R134a	283.0	303.0	100000.0	8542.811210392447	67.85848657645681
Bhathia_01	R134a	283.0	303.0	100000.0	8842.487581808335	67.54083299859336
Bhathia_01	R134a	283.0	303.0	100000.0	9152.676409296731	67.21826405028426
Bhathia_01	R134a	283.0	303.0	100000.0	9473.746463115214	66.89049268702719
Bhathia_01	R134a	283.0	303.0	100000.0	9806.07944974691	66.55754366647602
Bhathia_01	R134a	283.0	303.0	100000.0	10150.070465695051	66.21977859585581
Bhathia_01	R134a	283.0	303.0	100000.0	10506.128467196331	65.87623442754193
Bhathia_01	R134a	283.0	303.0	100000.0	10874.676756411529	65.52631767237416
Bhathia_01	R134a	283.0	303.0	100000.0	11256.153484671382	65.17069859118624
Bhathia_01	R134a	283.0	303.0	100000.0	11651.012173375993	64.8096880322103
Bhathia_01	R134a	283.0	303.0	100000.0	12059.722253167078	64.44260936731472
Bhathia_01	R134a	283.0	303.0	100000.0	12482.769622014002	64.0706178206423
Bhathia_01	R134a	283.0	303.0	100000.0	12920.657222877158	63.69204524922266
Bhathia_01	R134a	283.0	303.0	100000.0	13373.905641635398	63.307189930606086
Bhathia_01	R134a	283.0	303.0	100000.0	13843.053725988231	62.916247541026415
Bhathia_01	R134a	283.0	303.0	100000.0	14328.65922606916	62.51948578191883
Bhathia_01	R134a	283.0	303.0	100000.0	14831.299457530586	62.116266532077816
Bhathia_01	R134a	283.0	303.0	100000.0	15351.571987890213	61.706172015726644
Bhathia_01	R134a	283.0	303.0	100000.0	15890.095346953078	61.29032799808222
Bhathia_01	R134a	283.0	303.0	100000.0	16447.509762155743	60.86744214829442
Bhathia_01	R134a	283.0	303.0	100000.0	17024.47791970484	60.43657219155067
Bhathia_01	R134a	283.0	303.0	100000.0	17621.68575241697	59.99998233107718
Bhathia_01	R134a	283.0	303.0	100000.0	18239.84325519438	59.556958272029654
Bhathia_01	R134a	283.0	303.0	100000.0	18879.685329108175	59.106702601253545
Bhathia_01	R134a	283.0	303.0	100000.0	19541.972655090256	58.65005728510364
Bhathia_01	R134a	283.0	303.0	100000.0	20227.49259827501	58.18580430063868
Bhathia_01	R134a	283.0	303.0	100000.0	20937.060144063526	57.71287655102492
Bhathia_01	R134a	283.0	303.0	100000.0	21671.518867025392	57.23332313707736
Bhathia_01	R134a	283.0	303.0	100000.0	22431.741933788304	56.74706064688373
Bhathia_01	R134a	283.0	303.0	100000.0	23218.633141108625	56.252414521643644
Bhathia_01	R134a	283.0	303.0	100000.0	24033.127990356785	55.75013545195778
Bhathia_01	R134a	283.0	303.0	100000.0	24876.194799694935	55.23986603083421
Bhathia_01	R134a	283.0	303.0	100000.0	25748.835855269062	54.72149806983464
Bhathia_01	R134a	283.0	303.0	100000.0	26652.088602784228	54.195526390570755
Bhathia_01	R134a	283.0	303.0	100000.0	27587.026880879475	53.661834682882066
Bhathia_01	R134a	283.0	303.0	100000.0	28554.762197768767	53.118603927152215
Bhathia_01	R134a	283.0	303.0	100000.0	29556.445052665636	52.56673781083066
Bhathia_01	R134a	283.0	303.0	100000.0	30593.266303562625	52.006281334148454
Bhathia_01	R134a	283.0	303.0	100000.0	31666.458582991498	51.43744379514066
Bhathia_01	R134a	283.0	303.0	100000.0	32777.29776344747	50.86039904737613
Bhathia_01	R134a	283.0	303.0	100000.0	33927.104474219595	50.274009224918835
Bhathia_01	R134a	283.0	303.0	100000.0	35117.24567143027	49.67883150962001
Bhathia_01	R134a	283.0	303.0	100000.0	36349.13626315173	49.07384638677054
Bhathia_01	R134a	283.0	303.0	100000.0	37624.240791528864	48.45977608236679
Bhathia_01	R134a	283.0	303.0	100000.0	38944.07517391196	47.836303149848895
Bhathia_01	R134a	283.0	303.0	100000.0	40310.20850506498	47.20388316524701
Bhathia_01	R134a	283.0	303.0	100000.0	41724.264922596594	46.560754013751826
Bhathia_01	R134a	283.0	303.0	100000.0	43187.92553782676	45.90862867485715
Bhathia_01	R134a	283.0	303.0	100000.0	44702.93043438957	45.24629121092657
Bhathia_01	R134a	283.0	303.0	100000.0	46271.08073694302	44.57428057290297
Bhathia_01	R134a	283.0	303.0	100000.0	47894.24075245067	43.89346184659693
Bhathia_01	R134a	283.0	303.0	100000.0	49574.34018657513	43.20236349180423
Bhathia_01	R134a	283.0	303.0	100000.0	51313.376437824336	42.500871339036934
Bhathia_01	R134a	283.0	303.0	100000.0	53113.41697217184	41.78868690843357
Bhathia_01	R134a	283.0	303.0	100000.0	54976.60178098003	41.065071619876576
Bhathia_01	R134a	283.0	303.0	100000.0	56905.14592514396	40.3324296555079
Bhathia_01	R134a	283.0	303.0	100000.0	58901.34216848284	39.59010090281967
Bhathia_01	R134a	283.0	303.0	100000.0	60967.5637035091	38.8377282284379
Bhathia_01	R134a	283.0	303.0	100000.0	63106.2669728156	38.0746198386772
Bhathia_01	R134a	283.0	303.0	100000.0	65319.99458943548	37.30193230173052
Bhathia_01	R134a	283.0	303.0	100000.0	67611.3783596462	36.519293194968945
Bhathia_01	R134a	283.0	303.0	100000.0	69983.14241181171	35.7278893760709
Bhathia_01	R134a	283.0	303.0	100000.0	72438.10643498244	34.92568756017674
Bhathia_01	R134a	283.0	303.0	100000.0	74979.18903110319	34.113009137261365
Bhathia_01	R134a	283.0	303.0	100000.0	77609.41118481442	33.290045592729825
Bhathia_01	R134a	283.0	303.0	100000.0	80331.89985497203	32.45745007938392
Bhathia_01	R134a	283.0	303.0	100000.0	83149.89169215517	31.61778759407488
Bhathia_01	R134a	283.0	303.0	100000.0	86066.7368865822	30.769756114448988
Bhathia_01	R134a	283.0	303.0	100000.0	89085.903151008	29.91274498868329
Bhathia_01	R32	283.0	303.0	100000.0	100.0	12.3998180077402
Bhathia_01	R32	283.0	303.0	100000.0	103.5079362523115	12.3998180077402
Bhathia_01	R32	283.0	303.0	100000.0	107.13892867212581	12.3998180077402
Bhathia_01	R32	283.0	303.0	100000.0	110.89729399135348	12.3998180077402
Bhathia_01	R32	283.0	303.0	100000.0	114.78750037010863	12.3998180077402
Bhathia_01	R32	283.0	303.0	100000.0	118.81417270871387	12.3998180077402
Bhathia_01	R32	283.0	303.0	100000.0	122.98209814604685	12.3998180077402
Bhathia_01	R32	283.0	303.0	100000.0	127.29623175076546	12.3998180077402
Bhathia_01	R32	283.0	303.0	100000.0	131.76170241217702	12.3998180077402
Bhathia_01	R32	283.0	303.0	100000.0	136.3838189377566	12.3998180077402
Bhathia_01	R32	283.0	303.0	100000.0	141.16807636456102	12.3998180077402
Bhathia_01	R32	283.0	303.0	100000.0	146.12016249204424	12.3998180077402
Bhathia_01	R32	283.0	303.0	100000.0	151.24596464403913	12.3998180077402
Bhathia_01	R32	283.0	303.0	100000.0	156.55157666794562	12.3998180077402
Bhathia_01	R32	283.0	303.0	100000.0	162.04330617944572	12.3998180077402
Bhathia_01	R32	283.0	303.0	100000.0	167.72768206135862	12.3998180077402
Bhathia_01	R32	283.0	303.0	100000.0	173.6114622255508	12.3998180077402
Bhathia_01	R32	283.0	303.0	100000.0	179.70164164712898	12.3998180077402
Bhathia_01	R32	283.0	303.0	100000.0	186.00546068046754	12.3998180077402
Bhathia_01	R32	283.0	303.0	100000.0	192.53041366695666	12.3998180077402
Bhathia_01	R32	283.0	303.0	100000.0	199.28425784470534	12.3998180077402
Bhathia_01	R32	283.0	303.0	100000.0	206.27502257078967	12.3998180077402
Bhathia_01	R32	283.0	303.0	100000.0	213.51101886701414	12.3998180077402
Bhathia_01	R32	283.0	303.0	100000.0	221.00084930052978	12.3998180077402
Bhathia_01	R32	283.0	303.0	100000.0	228.7534182110594	12.3998180077402
Bhathia_01	R32	283.0	303.0	100000.0	236.77794229688686	12.3998180077402
Bhathia_01	R32	283.0	303.0	100000.0	245.08396157219659	12.3998180077402
Bhathia_01	R32	283.0	303.0	100000.0	253.68135070878884	12.3998180077402
Bhathia_01	R32	283.0	303.0	100000.0	262.58033077565597	12.39856864807528
Bhathia_01	R32	283.0	303.0	100000.0	271.7914813903746	12.396582093109275
Bhathia_01	R32	283.0	303.0	100000.0	281.32575329676206	12.394527296737953
Bhathia_01	R32	283.0	303.0	100000.0	291.1944813837476	12.392401799619675
Bhathia_01	R32	283.0	303.0	100000.0	301.4093981609385	12.390203218577506
Bhathia_01	R32	283.0	303.0	100000.0	311.9826477069	12.387929070215892
Bhathia_01	R32	283.0	303.0	100000.0	322.92680010673166	12.385576840163237
Bhathia_01	R32	283.0	303.0	100000.0	334.2548663961052	12.38314401578319
Bhathia_01	R32	283.0	303.0	100000.0	345.9803140295299	12.380627782714987
Bhathia_01	R32	283.0	303.0	100000.0	358.11708289123294	12.378025289555985
Bhathia_01	R32	283.0	303.0	100000.0	370.67960186769494	12.37533364205097
Bhathia_01	R32	283.0	303.0	100000.0	383.6828060015357	12.372549840302826
Bhathia_01	R32	283.0	303.0	100000.0	397.1421542471496	12.369670835760347
Bhathia_01	R32	283.0	303.0	100000.0	411.0736478491962	12.366693643982686
Bhathia_01	R32	283.0	303.0	100000.0	425.49384936579753	12.363614711761159
Bhathia_01	R32	283.0	303.0	100000.0	440.41990235905604	12.360430668809183
Bhathia_01	R32	283.0	303.0	100000.0	455.86955177630426	12.35713798421969
Bhathia_01	R32	283.0	303.0	100000.0	471.8611650463152	12.3537330054888
Bhathia_01	R32	283.0	303.0	100000.0	488.41375391555476	12.350212348998053
Bhathia_01	R32	283.0	303.0	100000.0	505.546997050434	12.346750714881413
Bhathia_01	R32	283.0	303.0	100000.0	523.2812634324383	12.343208782537895
Bhathia_01	R32	283.0	303.0	100000.0	541.6376365739385	12.339546406535895
Bhathia_01	R32	283.0	303.0	100000.0	560.6379395834789	12.33575961590394
Bhathia_01	R32	283.0	303.0	100000.0	580.30476111034	12.331844357342389
Bhathia_01	R32	283.0	303.0	100000.0	600.6614821992193	12.327796762392667
Bhathia_01	R32	283.0	303.0	100000.0	621.7323040869574	12.323612027524435
Bhathia_01	R32	283.0	303.0	100000.0	643.5422769743552	12.319285638767523
Bhathia_01	R32	283.0	303.0	100000.0	666.1173298072896	12.314812926755605
Bhathia_01	R32	283.0	303.0	100000.0	689.4843011025289	12.310189561509489
Bhathia_01	R32	283.0	303.0	100000.0	713.670970854901	12.305411156990498
Bhathia_01	R32	283.0	303.0	100000.0	738.7060935637436	12.300471906771074
Bhathia_01	R32	283.0	303.0	100000.0	764.6194324179003	12.295369676784198
Bhathia_01	R32	283.0	303.0	100000.0	791.4417946799063	12.290129052733246
Bhathia_01	R32	283.0	303.0	100000.0	819.2050683114275	12.284712239195855
Bhathia_01	R32	283.0	303.0	100000.0	847.9422598834972	12.279113680197392
Bhathia_01	R32	283.0	303.0	100000.0	877.6875338166207	12.273328191588307
Bhathia_01	R32	283.0	303.0	100000.0	908.4762529973926	12.267348875025302
Bhathia_01	R32	283.0	303.0	100000.0	940.3450208199293	12.261169487005063
Bhathia_01	R32	283.0	303.0	100000.0	973.3317247020778	12.254783587893245
Bhathia_01	R32	283.0	303.0	100000.0	1007.4755811281508	12.248184530607569
Bhathia_01	R32	283.0	303.0	100000.0	1042.817182271731	12.241366295004315
Bhathia_01	R32	283.0	303.0	100000.0	1079.3985442539745	12.234322094312287
Bhathia_01	R32	283.0	303.0	100000.0	1117.2631570947824	12.2270560900668
Bhathia_01	R32	283.0	303.0	100000.0	1156.4560364162314	12.219548814415147
Bhathia_01	R32	283.0	303.0	100000.0	1197.023776959721	12.211792608321845
Bhathia_01	R32	283.0	303.0	100000.0	1239.0146079804795	12.203779795745229
Bhathia_01	R32	283.0	303.0	100000.0	1282.478450585262	12.195503712538715
Bhathia_01	R32	283.0	303.0	100000.0	1327.4669770814253	12.186954441633779
Bhathia_01	R32	283.0	303.0	100000.0	1374.0336724079282	12.178123304697563
Bhathia_01	R32	283.0	303.0	100000.0	1422.2338977212928	12.16900066542214
Bhathia_01	R32	283.0	303.0	100000.0	1472.124956212121	12.159582986411454
Bhathia_01	R32	283.0	303.0	100000.0	1523.766161230411	12.149863990074552
Bhathia_01	R32	283.0	303.0	100000.0	1577.2189068006678	12.13982779480435
Bhathia_01	R32	283.0	303.0	100000.0	1632.5467406106395	12.129463552678619
Bhathia_01	R32	283.0	303.0	100000.0	1689.81543956045	12.118761086107257
Bhathia_01	R32	283.0	303.0	100000.0	1749.093087961948	12.107709997832451
Bhathia_01	R32	283.0	303.0	100000.0	1810.45015848124	12.096299842201365
Bhathia_01	R32	283.0	303.0	100000.0	1873.9595959206342	12.084522435254767
Bhathia_01	R32	283.0	303.0	100000.0	1939.6969039396042	12.072363805497552
Bhathia_01	R32	283.0	303.0	100000.0	2007.7402348178655	12.059812254736544
Bhathia_01	R32	283.0	303.0	100000.0	2078.1704823672853	12.046855740199831
Bhathia_01	R32	283.0	303.0	100000.0	2151.0713781030845	12.033482050030601
Bhathia_01	R32	283.0	303.0	100000.0	2226.529590788659	12.019681199112998
Bhathia_01	R32	283.0	303.0	100000.0	2304.63482947238	12.005439952272594
Bhathia_01	R32	283.0	303.0	100000.0	2385.479950138839	11.990743084489829
Bhathia_01	R32	283.0	303.0	100000.0	2469.161066101381	11.975724978464449
Bhathia_01	R32	283.0	303.0	100000.0	2555.7776622671126	11.961085373813878
Bhathia_01	R32	283.0	303.0	100000.0	2645.43271341026	11.945979565004281
Bhathia_01	R32	283.0	303.0	100000.0	2738.2328065944866	11.930398798778796
Bhathia_01	R32	283.0	303.0	100000.0	2834.2882678897013	11.914323975938387
Bhathia_01	R32	283.0	303.0	100000.0	2933.7132935340187	11.897806270465095
Bhathia_01	R32	283.0	303.0	100000.0	3036.6260856967806	11.880829758025925
Bhathia_01	R32	283.0	303.0	100000.0	3143.1489930040857	11.863320274147666
Bhathia_01	R32	283.0	303.0	100000.0	3253.4086559938396	11.845267696914831
Bhathia_01	R32	283.0	303.0	100000.0	3367.536157673288	11.826652835721703
Bhathia_01	R32	283.0	303.0	100000.0	3485.667179358007	11.807490625865452
Bhathia_01	R32	283.0	303.0	100000.0	3607.9421619776303	11.787733853261882
Bhathia_01	R32	283.0	303.0	100000.0	3734.506473040075	11.767362639936689
Bhathia_01	R32	283.0	303.0	100000.0	3865.5105794527676	11.746359830173015
Bhathia_01	R32	283.0	303.0	100000.0	4001.1102264063275	11.724725504343297
Bhathia_01	R32	283.0	303.0	100000.0	4141.466622533378	11.702440864276943
Bhathia_01	R32	283.0	303.0	100000.0	4286.746631562607	11.679471076526864
Bhathia_01	R32	283.0	303.0	100000.0	4437.122970695934	11.655797033269925
Bhathia_01	R32	283.0	303.0	100000.0	4592.774415944617	11.632808221899705
Bhathia_01	R32	283.0	303.0	100000.0	4753.8860146684265	11.609430077659619
Bhathia_01	R32	283.0	303.0	100000.0	4920.649305570547	11.58534316446819
Bhathia_01	R32	283.0	303.0	100000.0	5093.26254640977	11.56058465647279
Bhathia_01	R32	283.0	303.0	100000.0	5271.9309497006825	11.535229765468527
Bhathia_01	R32	283.0	303.0	100000.0	5456.8669266820625	11.509105652026411
Bhathia_01	R32	283.0	303.0	100000.0	5648.290339843539	11.482201079150089
Bhathia_01	R32	283.0	303.0	100000.0	5846.4287643107255	11.454542100856324
Bhathia_01	R32	283.0	303.0	100000.0	6051.517758399548	11.426071614543678
Bhathia_01	R32	283.0	303.0	100000.0	6263.801143661515	11.396747996564391
Bhathia_01	R32	283.0	303.0	100000.0	6483.531294752719	11.36654833972942
Bhathia_01	R32	283.0	303.0	100000.0	6710.9694394713115	11.336663194625707
Bhathia_01	R32	283.0	303.0	100000.0	6946.385969320071	11.305914245797952
Bhathia_01	R32	283.0	303.0	100000.0	7190.06076096333	11.274260422808197
Bhathia_01	R32	283.0	303.0	100000.0	7442.283508960394	11.241928555862732
Bhathia_01	R32	283.0	303.0	100000.0	7703.354070171016	11.208669791051324
Bhathia_01	R32	283.0	303.0	100000.0	7973.582820242459	11.174422557653141
Bhathia_01	R32	283.0	303.0	100000.0	8253.291022601827	11.139218854740452
Bhathia_01	R32	283.0	303.0	100000.0	8542.811210392447	11.103029667845478
Bhathia_01	R32	283.0	303.0	100000.0	8842.487581808335	11.065798888484439
Bhathia_01	R32	283.0	303.0	100000.0	9152.676409296731	11.027503064257404
Bhathia_01	R32	283.0	303.0	100000.0	9473.746463115214	10.98823103295293
Bhathia_01	R32	283.0	303.0	100000.0	9806.07944974691	10.948093972224745
Bhathia_01	R32	283.0	303.0	100000.0	10150.070465695051	10.906818579032343
Bhathia_01	R32	283.0	303.0	100000.0	10506.128467196331	10.8644078822065
Bhathia_01	R32	283.0	303.0	100000.0	10874.676756411529	10.820846068914326
Bhathia_01	R32	283.0	303.0	100000.0	11256.153484671382	10.776036027266327
Bhathia_01	R32	283.0	303.0	100000.0	11651.012173375993	10.730087366565947
Bhathia_01	R32	283.0	303.0	100000.0	12059.722253167078	10.68319157321643
Bhathia_01	R32	283.0	303.0	100000.0	12482.769622014002	10.63500171217053
Bhathia_01	R32	283.0	303.0	100000.0	12920.657222877158	10.585508285513297
Bhathia_01	R32	283.0	303.0	100000.0	13373.905641635398	10.534679141688322
Bhathia_01	R32	283.0	303.0	100000.0	13843.053725988231	10.48252377046261
Bhathia_01	R32	283.0	303.0	100000.0	14328.65922606916	10.429117263938926
Bhathia_01	R32	283.0	303.0	100000.0	14831.299457530586	10.374278282419537
Bhathia_01	R32	283.0	303.0	100000.0	15351.571987890213	10.318037580888223
Bhathia_01	R32	283.0	303.0	100000.0	15890.095346953078	10.260248270491829
Bhathia_01	R32	283.0	303.0	100000.0	16447.509762155743	10.2008481584096
Bhathia_01	R32	283.0	303.0	100000.0	17024.47791970484	10.139894679007956
Bhathia_01	R32	283.0	303.0	100000.0	17621.68575241697	10.077362686987541
Bhathia_01	R32	283.0	303.0	100000.0	18239.84325519438	10.013221086068654
Bhathia_01	R32	283.0	303.0	100000.0	18879.685329108175	9.947336030870249
Bhathia_01	R32	283.0	303.0	100000.0	19541.972655090256	9.879752644754115
Bhathia_01	R32	283.0	303.0	100000.0	20227.49259827501	9.810478153525402
Bhathia_01	R32	283.0	303.0	100000.0	20937.060144063526	9.739347206890443
Bhathia_01	R32	283.0	303.0	100000.0	21671.518867025392	9.666380955501133
Bhathia_01	R32	283.0	303.0	100000.0	22431.741933788304	9.59159460025408
Bhathia_01	R32	283.0	303.0	100000.0	23218.633141108625	9.514785168510832
Bhathia_01	R32	283.0	303.0	100000.0	24033.127990356785	9.436016413309462
Bhathia_01	R32	283.0	303.0	100000.0	24876.194799694935	9.355171179546307
Bhathia_01	R32	283.0	303.0	100000.0	25748.835855269062	9.272145853537193
Bhathia_01	R32	283.0	303.0	100000.0	26652.088602784228	9.18712967643111
Bhathia_01	R32	283.0	303.0	100000.0	27587.026880879475	9.099868543230771
Bhathia_01	R32	283.0	303.0	100000.0	28554.762197768767	9.010340628799389
Bhathia_01	R32	283.0	303.0	100000.0	29556.445052665636	8.918549246676548
Bhathia_01	R32	283.0	303.0	100000.0	30593.266303562625	8.824348736892887
Bhathia_01	R32	283.0	303.0	100000.0	31666.458582991498	8.72774810567866
Bhathia_01	R32	283.0	303.0	100000.0	32777.29776344747	8.62869057940021
Bhathia_01	R32	283.0	303.0	100000.0	33927.104474219595	8.527029066813247
Bhathia_01	R32	283.0	303.0	100000.0	35117.24567143027	8.422785148234325
Bhathia_01	R32	283.0	303.0	100000.0	36349.13626315173	8.31580229588144
Bhathia_01	R32	283.0	303.0	100000.0	37624.240791528864	8.206044121133402
Bhathia_01	R32	283.0	303.0	100000.0	38944.07517391196	8.093572898404167
Bhathia_01	R32	283.0	303.0	100000.0	40310.20850506498	7.9782166858157035
Bhathia_01	R32	283.0	303.0	100000.0	41724.264922596594	7.8599840945024555
Bhathia_01	R32	283.0	303.0	100000.0	43187.92553782676	7.738723363973925
Bhathia_01	R32	283.0	303.0	100000.0	44702.93043438957	7.614400428018915
Bhathia_01	R32	283.0	303.0	100000.0	46271.08073694302	7.4870080100307925
Bhathia_01	R32	283.0	303.0	100000.0	47894.24075245067	7.356527506822037
Bhathia_01	R32	283.0	303.0	100000.0	49574.34018657513	7.222794122658276
Bhathia_01	R32	283.0	303.0	100000.0	51313.376437824336	7.0857291771950734
Bhathia_01	R32	283.0	303.0	100000.0	53113.41697217184	6.945220253019408
Bhathia_01	R32	283.0	303.0	100000.0	54976.60178098003	6.801219742551872
Bhathia_01	R32	283.0	303.0	100000.0	56905.14592514396	6.653837617592699
Bhathia_01	R32	283.0	303.0	100000.0	58901.34216848284	6.5028610811163015
Bhathia_01	R32	283.0	303.0	100000.0	60967.5637035091	6.348182375319081
Bhathia_01	R32	283.0	303.0	100000.0	63106.2669728156	6.189716445304013
Bhathia_01	R32	283.0	303.0	100000.0	65319.99458943548	6.0273853127801775
Bhathia_01	R32	283.0	303.0	100000.0	67611.3783596462	5.86119012333981
Bhathia_01	R32	283.0	303.0	100000.0	69983.14241181171	5.691162224484889
Bhathia_01	R32	283.0	303.0	100000.0	72438.10643498244	5.517169706743152
Bhathia_01	R32	283.0	303.0	100000.0	74979.18903110319	5.339176931308558
Bhathia_01	R32	283.0	303.0	100000.0	77609.41118481442	5.157146191143542
Bhathia_01	R32	283.0	303.0	100000.0	80331.89985497203	4.971019116951107
Bhathia_01	R32	283.0	303.0	100000.0	83149.89169215517	4.780927561896219
Bhathia_01	R32	283.0	303.0	100000.0	86066.7368865822	4.586626752533808
Bhathia_01	R32	283.0	303.0	100000.0	89085.903151008	4.3880013443422925
