framework	molecule	T_ads_K	T_des_K	P_ads_Pa	P_des_Pa	SD
Bhathia_01	R407F	283.0	333.0	100000.0	100.0	125.21454236102329
Bhathia_01	R407F	283.0	333.0	100000.0	103.5079362523115	125.21454236102329
Bhathia_01	R407F	283.0	333.0	100000.0	107.13892867212581	125.21454236102329
Bhathia_01	R407F	283.0	333.0	100000.0	110.89729399135348	125.21454236102329
Bhathia_01	R407F	283.0	333.0	100000.0	114.78750037010863	125.21454236102329
Bhathia_01	R407F	283.0	333.0	100000.0	118.81417270871387	125.21454236102329
Bhathia_01	R407F	283.0	333.0	100000.0	122.98209814604685	125.21454236102329
Bhathia_01	R407F	283.0	333.0	100000.0	127.29623175076546	125.21454236102329
Bhathia_01	R407F	283.0	333.0	100000.0	131.76170241217702	125.21454236102329
Bhathia_01	R407F	283.0	333.0	100000.0	136.3838189377566	125.21454236102329
Bhathia_01	R407F	283.0	333.0	100000.0	141.16807636456102	125.21454236102329
Bhathia_01	R407F	283.0	333.0	100000.0	146.12016249204424	125.21454236102329
Bhathia_01	R407F	283.0	333.0	100000.0	151.24596464403913	125.21454236102329
Bhathia_01	R407F	283.0	333.0	100000.0	156.55157666794562	125.21454236102329
Bhathia_01	R407F	283.0	333.0	100000.0	162.04330617944572	125.21454236102329
Bhathia_01	R407F	283.0	333.0	100000.0	167.72768206135862	125.21454236102329
Bhathia_01	R407F	283.0	333.0	100000.0	173.6114622255508	125.21454236102329
Bhathia_01	R407F	283.0	333.0	100000.0	179.70164164712898	125.21454236102329
Bhathia_01	R407F	283.0	333.0	100000.0	186.00546068046754	125.21454236102329
Bhathia_01	R407F	283.0	333.0	100000.0	192.53041366695666	125.21454236102329
Bhathia_01	R407F	283.0	333.0	100000.0	199.28425784470534	125.21454236102329
Bhathia_01	R407F	283.0	333.0	100000.0	206.27502257078967	125.21454236102329
Bhathia_01	R407F	283.0	333.0	100000.0	213.51101886701414	125.21454236102329
Bhathia_01	R407F	283.0	333.0	100000.0	221.00084930052978	125.21454236102329
Bhathia_01	R407F	283.0	333.0	100000.0	228.7534182110594	125.21454236102329
Bhathia_01	R407F	283.0	333.0	100000.0	236.77794229688686	125.21454236102329
Bhathia_01	R407F	283.0	333.0	100000.0	245.08396157219659	125.21454236102329
Bhathia_01	R407F	283.0	333.0	100000.0	253.68135070878884	125.21454236102329
Bhathia_01	R407F	283.0	333.0	100000.0	262.58033077565597	125.21454236102329
Bhathia_01	R407F	283.0	333.0	100000.0	271.7914813903746	125.21454236102329
Bhathia_01	R407F	283.0	333.0	100000.0	281.32575329676206	125.21454236102329
Bhathia_01	R407F	283.0	333.0	100000.0	291.1944813837476	125.21454236102329
Bhathia_01	R407F	283.0	333.0	100000.0	301.4093981609385	125.21454236102329
Bhathia_01	R407F	283.0	333.0	100000.0	311.9826477069	125.21454236102329
Bhathia_01	R407F	283.0	333.0	100000.0	322.92680010673166	125.21454236102329
Bhathia_01	R407F	283.0	333.0	100000.0	334.2548663961052	125.21454236102329
Bhathia_01	R407F	283.0	333.0	100000.0	345.9803140295299	125.21454236102329
Bhathia_01	R407F	283.0	333.0	100000.0	358.11708289123294	125.21454236102329
Bhathia_01	R407F	283.0	333.0	100000.0	370.67960186769494	125.21454236102329
Bhathia_01	R407F	283.0	333.0	100000.0	383.6828060015357	125.21454236102329
Bhathia_01	R407F	283.0	333.0	100000.0	397.1421542471496	125.21454236102329
Bhathia_01	R407F	283.0	333.0	100000.0	411.0736478491962	125.21454236102329
Bhathia_01	R407F	283.0	333.0	100000.0	425.49384936579753	125.21454236102329
Bhathia_01	R407F	283.0	333.0	100000.0	440.41990235905604	125.21454236102329
Bhathia_01	R407F	283.0	333.0	100000.0	455.86955177630426	125.21454236102329
Bhathia_01	R407F	283.0	333.0	100000.0	471.8611650463152	125.21454236102329
Bhathia_01	R407F	283.0	333.0	100000.0	488.41375391555476	125.21286520281336
Bhathia_01	R407F	283.0	333.0	100000.0	505.546997050434	125.21089599396035
Bhathia_01	R407F	283.0	333.0	100000.0	523.2812634324383	125.20885983295507
Bhathia_01	R407F	283.0	333.0	100000.0	541.6376365739385	125.20675445228296
Bhathia_01	R407F	283.0	333.0	100000.0	560.6379395834789	125.20457754418473
Bhathia_01	R407F	283.0	333.0	100000.0	580.30476111034	125.20232673531497
Bhathia_01	R407F	283.0	333.0	100000.0	600.6614821992193	125.19999977885871
Bhathia_01	R407F	283.0	333.0	100000.0	621.7323040869574	125.19759384382314
Bhathia_01	R407F	283.0	333.0	100000.0	643.5422769743552	125.19510630672046
Bhathia_01	R407F	283.0	333.0	100000.0	666.1173298072896	125.1925344156989
Bhathia_01	R407F	283.0	333.0	100000.0	689.4843011025289	125.18987532215549
Bhathia_01	R407F	283.0	333.0	100000.0	713.670970854901	125.18712638695348
Bhathia_01	R407F	283.0	333.0	100000.0	738.7060935637436	125.18428446019351
Bhathia_01	R407F	283.0	333.0	100000.0	764.6194324179003	125.18134636370073
Bhathia_01	R407F	283.0	333.0	100000.0	791.4417946799063	125.17830883990045
Bhathia_01	R407F	283.0	333.0	100000.0	819.2050683114275	125.17516855841646
Bhathia_01	R407F	283.0	333.0	100000.0	847.9422598834972	125.1719222025267
Bhathia_01	R407F	283.0	333.0	100000.0	877.6875338166207	125.16856658910308
Bhathia_01	R407F	283.0	333.0	100000.0	908.4762529973926	125.16509763318103
Bhathia_01	R407F	283.0	333.0	100000.0	940.3450208199293	125.16167764804197
Bhathia_01	R407F	283.0	333.0	100000.0	973.3317247020778	125.15818951673076
Bhathia_01	R407F	283.0	333.0	100000.0	1007.4755811281508	125.15458372750818
Bhathia_01	R407F	283.0	333.0	100000.0	1042.817182271731	125.15085675155174
Bhathia_01	R407F	283.0	333.0	100000.0	1079.3985442539745	125.14526474122972
Bhathia_01	R407F	283.0	333.0	100000.0	1117.2631570947824	125.10779968111895
Bhathia_01	R407F	283.0	333.0	100000.0	1156.4560364162314	125.06936965246996
Bhathia_01	R407F	283.0	333.0	100000.0	1197.023776959721	125.02995033046062
Bhathia_01	R407F	283.0	333.0	100000.0	1239.0146079804795	124.98952265052341
Bhathia_01	R407F	283.0	333.0	100000.0	1282.478450585262	124.94809872688374
Bhathia_01	R407F	283.0	333.0	100000.0	1327.4669770814253	124.905612252362
Bhathia_01	R407F	283.0	333.0	100000.0	1374.0336724079282	124.8620358653539
Bhathia_01	R407F	283.0	333.0	100000.0	1422.2338977212928	124.81734238420515
Bhathia_01	R407F	283.0	333.0	100000.0	1472.124956212121	124.77153614489443
Bhathia_01	R407F	283.0	333.0	100000.0	1523.766161230411	124.72459553732799
Bhathia_01	R407F	283.0	333.0	100000.0	1577.2189068006678	124.67647777056756
Bhathia_01	R407F	283.0	333.0	100000.0	1632.5467406106395	124.62713181443463
Bhathia_01	R407F	283.0	333.0	100000.0	1689.81543956045	124.57652729359313
Bhathia_01	R407F	283.0	333.0	100000.0	1749.093087961948	124.52463325809703
Bhathia_01	R407F	283.0	333.0	100000.0	1810.45015848124	124.47142386483836
Bhathia_01	R407F	283.0	333.0	100000.0	1873.9595959206342	124.41692062634938
Bhathia_01	R407F	283.0	333.0	100000.0	1939.6969039396042	124.36103391938873
Bhathia_01	R407F	283.0	333.0	100000.0	2007.7402348178655	124.30373002656457
Bhathia_01	R407F	283.0	333.0	100000.0	2078.1704823672853	124.24498734795995
Bhathia_01	R407F	283.0	333.0	100000.0	2151.0713781030845	124.18565019977547
Bhathia_01	R407F	283.0	333.0	100000.0	2226.529590788659	124.12544260496735
Bhathia_01	R407F	283.0	333.0	100000.0	2304.63482947238	124.06397574175936
Bhathia_01	R407F	283.0	333.0	100000.0	2385.479950138839	124.00106943384645
Bhathia_01	R407F	283.0	333.0	100000.0	2469.161066101381	123.936647599921
Bhathia_01	R407F	283.0	333.0	100000.0	2555.7776622671126	123.80536354491431
Bhathia_01	R407F	283.0	333.0	100000.0	2645.43271341026	123.64734960452233
Bhathia_01	R407F	283.0	333.0	100000.0	2738.2328065944866	123.48693385740005
Bhathia_01	R407F	283.0	333.0	100000.0	2834.2882678897013	123.32322341105429
Bhathia_01	R407F	283.0	333.0	100000.0	2933.7132935340187	123.15608897567631
Bhathia_01	R407F	283.0	333.0	100000.0	3036.6260856967806	122.98503382105956
Bhathia_01	R407F	283.0	333.0	100000.0	3143.1489930040857	122.80971496797913
Bhathia_01	R407F	283.0	333.0	100000.0	3253.4086559938396	122.6302630989542
Bhathia_01	R407F	283.0	333.0	100000.0	3367.536157673288	122.44711517756593
Bhathia_01	R407F	283.0	333.0	100000.0	3485.667179358007	122.26006681605838
Bhathia_01	R407F	283.0	333.0	100000.0	3607.9421619776303	122.06870538714062
Bhathia_01	R407F	283.0	333.0	100000.0	3734.506473040075	121.8727367005455
Bhathia_01	R407F	283.0	333.0	100000.0	3865.5105794527676	121.67196719086039
Bhathia_01	R407F	283.0	333.0	100000.0	4001.1102264063275	121.46680588823969
Bhathia_01	R407F	283.0	333.0	100000.0	4141.466622533378	121.25644659264994
Bhathia_01	R407F	283.0	333.0	100000.0	4286.746631562607	121.04090585689919
Bhathia_01	R407F	283.0	333.0	100000.0	4437.122970695934	120.82004847964832
Bhathia_01	R407F	283.0	333.0	100000.0	4592.774415944617	120.59376139278011
Bhathia_01	R407F	283.0	333.0	100000.0	4753.8860146684265	120.36308848521588
Bhathia_01	R407F	283.0	333.0	100000.0	4920.649305570547	120.12756567333442
Bhathia_01	R407F	283.0	333.0	100000.0	5093.26254640977	119.88829022363313
Bhathia_01	R407F	283.0	333.0	100000.0	5271.9309497006825	119.64496882206758
Bhathia_01	R407F	283.0	333.0	100000.0	5456.8669266820625	119.39679680902847
Bhathia_01	R407F	283.0	333.0	100000.0	5648.290339843539	119.14353806816288
Bhathia_01	R407F	283.0	333.0	100000.0	5846.4287643107255	118.88491369009445
Bhathia_01	R407F	283.0	333.0	100000.0	6051.517758399548	118.62062982968366
Bhathia_01	R407F	283.0	333.0	100000.0	6263.801143661515	118.3504860679412
Bhathia_01	R407F	283.0	333.0	100000.0	6483.531294752719	118.074415021296
Bhathia_01	R407F	283.0	333.0	100000.0	6710.9694394713115	117.79213078067056
Bhathia_01	R407F	283.0	333.0	100000.0	6946.385969320071	117.50330423535786
Bhathia_01	R407F	283.0	333.0	100000.0	7190.06076096333	117.2082063412373
Bhathia_01	R407F	283.0	333.0	100000.0	7442.283508960394	116.90632358677462
Bhathia_01	R407F	283.0	333.0	100000.0	7703.354070171016	116.5974082206508
Bhathia_01	R407F	283.0	333.0	100000.0	7973.582820242459	116.28251228442691
Bhathia_01	R407F	283.0	333.0	100000.0	8253.291022601827	115.96174439607888
Bhathia_01	R407F	283.0	333.0	100000.0	8542.811210392447	115.63575175434036
Bhathia_01	R407F	283.0	333.0	100000.0	8842.487581808335	115.3041850338543
Bhathia_01	R407F	283.0	333.0	100000.0	9152.676409296731	114.96572730020482
Bhathia_01	R407F	283.0	333.0	100000.0	9473.746463115214	114.61975315698872
Bhathia_01	R407F	283.0	333.0	100000.0	9806.07944974691	114.2667256057802
Bhathia_01	R407F	283.0	333.0	100000.0	10150.070465695051	113.9065585448166
Bhathia_01	R407F	283.0	333.0	100000.0	10506.128467196331	113.53857773701128
Bhathia_01	R407F	283.0	333.0	100000.0	10874.676756411529	113.16261245410843
Bhathia_01	R407F	283.0	333.0	100000.0	11256.153484671382	112.77890758525567
Bhathia_01	R407F	283.0	333.0	100000.0	11651.012173375993	112.38780349216465
Bhathia_01	R407F	283.0	333.0	100000.0	12059.722253167078	111.98916953548616
Bhathia_01	R407F	283.0	333.0	100000.0	12482.769622014002	111.58380220760654
Bhathia_01	R407F	283.0	333.0	100000.0	12920.657222877158	111.17061807789808
Bhathia_01	R407F	283.0	333.0	100000.0	13373.905641635398	110.74894778119494
Bhathia_01	R407F	283.0	333.0	100000.0	13843.053725988231	110.31793531551085
Bhathia_01	R407F	283.0	333.0	100000.0	14328.65922606916	109.87823447071011
Bhathia_01	R407F	283.0	333.0	100000.0	14831.299457530586	109.4300519129179
Bhathia_01	R407F	283.0	333.0	100000.0	15351.571987890213	108.97388381086677
Bhathia_01	R407F	283.0	333.0	100000.0	15890.095346953078	108.5091251511974
Bhathia_01	R407F	283.0	333.0	100000.0	16447.509762155743	108.03489643281574
Bhathia_01	R407F	283.0	333.0	100000.0	17024.47791970484	107.5509845343054
Bhathia_01	R407F	283.0	333.0	100000.0	17621.68575241697	107.05750249922689
Bhathia_01	R407F	283.0	333.0	100000.0	18239.84325519438	106.5557706659148
Bhathia_01	R407F	283.0	333.0	100000.0	18879.685329108175	106.04398912151251
Bhathia_01	R407F	283.0	333.0	100000.0	19541.972655090256	105.52193710863074
Bhathia_01	R407F	283.0	333.0	100000.0	20227.49259827501	104.99083632588965
Bhathia_01	R407F	283.0	333.0	100000.0	20937.060144063526	104.45005558512383
Bhathia_01	R407F	283.0	333.0	100000.0	21671.518867025392	103.89809013361372
Bhathia_01	R407F	283.0	333.0	100000.0	22431.741933788304	103.33772556709116
Bhathia_01	R407F	283.0	333.0	100000.0	23218.633141108625	102.76639144949216
Bhathia_01	R407F	283.0	333.0	100000.0	24033.127990356785	102.18467615933704
Bhathia_01	R407F	283.0	333.0	100000.0	24876.194799694935	101.59327996739759
Bhathia_01	R407F	283.0	333.0	100000.0	25748.835855269062	100.98986749230738
Bhathia_01	R407F	283.0	333.0	100000.0	26652.088602784228	100.37626886317237
Bhathia_01	R407F	283.0	333.0	100000.0	27587.026880879475	99.75140994393118
Bhathia_01	R407F	283.0	333.0	100000.0	28554.762197768767	99.11511081079193
Bhathia_01	R407F	283.0	333.0	100000.0	29556.445052665636	98.46818926350927
Bhathia_01	R407F	283.0	333.0	100000.0	30593.266303562625	97.80931332183363
Bhathia_01	R407F	283.0	333.0	100000.0	31666.458582991498	97.14005710406872
Bhathia_01	R407F	283.0	333.0	100000.0	32777.29776344747	96.45897679634602
Bhathia_01	R407F	283.0	333.0	100000.0	33927.104474219595	95.76512541300382
Bhathia_01	R407F	283.0	333.0	100000.0	35117.24567143027	95.05975124182079
Bhathia_01	R407F	283.0	333.0	100000.0	36349.13626315173	94.3424608512926
Bhathia_01	R407F	283.0	333.0	100000.0	37624.240791528864	93.61350250505973
Bhathia_01	R407F	283.0	333.0	100000.0	38944.07517391196	92.87309982554589
Bhathia_01	R407F	283.0	333.0	100000.0	40310.20850506498	92.12019335297711
Bhathia_01	R407F	283.0	333.0	100000.0	41724.264922596594	91.35464504967574
Bhathia_01	R407F	283.0	333.0	100000.0	43187.92553782676	90.57721235831643
Bhathia_01	R407F	283.0	333.0	100000.0	44702.93043438957	89.78640920664675
Bhathia_01	R407F	283.0	333.0	100000.0	46271.08073694302	88.98249669438451
Bhathia_01	R407F	283.0	333.0	100000.0	47894.24075245067	88.16794435239868
Bhathia_01	R407F	283.0	333.0	100000.0	49574.34018657513	87.33969511070062
Bhathia_01	R407F	283.0	333.0	100000.0	51313.376437824336	86.49811155628001
Bhathia_01	R407F	283.0	333.0	100000.0	53113.41697217184	85.64405023673898
Bhathia_01	R407F	283.0	333.0	100000.0	54976.60178098003	84.77651889918064
Bhathia_01	R407F	283.0	333.0	100000.0	56905.14592514396	83.89728808000113
Bhathia_01	R407F	283.0	333.0	100000.0	58901.34216848284	83.0055890709945
Bhathia_01	R407F	283.0	333.0	100000.0	60967.5637035091	82.09909379824249
Bhathia_01	R407F	283.0	333.0	100000.0	63106.2669728156	81.17900037716818
Bhathia_01	R407F	283.0	333.0	100000.0	65319.99458943548	80.24613963834221
Bhathia_01	R407F	283.0	333.0	100000.0	67611.3783596462	79.29974681613831
Bhathia_01	R407F	283.0	333.0	100000.0	69983.14241181171	78.34163249027986
Bhathia_01	R407F	283.0	333.0	100000.0	72438.10643498244	77.3697159236153
Bhathia_01	R407F	283.0	333.0	100000.0	74979.18903110319	76.38408692565545
Bhathia_01	R407F	283.0	333.0	100000.0	77609.41118481442	75.38385715889842
Bhathia_01	R407F	283.0	333.0	100000.0	80331.89985497203	74.3701093583098
Bhathia_01	R407F	283.0	333.0	100000.0	83149.89169215517	73.34298848495753
Bhathia_01	R407F	283.0	333.0	100000.0	86066.7368865822	72.30309326576264
Bhathia_01	R407F	283.0	333.0	100000.0	89085.903151008	71.24917154817018
Bhathia_01	R407F	283.0	333.0	100000.0	92210.9798433415	70.18146351402444
Bhathia_01	R407F	283.0	333.0	100000.0	95445.68223387754	69.09942946459404
Bhathia_01	R407F	283.0	333.0	100000.0	98793.85592222596	68.00358133335769
Bhathia_01	R407F	283.0	333.0	100000.0	102259.48140917791	66.89602997979267
Bhathia_01	R407F	283.0	333.0	100000.0	105846.67882895643	65.7731917106112
Bhathia_01	R407F	283.0	333.0	100000.0	109559.71284746489	64.63554928043456
Bhathia_01	R407F	283.0	333.0	100000.0	113402.99773236972	63.48316650790454
Bhathia_01	R407F	283.0	333.0	100000.0	117381.10260103126	62.31531306782952
Bhathia_01	R407F	283.0	333.0	100000.0	121498.75685253605	61.136086792819206
Bhathia_01	R407F	283.0	333.0	100000.0	125760.85579027371	59.94267804476467
Bhathia_01	R407F	283.0	333.0	100000.0	130172.46644175818	58.73396112877592
Bhathia_01	R407F	283.0	333.0	100000.0	134738.83358259665	57.5102610230162
Bhathia_01	R407F	283.0	333.0	100000.0	139465.3859717822	56.270770039856025
Bhathia_01	R407F	283.0	333.0	100000.0	144357.7428057125	55.016336947994695
Bhathia_01	R407F	283.0	333.0	100000.0	149421.7203986127	53.74870080530686
Bhathia_01	R407F	283.0	333.0	100000.0	154663.33909730316	52.46491040010802
Bhathia_01	R407F	283.0	333.0	100000.0	160088.83043853292	51.16473309775121
Bhathia_01	R407F	283.0	333.0	100000.0	165704.6445573877	49.84847413555752
Bhathia_01	R407F	283.0	333.0	100000.0	171517.45785558026	48.516409334633316
Bhathia_01	R407F	283.0	333.0	100000.0	177534.18093873924	47.17104252894519
Bhathia_01	R407F	283.0	333.0	100000.0	183761.96683213356	45.80988290300162
Bhathia_01	R407F	283.0	333.0	100000.0	190208.21948459864	44.4324805200857
Bhathia_01	R407F	283.0	333.0	100000.0	196880.60257077508	43.03799821404609
Bhathia_01	R407F	283.0	333.0	100000.0	203787.04860212465	41.62675721088772
Bhathia_01	R407F	283.0	333.0	100000.0	210935.76835755422	40.19983471472093
Bhathia_01	R407F	283.0	333.0	100000.0	218335.26064486115	38.760192861226514
Bhathia_01	R407F	283.0	333.0	100000.0	225994.32240460056	37.30457626682406
Bhathia_01	R407F	283.0	333.0	100000.0	233922.05916839777	35.833432104156145
Bhathia_01	R407F	283.0	333.0	100000.0	242127.89588411906	34.347275841626356
Bhathia_01	R407F	283.0	333.0	100000.0	250621.58812079762	32.84644608805163
Bhathia_01	R125	283.0	333.0	100000.0	100.0	31.450480493300855
Bhathia_01	R125	283.0	333.0	100000.0	103.5079362523115	31.450480493300855
Bhathia_01	R125	283.0	333.0	100000.0	107.13892867212581	31.450480493300855
Bhathia_01	R125	283.0	333.0	100000.0	110.89729399135348	31.450480493300855
Bhathia_01	R125	283.0	333.0	100000.0	114.78750037010863	31.450480493300855
Bhathia_01	R125	283.0	333.0	100000.0	118.81417270871387	31.450480493300855
Bhathia_01	R125	283.0	333.0	100000.0	122.98209814604685	31.450480493300855
Bhathia_01	R125	283.0	333.0	100000.0	127.29623175076546	31.450480493300855
Bhathia_01	R125	283.0	333.0	100000.0	131.76170241217702	31.450480493300855
Bhathia_01	R125	283.0	333.0	100000.0	136.3838189377566	31.450480493300855
Bhathia_01	R125	283.0	333.0	100000.0	141.16807636456102	31.450480493300855
Bhathia_01	R125	283.0	333.0	100000.0	146.12016249204424	31.450480493300855
Bhathia_01	R125	283.0	333.0	100000.0	151.24596464403913	31.450480493300855
Bhathia_01	R125	283.0	333.0	100000.0	156.55157666794562	31.450480493300855
Bhathia_01	R125	283.0	333.0	100000.0	162.04330617944572	31.450480493300855
Bhathia_01	R125	283.0	333.0	100000.0	167.72768206135862	31.450480493300855
Bhathia_01	R125	283.0	333.0	100000.0	173.6114622255508	31.450480493300855
Bhathia_01	R125	283.0	333.0	100000.0	179.70164164712898	31.450480493300855
Bhathia_01	R125	283.0	333.0	100000.0	186.00546068046754	31.450480493300855
Bhathia_01	R125	283.0	333.0	100000.0	192.53041366695666	31.450480493300855
Bhathia_01	R125	283.0	333.0	100000.0	199.28425784470534	31.450480493300855
Bhathia_01	R125	283.0	333.0	100000.0	206.27502257078967	31.450480493300855
Bhathia_01	R125	283.0	333.0	100000.0	213.51101886701414	31.450480493300855
Bhathia_01	R125	283.0	333.0	100000.0	221.00084930052978	31.450480493300855
Bhathia_01	R125	283.0	333.0	100000.0	228.7534182110594	31.450480493300855
Bhathia_01	R125	283.0	333.0	100000.0	236.77794229688686	31.450480493300855
Bhathia_01	R125	283.0	333.0	100000.0	245.08396157219659	31.450480493300855
Bhathia_01	R125	283.0	333.0	100000.0	253.68135070878884	31.450480493300855
Bhathia_01	R125	283.0	333.0	100000.0	262.58033077565597	31.450480493300855
Bhathia_01	R125	283.0	333.0	100000.0	271.7914813903746	31.450480493300855
Bhathia_01	R125	283.0	333.0	100000.0	281.32575329676206	31.450480493300855
Bhathia_01	R125	283.0	333.0	100000.0	291.1944813837476	31.450480493300855
Bhathia_01	R125	283.0	333.0	100000.0	301.4093981609385	31.450480493300855
Bhathia_01	R125	283.0	333.0	100000.0	311.9826477069	31.450480493300855
Bhathia_01	R125	283.0	333.0	100000.0	322.92680010673166	31.450480493300855
Bhathia_01	R125	283.0	333.0	100000.0	334.2548663961052	31.450480493300855
Bhathia_01	R125	283.0	333.0	100000.0	345.9803140295299	31.450480493300855
Bhathia_01	R125	283.0	333.0	100000.0	358.11708289123294	31.450480493300855
Bhathia_01	R125	283.0	333.0	100000.0	370.67960186769494	31.450480493300855
Bhathia_01	R125	283.0	333.0	100000.0	383.6828060015357	31.450480493300855
Bhathia_01	R125	283.0	333.0	100000.0	397.1421542471496	31.450480493300855
Bhathia_01	R125	283.0	333.0	100000.0	411.0736478491962	31.450480493300855
Bhathia_01	R125	283.0	333.0	100000.0	425.49384936579753	31.450480493300855
Bhathia_01	R125	283.0	333.0	100000.0	440.41990235905604	31.450480493300855
Bhathia_01	R125	283.0	333.0	100000.0	455.86955177630426	31.450480493300855
Bhathia_01	R125	283.0	333.0	100000.0	471.8611650463152	31.450480493300855
Bhathia_01	R125	283.0	333.0	100000.0	488.41375391555476	31.450480493300855
Bhathia_01	R125	283.0	333.0	100000.0	505.546997050434	31.450480493300855
Bhathia_01	R125	283.0	333.0	100000.0	523.2812634324383	31.450480493300855
Bhathia_01	R125	283.0	333.0	100000.0	541.6376365739385	31.450480493300855
Bhathia_01	R125	283.0	333.0	100000.0	560.6379395834789	31.450480493300855
Bhathia_01	R125	283.0	333.0	100000.0	580.30476111034	31.450480493300855
Bhathia_01	R125	283.0	333.0	100000.0	600.6614821992193	31.450480493300855
Bhathia_01	R125	283.0	333.0	100000.0	621.7323040869574	31.450480493300855
Bhathia_01	R125	283.0	333.0	100000.0	643.5422769743552	31.450480493300855
Bhathia_01	R125	283.0	333.0	100000.0	666.1173298072896	31.450480493300855
Bhathia_01	R125	283.0	333.0	100000.0	689.4843011025289	31.450480493300855
Bhathia_01	R125	283.0	333.0	100000.0	713.670970854901	31.450480493300855
Bhathia_01	R125	283.0	333.0	100000.0	738.7060935637436	31.450480493300855
Bhathia_01	R125	283.0	333.0	100000.0	764.6194324179003	31.450480493300855
Bhathia_01	R125	283.0	333.0	100000.0	791.4417946799063	31.450480493300855
Bhathia_01	R125	283.0	333.0	100000.0	819.2050683114275	31.450480493300855
Bhathia_01	R125	283.0	333.0	100000.0	847.9422598834972	31.450480493300855
Bhathia_01	R125	283.0	333.0	100000.0	877.6875338166207	31.450480493300855
Bhathia_01	R125	283.0	333.0	100000.0	908.4762529973926	31.450480493300855
Bhathia_01	R125	283.0	333.0	100000.0	940.3450208199293	31.450480493300855
Bhathia_01	R125	283.0	333.0	100000.0	973.3317247020778	31.450480493300855
Bhathia_01	R125	283.0	333.0	100000.0	1007.4755811281508	31.450480493300855
Bhathia_01	R125	283.0	333.0	100000.0	1042.817182271731	31.450480493300855
Bhathia_01	R125	283.0	333.0	100000.0	1079.3985442539745	31.44874083687309
Bhathia_01	R125	283.0	333.0	100000.0	1117.2631570947824	31.415257844316354
Bhathia_01	R125	283.0	333.0	100000.0	1156.4560364162314	31.380943912855756
Bhathia_01	R125	283.0	333.0	100000.0	1197.023776959721	31.34577913921254
Bhathia_01	R125	283.0	333.0	100000.0	1239.0146079804795	31.309748906690746
Bhathia_01	R125	283.0	333.0	100000.0	1282.478450585262	31.272869174652584
Bhathia_01	R125	283.0	333.0	100000.0	1327.4669770814253	31.235078668915754
Bhathia_01	R125	283.0	333.0	100000.0	1374.0336724079282	31.196355786759398
Bhathia_01	R125	283.0	333.0	100000.0	1422.2338977212928	31.156678507489257
Bhathia_01	R125	283.0	333.0	100000.0	1472.124956212121	31.116024291605616
Bhathia_01	R125	283.0	333.0	100000.0	1523.766161230411	31.07440349892366
Bhathia_01	R125	283.0	333.0	100000.0	1577.2189068006678	31.031783057204702
Bhathia_01	R125	283.0	333.0	100000.0	1632.5467406106395	30.98811814905337
Bhathia_01	R125	283.0	333.0	100000.0	1689.81543956045	30.943384393298846
Bhathia_01	R125	283.0	333.0	100000.0	1749.093087961948	30.897557009790475
Bhathia_01	R125	283.0	333.0	100000.0	1810.45015848124	30.850616429006283
Bhathia_01	R125	283.0	333.0	100000.0	1873.9595959206342	30.80258958933062
Bhathia_01	R125	283.0	333.0	100000.0	1939.6969039396042	30.753394801016768
Bhathia_01	R125	283.0	333.0	100000.0	2007.7402348178655	30.70300529598946
Bhathia_01	R125	283.0	333.0	100000.0	2078.1704823672853	30.651397300692494
Bhathia_01	R125	283.0	333.0	100000.0	2151.0713781030845	30.599428200750875
Bhathia_01	R125	283.0	333.0	100000.0	2226.529590788659	30.54683192714417
Bhathia_01	R125	283.0	333.0	100000.0	2304.63482947238	30.49322766533383
Bhathia_01	R125	283.0	333.0	100000.0	2385.479950138839	30.43844402527367
Bhathia_01	R125	283.0	333.0	100000.0	2469.161066101381	30.382413222659128
Bhathia_01	R125	283.0	333.0	100000.0	2555.7776622671126	30.32508264889655
Bhathia_01	R125	283.0	333.0	100000.0	2645.43271341026	30.266377409453547
Bhathia_01	R125	283.0	333.0	100000.0	2738.2328065944866	30.206401011805394
Bhathia_01	R125	283.0	333.0	100000.0	2834.2882678897013	30.14497070266836
Bhathia_01	R125	283.0	333.0	100000.0	2933.7132935340187	30.08209456296495
Bhathia_01	R125	283.0	333.0	100000.0	3036.6260856967806	30.017759076219917
Bhathia_01	R125	283.0	333.0	100000.0	3143.1489930040857	29.951855201423744
Bhathia_01	R125	283.0	333.0	100000.0	3253.4086559938396	29.88445835067651
Bhathia_01	R125	283.0	333.0	100000.0	3367.536157673288	29.816055058248654
Bhathia_01	R125	283.0	333.0	100000.0	3485.667179358007	29.74652072515548
Bhathia_01	R125	283.0	333.0	100000.0	3607.9421619776303	29.67561371827855
Bhathia_01	R125	283.0	333.0	100000.0	3734.506473040075	29.603169261742142
Bhathia_01	R125	283.0	333.0	100000.0	3865.5105794527676	29.529144273406477
Bhathia_01	R125	283.0	333.0	100000.0	4001.1102264063275	29.45361432609576
Bhathia_01	R125	283.0	333.0	100000.0	4141.466622533378	29.376305436205623
Bhathia_01	R125	283.0	333.0	100000.0	4286.746631562607	29.297324969675035
Bhathia_01	R125	283.0	333.0	100000.0	4437.122970695934	29.216422686793965
Bhathia_01	R125	283.0	333.0	100000.0	4592.774415944617	29.13372075848968
Bhathia_01	R125	283.0	333.0	100000.0	4753.8860146684265	29.049552553036335
Bhathia_01	R125	283.0	333.0	100000.0	4920.649305570547	28.963904844205334
Bhathia_01	R125	283.0	333.0	100000.0	5093.26254640977	28.876596422844653
Bhathia_01	R125	283.0	333.0	100000.0	5271.9309497006825	28.787493850156075
Bhathia_01	R125	283.0	333.0	100000.0	5456.8669266820625	28.69641897427093
Bhathia_01	R125	283.0	333.0	100000.0	5648.290339843539	28.60337018660798
Bhathia_01	R125	283.0	333.0	100000.0	5846.4287643107255	28.508360237590082
Bhathia_01	R125	283.0	333.0	100000.0	6051.517758399548	28.4113817015703
Bhathia_01	R125	283.0	333.0	100000.0	6263.801143661515	28.31246671060055
Bhathia_01	R125	283.0	333.0	100000.0	6483.531294752719	28.211677793144087
Bhathia_01	R125	283.0	333.0	100000.0	6710.9694394713115	28.108859332470512
Bhathia_01	R125	283.0	333.0	100000.0	6946.385969320071	28.003992898016666
Bhathia_01	R125	283.0	333.0	100000.0	7190.06076096333	27.896958442618164
Bhathia_01	R125	283.0	333.0	100000.0	7442.283508960394	27.78779729639194
Bhathia_01	R125	283.0	333.0	100000.0	7703.354070171016	27.6762773115967
Bhathia_01	R125	283.0	333.0	100000.0	7973.582820242459	27.56272525961866
Bhathia_01	R125	283.0	333.0	100000.0	8253.291022601827	27.446949358167775
Bhathia_01	R125	283.0	333.0	100000.0	8542.811210392447	27.328964818575756
Bhathia_01	R125	283.0	333.0	100000.0	8842.487581808335	27.2086963406508
Bhathia_01	R125	283.0	333.0	100000.0	9152.676409296731	27.08596354401574
Bhathia_01	R125	283.0	333.0	100000.0	9473.746463115214	26.960683379310094
Bhathia_01	R125	283.0	333.0	100000.0	9806.07944974691	26.832979668904567
Bhathia_01	R125	283.0	333.0	100000.0	10150.070465695051	26.70312124273229
Bhathia_01	R125	283.0	333.0	100000.0	10506.128467196331	26.570607851242965
Bhathia_01	R125	283.0	333.0	100000.0	10874.676756411529	26.435496673163172
Bhathia_01	R125	283.0	333.0	100000.0	11256.153484671382	26.297893309382612
Bhathia_01	R125	283.0	333.0	100000.0	11651.012173375993	26.157440230456015
Bhathia_01	R125	283.0	333.0	100000.0	12059.722253167078	26.01454455465508
Bhathia_01	R125	283.0	333.0	100000.0	12482.769622014002	25.869052539876442
Bhathia_01	R125	283.0	333.0	100000.0	12920.657222877158	25.72068435670473
Bhathia_01	R125	283.0	333.0	100000.0	13373.905641635398	25.569218138119524
Bhathia_01	R125	283.0	333.0	100000.0	13843.053725988231	25.414898954374824
Bhathia_01	R125	283.0	333.0	100000.0	14328.65922606916	25.2578541035073
Bhathia_01	R125	283.0	333.0	100000.0	14831.299457530586	25.097851200561045
Bhathia_01	R125	283.0	333.0	100000.0	15351.571987890213	24.93522792003546
Bhathia_01	R125	283.0	333.0	100000.0	15890.095346953078	24.769709703753648
Bhathia_01	R125	283.0	333.0	100000.0	16447.509762155743	24.600981356079654
Bhathia_01	R125	283.0	333.0	100000.0	17024.47791970484	24.42885060479452
Bhathia_01	R125	283.0	333.0	100000.0	17621.68575241697	24.253579623169042
Bhathia_01	R125	283.0	333.0	100000.0	18239.84325519438	24.07587360418243
Bhathia_01	R125	283.0	333.0	100000.0	18879.685329108175	23.89485583528398
Bhathia_01	R125	283.0	333.0	100000.0	19541.972655090256	23.71004270766428
Bhathia_01	R125	283.0	333.0	100000.0	20227.49259827501	23.52226184693414
Bhathia_01	R125	283.0	333.0	100000.0	20937.060144063526	23.33155638593338
Bhathia_01	R125	283.0	333.0	100000.0	21671.518867025392	23.136893439873557
Bhathia_01	R125	283.0	333.0	100000.0	22431.741933788304	22.93945277327032
Bhathia_01	R125	283.0	333.0	100000.0	23218.633141108625	22.738558113110308
Bhathia_01	R125	283.0	333.0	100000.0	24033.127990356785	22.5338703485148
Bhathia_01	R125	283.0	333.0	100000.0	24876.194799694935	22.326079266164374
Bhathia_01	R125	283.0	333.0	100000.0	25748.835855269062	22.114225079735352
Bhathia_01	R125	283.0	333.0	100000.0	26652.088602784228	21.899411847879215
Bhathia_01	R125	283.0	333.0	100000.0	27587.026880879475	21.680992733021792
Bhathia_01	R125	283.0	333.0	100000.0	28554.762197768767	21.45897306257943
Bhathia_01	R125	283.0	333.0	100000.0	29556.445052665636	21.233540576865813
Bhathia_01	R125	283.0	333.0	100000.0	30593.266303562625	21.003957356652116
Bhathia_01	R125	283.0	333.0	100000.0	31666.458582991498	20.77099139132213
Bhathia_01	R125	283.0	333.0	100000.0	32777.29776344747	20.534346209405555
Bhathia_01	R125	283.0	333.0	100000.0	33927.104474219595	20.293875491383755
Bhathia_01	R125	283.0	333.0	100000.0	35117.24567143027	20.04966463227345
Bhathia_01	R125	283.0	333.0	100000.0	36349.13626315173	19.8017874797268
Bhathia_01	R125	283.0	333.0	100000.0	37624.240791528864	19.55004941445352
Bhathia_01	R125	283.0	333.0	100000.0	38944.07517391196	19.295125603137485
Bhathia_01	R125	283.0	333.0	100000.0	40310.20850506498	19.036135158522956
Bhathia_01	R125	283.0	333.0	100000.0	41724.264922596594	18.77330694583139
Bhathia_01	R125	283.0	333.0	100000.0	43187.92553782676	18.506401283990307
Bhathia_01	R125	283.0	333.0	100000.0	44702.93043438957	18.235391033038773
Bhathia_01	R125	283.0	333.0	100000.0	46271.08073694302	17.960715412060182
Bhathia_01	R125	283.0	333.0	100000.0	47894.24075245067	17.68261513172473
Bhathia_01	R125	283.0	333.0	100000.0	49574.34018657513	17.400699162383297
Bhathia_01	R125	283.0	333.0	100000.0	51313.376437824336	17.11490730695999
Bhathia_01	R125	283.0	333.0	100000.0	53113.41697217184	16.824985847759987
Bhathia_01	R125	283.0	333.0	100000.0	54976.60178098003	16.53116151998349
Bhathia_01	R125	283.0	333.0	100000.0	56905.14592514396	16.23371976020279
Bhathia_01	R125	283.0	333.0	100000.0	58901.34216848284	15.932365992753734
Bhathia_01	R125	283.0	333.0	100000.0	60967.5637035091	15.627026318133815
Bhathia_01	R125	283.0	333.0	100000.0	63106.2669728156	15.317803659884735
Bhathia_01	R125	283.0	333.0	100000.0	65319.99458943548	15.004706186456424
Bhathia_01	R125	283.0	333.0	100000.0	67611.3783596462	14.68809493227976
Bhathia_01	R125	283.0	333.0	100000.0	69983.14241181171	14.36823917558677
Bhathia_01	R125	283.0	333.0	100000.0	72438.10643498244	14.044391367064335
Bhathia_01	R125	283.0	333.0	100000.0	74979.18903110319	13.716693630295865
Bhathia_01	R125	283.0	333.0	100000.0	77609.41118481442	13.384745093375011
Bhathia_01	R125	283.0	333.0	100000.0	80331.89985497203	13.048816351931002
Bhathia_01	R125	283.0	333.0	100000.0	83149.89169215517	12.709835982614901
Bhathia_01	R125	283.0	333.0	100000.0	86066.7368865822	12.36737718899357
Bhathia_01	R125	283.0	333.0	100000.0	89085.903151008	12.021363581783907
Bhathia_01	R125	283.0	333.0	100000.0	92210.9798433415	11.671787106150884
Bhathia_01	R125	283.0	333.0	100000.0	95445.68223387754	11.31846196159114
Bhathia_01	R125	283.0	333.0	100000.0	98793.85592222596	10.961693117006762
Bhathia_01	R125	283.0	333.0	100000.0	102259.48140917791	10.601935841789514
Bhathia_01	R125	283.0	333.0	100000.0	105846.67882895643	10.238299026645379
Bhathia_01	R125	283.0	333.0	100000.0	109559.71284746489	9.870901905175627
Bhathia_01	R125	283.0	333.0	100000.0	113402.99773236972	9.499915848719633
Bhathia_01	R125	283.0	333.0	100000.0	117381.10260103126	9.125696624647597
Bhathia_01	R125	283.0	333.0	100000.0	121498.75685253605	8.749146028094984
Bhathia_01	R125	283.0	333.0	100000.0	125760.85579027371	8.369575231479303
Bhathia_01	R125	283.0	333.0	100000.0	130172.46644175818	7.986576798917578
Bhathia_01	R125	283.0	333.0	100000.0	134738.83358259665	7.600119553254753
Bhathia_01	R125	283.0	333.0	100000.0	139465.3859717822	7.210117508360031
Bhathia_01	R125	283.0	333.0	100000.0	144357.7428057125	6.816832228312974
Bhathia_01	R125	283.0	333.0	100000.0	149421.7203986127	6.42114820702152
Bhathia_01	R125	283.0	333.0	100000.0	154663.33909730316	6.022569119103827
Bhathia_01	R125	283.0	333.0	100000.0	160088.83043853292	5.621183001180403
Bhathia_01	R125	283.0	333.0	100000.0	165704.6445573877	5.217020018603628
Bhathia_01	R125	283.0	333.0	100000.0	171517.45785558026	4.8099897595795476
Bhathia_01	R125	283.0	333.0	100000.0	177534.18093873924	4.401122869802091
Bhathia_01	R125	283.0	333.0	100000.0	183761.96683213356	3.989765616655746
Bhathia_01	R125	283.0	333.0	100000.0	190208.21948459864	3.5755178407952855
Bhathia_01	R125	283.0	333.0	100000.0	196880.60257077508	3.1583697214836035
Bhathia_01	R125	283.0	333.0	100000.0	203787.04860212465	2.738722272639493
Bhathia_01	R125	283.0	333.0	100000.0	210935.76835755422	2.3178210831452724
Bhathia_01	R125	283.0	333.0	100000.0	218335.26064486115	1.8967461363192875
Bhathia_01	R125	283.0	333.0	100000.0	225994.32240460056	1.474303821491473
Bhathia_01	R125	283.0	333.0	100000.0	233922.05916839777	1.050592310462073
Bhathia_01	R125	283.0	333.0	100000.0	242127.89588411906	0.6257373027099485
Bhathia_01	R125	283.0	333.0	100000.0	250621.58812079762	0.19993771741981556
Bhathia_01	R134a	283.0	333.0	100000.0	100.0	81.36424385998224
Bhathia_01	R134a	283.0	333.0	100000.0	103.5079362523115	81.36424385998224
Bhathia_01	R134a	283.0	333.0	100000.0	107.13892867212581	81.36424385998224
Bhathia_01	R134a	283.0	333.0	100000.0	110.89729399135348	81.36424385998224
Bhathia_01	R134a	283.0	333.0	100000.0	114.78750037010863	81.36424385998224
Bhathia_01	R134a	283.0	333.0	100000.0	118.81417270871387	81.36424385998224
Bhathia_01	R134a	283.0	333.0	100000.0	122.98209814604685	81.36424385998224
Bhathia_01	R134a	283.0	333.0	100000.0	127.29623175076546	81.36424385998224
Bhathia_01	R134a	283.0	333.0	100000.0	131.76170241217702	81.36424385998224
Bhathia_01	R134a	283.0	333.0	100000.0	136.3838189377566	81.36424385998224
Bhathia_01	R134a	283.0	333.0	100000.0	141.16807636456102	81.36424385998224
Bhathia_01	R134a	283.0	333.0	100000.0	146.12016249204424	81.36424385998224
Bhathia_01	R134a	283.0	333.0	100000.0	151.24596464403913	81.36424385998224
Bhathia_01	R134a	283.0	333.0	100000.0	156.55157666794562	81.36424385998224
Bhathia_01	R134a	283.0	333.0	100000.0	162.04330617944572	81.36424385998224
Bhathia_01	R134a	283.0	333.0	100000.0	167.72768206135862	81.36424385998224
Bhathia_01	R134a	283.0	333.0	100000.0	173.6114622255508	81.36424385998224
Bhathia_01	R134a	283.0	333.0	100000.0	179.70164164712898	81.36424385998224
Bhathia_01	R134a	283.0	333.0	100000.0	186.00546068046754	81.36424385998224
Bhathia_01	R134a	283.0	333.0	100000.0	192.53041366695666	81.36424385998224
Bhathia_01	R134a	283.0	333.0	100000.0	199.28425784470534	81.36424385998224
Bhathia_01	R134a	283.0	333.0	100000.0	206.27502257078967	81.36424385998224
Bhathia_01	R134a	283.0	333.0	100000.0	213.51101886701414	81.36424385998224
Bhathia_01	R134a	283.0	333.0	100000.0	221.00084930052978	81.36424385998224
Bhathia_01	R134a	283.0	333.0	100000.0	228.7534182110594	81.36424385998224
Bhathia_01	R134a	283.0	333.0	100000.0	236.77794229688686	81.36424385998224
Bhathia_01	R134a	283.0	333.0	100000.0	245.08396157219659	81.36424385998224
Bhathia_01	R134a	283.0	333.0	100000.0	253.68135070878884	81.36424385998224
Bhathia_01	R134a	283.0	333.0	100000.0	262.58033077565597	81.36424385998224
Bhathia_01	R134a	283.0	333.0	100000.0	271.7914813903746	81.36424385998224
Bhathia_01	R134a	283.0	333.0	100000.0	281.32575329676206	81.36424385998224
Bhathia_01	R134a	283.0	333.0	100000.0	291.1944813837476	81.36424385998224
Bhathia_01	R134a	283.0	333.0	100000.0	301.4093981609385	81.36424385998224
Bhathia_01	R134a	283.0	333.0	100000.0	311.9826477069	81.36424385998224
Bhathia_01	R134a	283.0	333.0	100000.0	322.92680010673166	81.36424385998224
Bhathia_01	R134a	283.0	333.0	100000.0	334.2548663961052	81.36424385998224
Bhathia_01	R134a	283.0	333.0	100000.0	345.9803140295299	81.36424385998224
Bhathia_01	R134a	283.0	333.0	100000.0	358.11708289123294	81.36424385998224
Bhathia_01	R134a	283.0	333.0	100000.0	370.67960186769494	81.36424385998224
Bhathia_01	R134a	283.0	333.0	100000.0	383.6828060015357	81.36424385998224
Bhathia_01	R134a	283.0	333.0	100000.0	397.1421542471496	81.36424385998224
Bhathia_01	R134a	283.0	333.0	100000.0	411.0736478491962	81.36424385998224
Bhathia_01	R134a	283.0	333.0	100000.0	425.49384936579753	81.36424385998224
Bhathia_01	R134a	283.0	333.0	100000.0	440.41990235905604	81.36424385998224
Bhathia_01	R134a	283.0	333.0	100000.0	455.86955177630426	81.36424385998224
Bhathia_01	R134a	283.0	333.0	100000.0	471.8611650463152	81.36424385998224
Bhathia_01	R134a	283.0	333.0	100000.0	488.41375391555476	81.36424385998224
Bhathia_01	R134a	283.0	333.0	100000.0	505.546997050434	81.36424385998224
Bhathia_01	R134a	283.0	333.0	100000.0	523.2812634324383	81.36424385998224
Bhathia_01	R134a	283.0	333.0	100000.0	541.6376365739385	81.36424385998224
Bhathia_01	R134a	283.0	333.0	100000.0	560.6379395834789	81.36424385998224
Bhathia_01	R134a	283.0	333.0	100000.0	580.30476111034	81.36424385998224
Bhathia_01	R134a	283.0	333.0	100000.0	600.6614821992193	81.36424385998224
Bhathia_01	R134a	283.0	333.0	100000.0	621.7323040869574	81.36424385998224
Bhathia_01	R134a	283.0	333.0	100000.0	643.5422769743552	81.36424385998224
Bhathia_01	R134a	283.0	333.0	100000.0	666.1173298072896	81.36424385998224
Bhathia_01	R134a	283.0	333.0	100000.0	689.4843011025289	81.36424385998224
Bhathia_01	R134a	283.0	333.0	100000.0	713.670970854901	81.36424385998224
Bhathia_01	R134a	283.0	333.0	100000.0	738.7060935637436	81.36424385998224
Bhathia_01	R134a	283.0	333.0	100000.0	764.6194324179003	81.36424385998224
Bhathia_01	R134a	283.0	333.0	100000.0	791.4417946799063	81.36424385998224
Bhathia_01	R134a	283.0	333.0	100000.0	819.2050683114275	81.36424385998224
Bhathia_01	R134a	283.0	333.0	100000.0	847.9422598834972	81.36424385998224
Bhathia_01	R134a	283.0	333.0	100000.0	877.6875338166207	81.36424385998224
Bhathia_01	R134a	283.0	333.0	100000.0	908.4762529973926	81.36424385998224
Bhathia_01	R134a	283.0	333.0	100000.0	940.3450208199293	81.36424385998224
Bhathia_01	R134a	283.0	333.0	100000.0	973.3317247020778	81.36424385998224
Bhathia_01	R134a	283.0	333.0	100000.0	1007.4755811281508	81.36424385998224
Bhathia_01	R134a	283.0	333.0	100000.0	1042.817182271731	81.36424385998224
Bhathia_01	R134a	283.0	333.0	100000.0	1079.3985442539745	81.36424385998224
Bhathia_01	R134a	283.0	333.0	100000.0	1117.2631570947824	81.36424385998224
Bhathia_01	R134a	283.0	333.0	100000.0	1156.4560364162314	81.36424385998224
Bhathia_01	R134a	283.0	333.0	100000.0	1197.023776959721	81.36424385998224
Bhathia_01	R134a	283.0	333.0	100000.0	1239.0146079804795	81.36424385998224
Bhathia_01	R134a	283.0	333.0	100000.0	1282.478450585262	81.36424385998224
Bhathia_01	R134a	283.0	333.0	100000.0	1327.4669770814253	81.36424385998224
Bhathia_01	R134a	283.0	333.0	100000.0	1374.0336724079282	81.36424385998224
Bhathia_01	R134a	283.0	333.0	100000.0	1422.2338977212928	81.36424385998224
Bhathia_01	R134a	283.0	333.0	100000.0	1472.124956212121	81.36424385998224
Bhathia_01	R134a	283.0	333.0	100000.0	1523.766161230411	81.36424385998224
Bhathia_01	R134a	283.0	333.0	100000.0	1577.2189068006678	81.36424385998224
Bhathia_01	R134a	283.0	333.0	100000.0	1632.5467406106395	81.36424385998224
Bhathia_01	R134a	283.0	333.0	100000.0	1689.81543956045	81.36424385998224
Bhathia_01	R134a	283.0	333.0	100000.0	1749.093087961948	81.36424385998224
Bhathia_01	R134a	283.0	333.0	100000.0	1810.45015848124	81.36424385998224
Bhathia_01	R134a	283.0	333.0	100000.0	1873.9595959206342	81.36424385998224
Bhathia_01	R134a	283.0	333.0	100000.0	1939.6969039396042	81.36424385998224
Bhathia_01	R134a	283.0	333.0	100000.0	2007.7402348178655	81.36424385998224
Bhathia_01	R134a	283.0	333.0	100000.0	2078.1704823672853	81.36424385998224
Bhathia_01	R134a	283.0	333.0	100000.0	2151.0713781030845	81.36424385998224
Bhathia_01	R134a	283.0	333.0	100000.0	2226.529590788659	81.36424385998224
Bhathia_01	R134a	283.0	333.0	100000.0	2304.63482947238	81.36424385998224
Bhathia_01	R134a	283.0	333.0	100000.0	2385.479950138839	81.36424385998224
Bhathia_01	R134a	283.0	333.0	100000.0	2469.161066101381	81.36424385998224
Bhathia_01	R134a	283.0	333.0	100000.0	2555.7776622671126	81.29895833308132
Bhathia_01	R134a	283.0	333.0	100000.0	2645.43271341026	81.20860394678029
Bhathia_01	R134a	283.0	333.0	100000.0	2738.2328065944866	81.11741125879543
Bhathia_01	R134a	283.0	333.0	100000.0	2834.2882678897013	81.02467166502045
Bhathia_01	R134a	283.0	333.0	100000.0	2933.7132935340187	80.93026724369948
Bhathia_01	R134a	283.0	333.0	100000.0	3036.6260856967806	80.8337246590097
Bhathia_01	R134a	283.0	333.0	100000.0	3143.1489930040857	80.73482012253272
Bhathia_01	R134a	283.0	333.0	100000.0	3253.4086559938396	80.63361784556652
Bhathia_01	R134a	283.0	333.0	100000.0	3367.536157673288	80.53007910155675
Bhathia_01	R134a	283.0	333.0	100000.0	3485.667179358007	80.42413639307944
Bhathia_01	R134a	283.0	333.0	100000.0	3607.9421619776303	80.31563006489247
Bhathia_01	R134a	283.0	333.0	100000.0	3734.506473040075	80.20444227019847
Bhathia_01	R134a	283.0	333.0	100000.0	3865.5105794527676	80.09043463532421
Bhathia_01	R134a	283.0	333.0	100000.0	4001.1102264063275	79.97394935837409
Bhathia_01	R134a	283.0	333.0	100000.0	4141.466622533378	79.8544703389699
Bhathia_01	R134a	283.0	333.0	100000.0	4286.746631562607	79.7319198022315
Bhathia_01	R134a	283.0	333.0	100000.0	4437.122970695934	79.60642616554865
Bhathia_01	R134a	283.0	333.0	100000.0	4592.774415944617	79.47776845789919
Bhathia_01	R134a	283.0	333.0	100000.0	4753.8860146684265	79.34595804518987
Bhathia_01	R134a	283.0	333.0	100000.0	4920.649305570547	79.21095414217362
Bhathia_01	R134a	283.0	333.0	100000.0	5093.26254640977	79.07433557245452
Bhathia_01	R134a	283.0	333.0	100000.0	5271.9309497006825	78.93595686241167
Bhathia_01	R134a	283.0	333.0	100000.0	5456.8669266820625	78.79519733919813
Bhathia_01	R134a	283.0	333.0	100000.0	5648.290339843539	78.65172703599609
Bhathia_01	R134a	283.0	333.0	100000.0	5846.4287643107255	78.50537948372904
Bhathia_01	R134a	283.0	333.0	100000.0	6051.517758399548	78.35588512750411
Bhathia_01	R134a	283.0	333.0	100000.0	6263.801143661515	78.20303179710609
Bhathia_01	R134a	283.0	333.0	100000.0	6483.531294752719	78.04668880494816
Bhathia_01	R134a	283.0	333.0	100000.0	6710.9694394713115	77.88674073502007
Bhathia_01	R134a	283.0	333.0	100000.0	6946.385969320071	77.72290952274047
Bhathia_01	R134a	283.0	333.0	100000.0	7190.06076096333	77.5556033794117
Bhathia_01	R134a	283.0	333.0	100000.0	7442.283508960394	77.38428919319642
Bhathia_01	R134a	283.0	333.0	100000.0	7703.354070171016	77.20894865095389
Bhathia_01	R134a	283.0	333.0	100000.0	7973.582820242459	77.03034471943043
Bhathia_01	R134a	283.0	333.0	100000.0	8253.291022601827	76.84880021069424
Bhathia_01	R134a	283.0	333.0	100000.0	8542.811210392447	76.6642781789962
Bhathia_01	R134a	283.0	333.0	100000.0	8842.487581808335	76.47614890965379
Bhathia_01	R134a	283.0	333.0	100000.0	9152.676409296731	76.28431166879963
Bhathia_01	R134a	283.0	333.0	100000.0	9473.746463115214	76.0882449016406
Bhathia_01	R134a	283.0	333.0	100000.0	9806.07944974691	75.88811582456646
Bhathia_01	R134a	283.0	333.0	100000.0	10150.070465695051	75.68374541372799
Bhathia_01	R134a	283.0	333.0	100000.0	10506.128467196331	75.47500077201552
Bhathia_01	R134a	283.0	333.0	100000.0	10874.676756411529	75.26166471521417
Bhathia_01	R134a	283.0	333.0	100000.0	11256.153484671382	75.0438781633039
Bhathia_01	R134a	283.0	333.0	100000.0	11651.012173375993	74.82240432641866
Bhathia_01	R134a	283.0	333.0	100000.0	12059.722253167078	74.5967289950746
Bhathia_01	R134a	283.0	333.0	100000.0	12482.769622014002	74.3670528744262
Bhathia_01	R134a	283.0	333.0	100000.0	12920.657222877158	74.13286376780076
Bhathia_01	R134a	283.0	333.0	100000.0	13373.905641635398	73.89421302578013
Bhathia_01	R134a	283.0	333.0	100000.0	13843.053725988231	73.6498632951645
Bhathia_01	R134a	283.0	333.0	100000.0	14328.65922606916	73.40038991465174
Bhathia_01	R134a	283.0	333.0	100000.0	14831.299457530586	73.14638127697546
Bhathia_01	R134a	283.0	333.0	100000.0	15351.571987890213	72.88799376104363
Bhathia_01	R134a	283.0	333.0	100000.0	15890.095346953078	72.6249053934154
Bhathia_01	R134a	283.0	333.0	100000.0	16447.509762155743	72.35661786534217
Bhathia_01	R134a	283.0	333.0	100000.0	17024.47791970484	72.08314070096574
Bhathia_01	R134a	283.0	333.0	100000.0	17621.68575241697	71.80430789681992
Bhathia_01	R134a	283.0	333.0	100000.0	18239.84325519438	71.52042138746677
Bhathia_01	R134a	283.0	333.0	100000.0	18879.685329108175	71.23095567054108
Bhathia_01	R134a	283.0	333.0	100000.0	19541.972655090256	70.93620248335242
Bhathia_01	R134a	283.0	333.0	100000.0	20227.49259827501	70.63650694621674
Bhathia_01	R134a	283.0	333.0	100000.0	20937.060144063526	70.33131821786772
Bhathia_01	R134a	283.0	333.0	100000.0	21671.518867025392	70.02016103067226
Bhathia_01	R134a	283.0	333.0	100000.0	22431.741933788304	69.70419940187
Bhathia_01	R134a	283.0	333.0	100000.0	23218.633141108625	69.38206014471825
Bhathia_01	R134a	283.0	333.0	100000.0	24033.127990356785	69.05467507272846
Bhathia_01	R134a	283.0	333.0	100000.0	24876.194799694935	68.72203516184909
Bhathia_01	R134a	283.0	333.0	100000.0	25748.835855269062	68.38282306837316
Bhathia_01	R134a	283.0	333.0	100000.0	26652.088602784228	68.03757255378282
Bhathia_01	R134a	283.0	333.0	100000.0	27587.026880879475	67.68610241996511
Bhathia_01	R134a	283.0	333.0	100000.0	28554.762197768767	67.3282403091129
Bhathia_01	R134a	283.0	333.0	100000.0	29556.445052665636	66.96469169109281
Bhathia_01	R134a	283.0	333.0	100000.0	30593.266303562625	66.59495200901762
Bhathia_01	R134a	283.0	333.0	100000.0	31666.458582991498	66.21976067946547
Bhathia_01	R134a	283.0	333.0	100000.0	32777.29776344747	65.83796682289953
Bhathia_01	R134a	283.0	333.0	100000.0	33927.104474219595	65.44885091440536
Bhathia_01	R134a	283.0	333.0	100000.0	35117.24567143027	65.05368296323425
Bhathia_01	R134a	283.0	333.0	100000.0	36349.13626315173	64.65197632628903
Bhathia_01	R134a	283.0	333.0	100000.0	37624.240791528864	64.24410305110474
Bhathia_01	R134a	283.0	333.0	100000.0	38944.07517391196	63.82974119809483
Bhathia_01	R134a	283.0	333.0	100000.0	40310.20850506498	63.40877551486563
Bhathia_01	R134a	283.0	333.0	100000.0	41724.264922596594	62.98080262664778
Bhathia_01	R134a	283.0	333.0	100000.0	43187.92553782676	62.54700028788215
Bhathia_01	R134a	283.0	333.0	100000.0	44702.93043438957	62.10585692672015
Bhathia_01	R134a	283.0	333.0	100000.0	46271.08073694302	61.65724342409969
Bhathia_01	R134a	283.0	333.0	100000.0	47894.24075245067	61.203471872784
Bhathia_01	R134a	283.0	333.0	100000.0	49574.34018657513	60.74182452018502
Bhathia_01	R134a	283.0	333.0	100000.0	51313.376437824336	60.2728715323568
Bhathia_01	R134a	283.0	333.0	100000.0	53113.41697217184	59.79776778312522
Bhathia_01	R134a	283.0	333.0	100000.0	54976.60178098003	59.31525282925004
Bhathia_01	R134a	283.0	333.0	100000.0	56905.14592514396	58.82688553171317
Bhathia_01	R134a	283.0	333.0	100000.0	58901.34216848284	58.332251658974826
Bhathia_01	R134a	283.0	333.0	100000.0	60967.5637035091	57.82919475609346
Bhathia_01	R134a	283.0	333.0	100000.0	63106.2669728156	57.318914390026265
Bhathia_01	R134a	283.0	333.0	100000.0	65319.99458943548	56.80217277431515
Bhathia_01	R134a	283.0	333.0	100000.0	67611.3783596462	56.27796698317689
Bhathia_01	R134a	283.0	333.0	100000.0	69983.14241181171	55.74781998366428
Bhathia_01	R134a	283.0	333.0	100000.0	72438.10643498244	55.21049679834244
Bhathia_01	R134a	283.0	333.0	100000.0	74979.18903110319	54.666051828828934
Bhathia_01	R134a	283.0	333.0	100000.0	77609.41118481442	54.11395281956339
Bhathia_01	R134a	283.0	333.0	100000.0	80331.89985497203	53.55517210107464
Bhathia_01	R134a	283.0	333.0	100000.0	83149.89169215517	52.98880559934771
Bhathia_01	R134a	283.0	333.0	100000.0	86066.7368865822	52.41605245982672
Bhathia_01	R134a	283.0	333.0	100000.0	89085.903151008	51.835807919168246
Bhathia_01	R134a	283.0	333.0	100000.0	92210.9798433415	51.24838790730574
Bhathia_01	R134a	283.0	333.0	100000.0	95445.68223387754	50.65352239660544
Bhathia_01	R134a	283.0	333.0	100000.0	98793.85592222596	50.05146558506411
Bhathia_01	R134a	283.0	333.0	100000.0	102259.48140917791	49.44388104368033
Bhathia_01	R134a	283.0	333.0	100000.0	105846.67882895643	48.828220471876485
Bhathia_01	R134a	283.0	333.0	100000.0	109559.71284746489	48.20495019558483
Bhathia_01	R134a	283.0	333.0	100000.0	113402.99773236972	47.57408912128122
Bhathia_01	R134a	283.0	333.0	100000.0	117381.10260103126	46.93459924480122
Bhathia_01	R134a	283.0	333.0	100000.0	121498.75685253605	46.28965520633396
Bhathia_01	R134a	283.0	333.0	100000.0	125760.85579027371	45.63731185395659
Bhathia_01	R134a	283.0	333.0	100000.0	130172.46644175818	44.976970548902564
Bhathia_01	R134a	283.0	333.0	100000.0	134738.83358259665	44.30908968734557
Bhathia_01	R134a	283.0	333.0	100000.0	139465.3859717822	43.63292488158309
Bhathia_01	R134a	283.0	333.0	100000.0	144357.7428057125	42.949129260149896
Bhathia_01	R134a	283.0	333.0	100000.0	149421.7203986127	42.25851853754936
Bhathia_01	R134a	283.0	333.0	100000.0	154663.33909730316	41.558877769682994
Bhathia_01	R134a	283.0	333.0	100000.0	160088.83043853292	40.85008934302588
Bhathia_01	R134a	283.0	333.0	100000.0	165704.6445573877	40.132530076202215
Bhathia_01	R134a	283.0	333.0	100000.0	171517.45785558026	39.4066657509882
Bhathia_01	R134a	283.0	333.0	100000.0	177534.18093873924	38.67386588610858
Bhathia_01	R134a	283.0	333.0	100000.0	183761.96683213356	37.93243477248495
Bhathia_01	R134a	283.0	333.0	100000.0	190208.21948459864	37.18248031359262
Bhathia_01	R134a	283.0	333.0	100000.0	196880.60257077508	36.423234770943736
Bhathia_01	R134a	283.0	333.0	100000.0	203787.04860212465	35.65468944163447
Bhathia_01	R134a	283.0	333.0	100000.0	210935.76835755422	34.8766520191172
Bhathia_01	R134a	283.0	333.0	100000.0	218335.26064486115	34.090879130628885
Bhathia_01	R134a	283.0	333.0	100000.0	225994.32240460056	33.29564371087479
Bhathia_01	R134a	283.0	333.0	100000.0	233922.05916839777	32.491525364238754
Bhathia_01	R134a	283.0	333.0	100000.0	242127.89588411906	31.67896872367184
Bhathia_01	R134a	283.0	333.0	100000.0	250621.58812079762	30.858035687327984
Bhathia_01	R32	283.0	333.0	100000.0	100.0	12.3998180077402
Bhathia_01	R32	283.0	333.0	100000.0	103.5079362523115	12.3998180077402
Bhathia_01	R32	283.0	333.0	100000.0	107.13892867212581	12.3998180077402
Bhathia_01	R32	283.0	333.0	100000.0	110.89729399135348	12.3998180077402
Bhathia_01	R32	283.0	333.0	100000.0	114.78750037010863	12.3998180077402
Bhathia_01	R32	283.0	333.0	100000.0	118.81417270871387	12.3998180077402
Bhathia_01	R32	283.0	333.0	100000.0	122.98209814604685	12.3998180077402
Bhathia_01	R32	283.0	333.0	100000.0	127.29623175076546	12.3998180077402
Bhathia_01	R32	283.0	333.0	100000.0	131.76170241217702	12.3998180077402
Bhathia_01	R32	283.0	333.0	100000.0	136.3838189377566	12.3998180077402
Bhathia_01	R32	283.0	333.0	100000.0	141.16807636456102	12.3998180077402
Bhathia_01	R32	283.0	333.0	100000.0	146.12016249204424	12.3998180077402
Bhathia_01	R32	283.0	333.0	100000.0	151.24596464403913	12.3998180077402
Bhathia_01	R32	283.0	333.0	100000.0	156.55157666794562	12.3998180077402
Bhathia_01	R32	283.0	333.0	100000.0	162.04330617944572	12.3998180077402
Bhathia_01	R32	283.0	333.0	100000.0	167.72768206135862	12.3998180077402
Bhathia_01	R32	283.0	333.0	100000.0	173.6114622255508	12.3998180077402
Bhathia_01	R32	283.0	333.0	100000.0	179.70164164712898	12.3998180077402
Bhathia_01	R32	283.0	333.0	100000.0	186.00546068046754	12.3998180077402
Bhathia_01	R32	283.0	333.0	100000.0	192.53041366695666	12.3998180077402
Bhathia_01	R32	283.0	333.0	100000.0	199.28425784470534	12.3998180077402
Bhathia_01	R32	283.0	333.0	100000.0	206.27502257078967	12.3998180077402
Bhathia_01	R32	283.0	333.0	100000.0	213.51101886701414	12.3998180077402
Bhathia_01	R32	283.0	333.0	100000.0	221.00084930052978	12.3998180077402
Bhathia_01	R32	283.0	333.0	100000.0	228.7534182110594	12.3998180077402
Bhathia_01	R32	283.0	333.0	100000.0	236.77794229688686	12.3998180077402
Bhathia_01	R32	283.0	333.0	100000.0	245.08396157219659	12.3998180077402
Bhathia_01	R32	283.0	333.0	100000.0	253.68135070878884	12.3998180077402
Bhathia_01	R32	283.0	333.0	100000.0	262.58033077565597	12.3998180077402
Bhathia_01	R32	283.0	333.0	100000.0	271.7914813903746	12.3998180077402
Bhathia_01	R32	283.0	333.0	100000.0	281.32575329676206	12.3998180077402
Bhathia_01	R32	283.0	333.0	100000.0	291.1944813837476	12.3998180077402
Bhathia_01	R32	283.0	333.0	100000.0	301.4093981609385	12.3998180077402
Bhathia_01	R32	283.0	333.0	100000.0	311.9826477069	12.3998180077402
Bhathia_01	R32	283.0	333.0	100000.0	322.92680010673166	12.3998180077402
Bhathia_01	R32	283.0	333.0	100000.0	334.2548663961052	12.3998180077402
Bhathia_01	R32	283.0	333.0	100000.0	345.9803140295299	12.3998180077402
Bhathia_01	R32	283.0	333.0	100000.0	358.11708289123294	12.3998180077402
Bhathia_01	R32	283.0	333.0	100000.0	370.67960186769494	12.3998180077402
Bhathia_01	R32	283.0	333.0	100000.0	383.6828060015357	12.3998180077402
Bhathia_01	R32	283.0	333.0	100000.0	397.1421542471496	12.3998180077402
Bhathia_01	R32	283.0	333.0	100000.0	411.0736478491962	12.3998180077402
Bhathia_01	R32	283.0	333.0	100000.0	425.49384936579753	12.3998180077402
Bhathia_01	R32	283.0	333.0	100000.0	440.41990235905604	12.3998180077402
Bhathia_01	R32	283.0	333.0	100000.0	455.86955177630426	12.3998180077402
Bhathia_01	R32	283.0	333.0	100000.0	471.8611650463152	12.3998180077402
Bhathia_01	R32	283.0	333.0	100000.0	488.41375391555476	12.398140849530268
Bhathia_01	R32	283.0	333.0	100000.0	505.546997050434	12.39617164067725
Bhathia_01	R32	283.0	333.0	100000.0	523.2812634324383	12.394135479671979
Bhathia_01	R32	283.0	333.0	100000.0	541.6376365739385	12.392030098999872
Bhathia_01	R32	283.0	333.0	100000.0	560.6379395834789	12.389853190901626
Bhathia_01	R32	283.0	333.0	100000.0	580.30476111034	12.38760238203187
Bhathia_01	R32	283.0	333.0	100000.0	600.6614821992193	12.385275425575614
Bhathia_01	R32	283.0	333.0	100000.0	621.7323040869574	12.382869490540044
Bhathia_01	R32	283.0	333.0	100000.0	643.5422769743552	12.380381953437364
Bhathia_01	R32	283.0	333.0	100000.0	666.1173298072896	12.377810062415811
Bhathia_01	R32	283.0	333.0	100000.0	689.4843011025289	12.375150968872392
Bhathia_01	R32	283.0	333.0	100000.0	713.670970854901	12.372402033670376
Bhathia_01	R32	283.0	333.0	100000.0	738.7060935637436	12.369560106910411
Bhathia_01	R32	283.0	333.0	100000.0	764.6194324179003	12.366622010417624
Bhathia_01	R32	283.0	333.0	100000.0	791.4417946799063	12.363584486617352
Bhathia_01	R32	283.0	333.0	100000.0	819.2050683114275	12.36044420513337
Bhathia_01	R32	283.0	333.0	100000.0	847.9422598834972	12.35719784924361
Bhathia_01	R32	283.0	333.0	100000.0	877.6875338166207	12.35384223581999
Bhathia_01	R32	283.0	333.0	100000.0	908.4762529973926	12.350373279897935
Bhathia_01	R32	283.0	333.0	100000.0	940.3450208199293	12.34695329475887
Bhathia_01	R32	283.0	333.0	100000.0	973.3317247020778	12.343465163447663
Bhathia_01	R32	283.0	333.0	100000.0	1007.4755811281508	12.33985937422509
Bhathia_01	R32	283.0	333.0	100000.0	1042.817182271731	12.336132398268642
Bhathia_01	R32	283.0	333.0	100000.0	1079.3985442539745	12.332280044374405
Bhathia_01	R32	283.0	333.0	100000.0	1117.2631570947824	12.32829797682035
Bhathia_01	R32	283.0	333.0	100000.0	1156.4560364162314	12.32418187963197
Bhathia_01	R32	283.0	333.0	100000.0	1197.023776959721	12.319927331265845
Bhathia_01	R32	283.0	333.0	100000.0	1239.0146079804795	12.315529883850433
Bhathia_01	R32	283.0	333.0	100000.0	1282.478450585262	12.310985692248922
Bhathia_01	R32	283.0	333.0	100000.0	1327.4669770814253	12.306289723464001
Bhathia_01	R32	283.0	333.0	100000.0	1374.0336724079282	12.301436218612274
Bhathia_01	R32	283.0	333.0	100000.0	1422.2338977212928	12.296420016733654
Bhathia_01	R32	283.0	333.0	100000.0	1472.124956212121	12.291267993306574
Bhathia_01	R32	283.0	333.0	100000.0	1523.766161230411	12.285948178422093
Bhathia_01	R32	283.0	333.0	100000.0	1577.2189068006678	12.280450853380609
Bhathia_01	R32	283.0	333.0	100000.0	1632.5467406106395	12.274769805399036
Bhathia_01	R32	283.0	333.0	100000.0	1689.81543956045	12.268899040312045
Bhathia_01	R32	283.0	333.0	100000.0	1749.093087961948	12.26283238832432
Bhathia_01	R32	283.0	333.0	100000.0	1810.45015848124	12.256563575849842
Bhathia_01	R32	283.0	333.0	100000.0	1873.9595959206342	12.250087177036516
Bhathia_01	R32	283.0	333.0	100000.0	1939.6969039396042	12.243395258389723
Bhathia_01	R32	283.0	333.0	100000.0	2007.7402348178655	12.236480870592876
Bhathia_01	R32	283.0	333.0	100000.0	2078.1704823672853	12.229346187285213
Bhathia_01	R32	283.0	333.0	100000.0	2151.0713781030845	12.221978139042347
Bhathia_01	R32	283.0	333.0	100000.0	2226.529590788659	12.214366817840936
Bhathia_01	R32	283.0	333.0	100000.0	2304.63482947238	12.206504216443298
Bhathia_01	R32	283.0	333.0	100000.0	2385.479950138839	12.198381548590541
Bhathia_01	R32	283.0	333.0	100000.0	2469.161066101381	12.189990517279636
Bhathia_01	R32	283.0	333.0	100000.0	2555.7776622671126	12.181322562936437
Bhathia_01	R32	283.0	333.0	100000.0	2645.43271341026	12.172368248288512
Bhathia_01	R32	283.0	333.0	100000.0	2738.2328065944866	12.163121586799216
Bhathia_01	R32	283.0	333.0	100000.0	2834.2882678897013	12.15358104336548
Bhathia_01	R32	283.0	333.0	100000.0	2933.7132935340187	12.143727169011878
Bhathia_01	R32	283.0	333.0	100000.0	3036.6260856967806	12.13355008582994
Bhathia_01	R32	283.0	333.0	100000.0	3143.1489930040857	12.123039644022663
Bhathia_01	R32	283.0	333.0	100000.0	3253.4086559938396	12.11218690271118
Bhathia_01	R32	283.0	333.0	100000.0	3367.536157673288	12.100981017760526
Bhathia_01	R32	283.0	333.0	100000.0	3485.667179358007	12.089409697823466
Bhathia_01	R32	283.0	333.0	100000.0	3607.9421619776303	12.077461603969596
Bhathia_01	R32	283.0	333.0	100000.0	3734.506473040075	12.065125168604895
Bhathia_01	R32	283.0	333.0	100000.0	3865.5105794527676	12.052388282129694
Bhathia_01	R32	283.0	333.0	100000.0	4001.1102264063275	12.039242203769843
Bhathia_01	R32	283.0	333.0	100000.0	4141.466622533378	12.02567081747441
Bhathia_01	R32	283.0	333.0	100000.0	4286.746631562607	12.01166108499265
Bhathia_01	R32	283.0	333.0	100000.0	4437.122970695934	11.997199627305708
Bhathia_01	R32	283.0	333.0	100000.0	4592.774415944617	11.982272176391248
Bhathia_01	R32	283.0	333.0	100000.0	4753.8860146684265	11.967577886989666
Bhathia_01	R32	283.0	333.0	100000.0	4920.649305570547	11.952706686955464
Bhathia_01	R32	283.0	333.0	100000.0	5093.26254640977	11.937358228333967
Bhathia_01	R32	283.0	333.0	100000.0	5271.9309497006825	11.921518109499848
Bhathia_01	R32	283.0	333.0	100000.0	5456.8669266820625	11.905180495559417
Bhathia_01	R32	283.0	333.0	100000.0	5648.290339843539	11.888440845558822
Bhathia_01	R32	283.0	333.0	100000.0	5846.4287643107255	11.871173968775329
Bhathia_01	R32	283.0	333.0	100000.0	6051.517758399548	11.853363000609262
Bhathia_01	R32	283.0	333.0	100000.0	6263.801143661515	11.834987560234573
Bhathia_01	R32	283.0	333.0	100000.0	6483.531294752719	11.816048423203755
Bhathia_01	R32	283.0	333.0	100000.0	6710.9694394713115	11.79653071317997
Bhathia_01	R32	283.0	333.0	100000.0	6946.385969320071	11.776401814600735
Bhathia_01	R32	283.0	333.0	100000.0	7190.06076096333	11.755644519207417
Bhathia_01	R32	283.0	333.0	100000.0	7442.283508960394	11.734237097186247
Bhathia_01	R32	283.0	333.0	100000.0	7703.354070171016	11.71218225810023
Bhathia_01	R32	283.0	333.0	100000.0	7973.582820242459	11.689442305377828
Bhathia_01	R32	283.0	333.0	100000.0	8253.291022601827	11.665994827216872
Bhathia_01	R32	283.0	333.0	100000.0	8542.811210392447	11.642508756768404
Bhathia_01	R32	283.0	333.0	100000.0	8842.487581808335	11.619339783549702
Bhathia_01	R32	283.0	333.0	100000.0	9152.676409296731	11.595452087389452
Bhathia_01	R32	283.0	333.0	100000.0	9473.746463115214	11.570824876038023
Bhathia_01	R32	283.0	333.0	100000.0	9806.07944974691	11.545630112309164
Bhathia_01	R32	283.0	333.0	100000.0	10150.070465695051	11.519691888356322
Bhathia_01	R32	283.0	333.0	100000.0	10506.128467196331	11.492969113752794
Bhathia_01	R32	283.0	333.0	100000.0	10874.676756411529	11.465451065731092
Bhathia_01	R32	283.0	333.0	100000.0	11256.153484671382	11.437136112569148
Bhathia_01	R32	283.0	333.0	100000.0	11651.012173375993	11.407958935289965
Bhathia_01	R32	283.0	333.0	100000.0	12059.722253167078	11.377895985756487
Bhathia_01	R32	283.0	333.0	100000.0	12482.769622014002	11.3476967933039
Bhathia_01	R32	283.0	333.0	100000.0	12920.657222877158	11.317069953392584
Bhathia_01	R32	283.0	333.0	100000.0	13373.905641635398	11.285516617295293
Bhathia_01	R32	283.0	333.0	100000.0	13843.053725988231	11.253173065971533
Bhathia_01	R32	283.0	333.0	100000.0	14328.65922606916	11.21999045255107
Bhathia_01	R32	283.0	333.0	100000.0	14831.299457530586	11.185819435381385
Bhathia_01	R32	283.0	333.0	100000.0	15351.571987890213	11.150662129787676
Bhathia_01	R32	283.0	333.0	100000.0	15890.095346953078	11.114510054028338
Bhathia_01	R32	283.0	333.0	100000.0	16447.509762155743	11.077297211393908
Bhathia_01	R32	283.0	333.0	100000.0	17024.47791970484	11.03899322854513
Bhathia_01	R32	283.0	333.0	100000.0	17621.68575241697	10.999614979237915
Bhathia_01	R32	283.0	333.0	100000.0	18239.84325519438	10.9594756742656
Bhathia_01	R32	283.0	333.0	100000.0	18879.685329108175	10.918177615687457
Bhathia_01	R32	283.0	333.0	100000.0	19541.972655090256	10.875691917614041
Bhathia_01	R32	283.0	333.0	100000.0	20227.49259827501	10.832067532738757
Bhathia_01	R32	283.0	333.0	100000.0	20937.060144063526	10.787180981322742
Bhathia_01	R32	283.0	333.0	100000.0	21671.518867025392	10.741035663067906
Bhathia_01	R32	283.0	333.0	100000.0	22431.741933788304	10.694073391950836
Bhathia_01	R32	283.0	333.0	100000.0	23218.633141108625	10.645773191663595
Bhathia_01	R32	283.0	333.0	100000.0	24033.127990356785	10.596130738093798
Bhathia_01	R32	283.0	333.0	100000.0	24876.194799694935	10.545165539384133
Bhathia_01	R32	283.0	333.0	100000.0	25748.835855269062	10.492819344198884
Bhathia_01	R32	283.0	333.0	100000.0	26652.088602784228	10.439284461510331
Bhathia_01	R32	283.0	333.0	100000.0	27587.026880879475	10.384314790944272
Bhathia_01	R32	283.0	333.0	100000.0	28554.762197768767	10.327897439099596
Bhathia_01	R32	283.0	333.0	100000.0	29556.445052665636	10.269956995550658
Bhathia_01	R32	283.0	333.0	100000.0	30593.266303562625	10.210403956163898
Bhathia_01	R32	283.0	333.0	100000.0	31666.458582991498	10.149305033281117
Bhathia_01	R32	283.0	333.0	100000.0	32777.29776344747	10.08666376404093
Bhathia_01	R32	283.0	333.0	100000.0	33927.104474219595	10.022399007214702
Bhathia_01	R32	283.0	333.0	100000.0	35117.24567143027	9.956403646313088
Bhathia_01	R32	283.0	333.0	100000.0	36349.13626315173	9.888697045276764
Bhathia_01	R32	283.0	333.0	100000.0	37624.240791528864	9.819350039501462
Bhathia_01	R32	283.0	333.0	100000.0	38944.07517391196	9.748233024313578
Bhathia_01	R32	283.0	333.0	100000.0	40310.20850506498	9.675282679588515
Bhathia_01	R32	283.0	333.0	100000.0	41724.264922596594	9.600535477196578
Bhathia_01	R32	283.0	333.0	100000.0	43187.92553782676	9.52381078644398
Bhathia_01	R32	283.0	333.0	100000.0	44702.93043438957	9.445161246887825
Bhathia_01	R32	283.0	333.0	100000.0	46271.08073694302	9.364537858224637
Bhathia_01	R32	283.0	333.0	100000.0	47894.24075245067	9.281857347889932
Bhathia_01	R32	283.0	333.0	100000.0	49574.34018657513	9.197171428132304
Bhathia_01	R32	283.0	333.0	100000.0	51313.376437824336	9.110332716963216
Bhathia_01	R32	283.0	333.0	100000.0	53113.41697217184	9.021296605853772
Bhathia_01	R32	283.0	333.0	100000.0	54976.60178098003	8.930104549947124
Bhathia_01	R32	283.0	333.0	100000.0	56905.14592514396	8.836682788085184
Bhathia_01	R32	283.0	333.0	100000.0	58901.34216848284	8.740971419265946
Bhathia_01	R32	283.0	333.0	100000.0	60967.5637035091	8.642872724015218
Bhathia_01	R32	283.0	333.0	100000.0	63106.2669728156	8.542282327257185
Bhathia_01	R32	283.0	333.0	100000.0	65319.99458943548	8.43926067757065
Bhathia_01	R32	283.0	333.0	100000.0	67611.3783596462	8.333684900681659
Bhathia_01	R32	283.0	333.0	100000.0	69983.14241181171	8.22557333102882
Bhathia_01	R32	283.0	333.0	100000.0	72438.10643498244	8.114827758208516
Bhathia_01	R32	283.0	333.0	100000.0	74979.18903110319	8.001341466530647
Bhathia_01	R32	283.0	333.0	100000.0	77609.41118481442	7.885159245960033
Bhathia_01	R32	283.0	333.0	100000.0	80331.89985497203	7.766120905304168
Bhathia_01	R32	283.0	333.0	100000.0	83149.89169215517	7.644346902994926
Bhathia_01	R32	283.0	333.0	100000.0	86066.7368865822	7.519663616942347
Bhathia_01	R32	283.0	333.0	100000.0	89085.903151008	7.39200004721803
Bhathia_01	R32	283.0	333.0	100000.0	92210.9798433415	7.261288500567816
Bhathia_01	R32	283.0	333.0	100000.0	95445.68223387754	7.127445106397459
Bhathia_01	R32	283.0	333.0	100000.0	98793.85592222596	6.990422631286821
Bhathia_01	R32	283.0	333.0	100000.0	102259.48140917791	6.850213094322837
Bhathia_01	R32	283.0	333.0	100000.0	105846.67882895643	6.706672212089331
Bhathia_01	R32	283.0	333.0	100000.0	109559.71284746489	6.559697179674109
Bhathia_01	R32	283.0	333.0	100000.0	113402.99773236972	6.40916153790369
Bhathia_01	R32	283.0	333.0	100000.0	117381.10260103126	6.255017198380704
Bhathia_01	R32	283.0	333.0	100000.0	121498.75685253605	6.097285558390261
Bhathia_01	R32	283.0	333.0	100000.0	125760.85579027371	5.935790959328778
Bhathia_01	R32	283.0	333.0	100000.0	130172.46644175818	5.770413780955774
Bhathia_01	R32	283.0	333.0	100000.0	134738.83358259665	5.601051782415882
Bhathia_01	R32	283.0	333.0	100000.0	139465.3859717822	5.42772764991291
Bhathia_01	R32	283.0	333.0	100000.0	144357.7428057125	5.250375459531822
Bhathia_01	R32	283.0	333.0	100000.0	149421.7203986127	5.06903406073599
Bhathia_01	R32	283.0	333.0	100000.0	154663.33909730316	4.883463511321199
Bhathia_01	R32	283.0	333.0	100000.0	160088.83043853292	4.6934607535449295
Bhathia_01	R32	283.0	333.0	100000.0	165704.6445573877	4.4989240407516755
Bhathia_01	R32	283.0	333.0	100000.0	171517.45785558026	4.29975382406557
Bhathia_01	R32	283.0	333.0	100000.0	177534.18093873924	4.096053773034527
Bhathia_01	R32	283.0	333.0	100000.0	183761.96683213356	3.8876825138609252
Bhathia_01	R32	283.0	333.0	100000.0	190208.21948459864	3.6744823656977883
Bhathia_01	R32	283.0	333.0	100000.0	196880.60257077508	3.4563937216187495
Bhathia_01	R32	283.0	333.0	100000.0	203787.04860212465	3.233345496613757
Bhathia_01	R32	283.0	333.0	100000.0	210935.76835755422	3.0053616124584526
Bhathia_01	R32	283.0	333.0	100000.0	218335.26064486115	2.7725675942783434
Bhathia_01	R32	283.0	333.0	100000.0	225994.32240460056	2.5346287344577894
Bhathia_01	R32	283.0	333.0	100000.0	233922.05916839777	2.2913144294553156
Bhathia_01	R32	283.0	333.0	100000.0	242127.89588411906	2.0425698152445726
Bhathia_01	R32	283.0	333.0	100000.0	250621.58812079762	1.78847268330383
