framework	molecule	T_ads_K	T_des_K	P_ads_Pa	P_des_Pa	SD
Bhathia_01	R407F	283.0	353.0	50000.0	100.0	99.46977956854612
Bhathia_01	R407F	283.0	353.0	50000.0	103.5079362523115	99.46977956854612
Bhathia_01	R407F	283.0	353.0	50000.0	107.13892867212581	99.46977956854612
Bhathia_01	R407F	283.0	353.0	50000.0	110.89729399135348	99.46977956854612
Bhathia_01	R407F	283.0	353.0	50000.0	114.78750037010863	99.46977956854612
Bhathia_01	R407F	283.0	353.0	50000.0	118.81417270871387	99.46977956854612
Bhathia_01	R407F	283.0	353.0	50000.0	122.98209814604685	99.46977956854612
Bhathia_01	R407F	283.0	353.0	50000.0	127.29623175076546	99.46977956854612
Bhathia_01	R407F	283.0	353.0	50000.0	131.76170241217702	99.46977956854612
Bhathia_01	R407F	283.0	353.0	50000.0	136.3838189377566	99.46977956854612
Bhathia_01	R407F	283.0	353.0	50000.0	141.16807636456102	99.46977956854612
Bhathia_01	R407F	283.0	353.0	50000.0	146.12016249204424	99.46977956854612
Bhathia_01	R407F	283.0	353.0	50000.0	151.24596464403913	99.46977956854612
Bhathia_01	R407F	283.0	353.0	50000.0	156.55157666794562	99.46977956854612
Bhathia_01	R407F	283.0	353.0	50000.0	162.04330617944572	99.46977956854612
Bhathia_01	R407F	283.0	353.0	50000.0	167.72768206135862	99.46977956854612
Bhathia_01	R407F	283.0	353.0	50000.0	173.6114622255508	99.46977956854612
Bhathia_01	R407F	283.0	353.0	50000.0	179.70164164712898	99.46977956854612
Bhathia_01	R407F	283.0	353.0	50000.0	186.00546068046754	99.46977956854612
Bhathia_01	R407F	283.0	353.0	50000.0	192.53041366695666	99.46977956854612
Bhathia_01	R407F	283.0	353.0	50000.0	199.28425784470534	99.46977956854612
Bhathia_01	R407F	283.0	353.0	50000.0	206.27502257078967	99.46977956854612
Bhathia_01	R407F	283.0	353.0	50000.0	213.51101886701414	99.46977956854612
Bhathia_01	R407F	283.0	353.0	50000.0	221.00084930052978	99.46977956854612
Bhathia_01	R407F	283.0	353.0	50000.0	228.7534182110594	99.46977956854612
Bhathia_01	R407F	283.0	353.0	50000.0	236.77794229688686	99.46977956854612
Bhathia_01	R407F	283.0	353.0	50000.0	245.08396157219659	99.46977956854612
Bhathia_01	R407F	283.0	353.0	50000.0	253.68135070878884	99.46977956854612
Bhathia_01	R407F	283.0	353.0	50000.0	262.58033077565597	99.46977956854612
Bhathia_01	R407F	283.0	353.0	50000.0	271.7914813903746	99.46977956854612
Bhathia_01	R407F	283.0	353.0	50000.0	281.32575329676206	99.46977956854612
Bhathia_01	R407F	283.0	353.0	50000.0	291.1944813837476	99.46977956854612
Bhathia_01	R407F	283.0	353.0	50000.0	301.4093981609385	99.46977956854612
Bhathia_01	R407F	283.0	353.0	50000.0	311.9826477069	99.46977956854612
Bhathia_01	R407F	283.0	353.0	50000.0	322.92680010673166	99.46977956854612
Bhathia_01	R407F	283.0	353.0	50000.0	334.2548663961052	99.46977956854612
Bhathia_01	R407F	283.0	353.0	50000.0	345.9803140295299	99.46977956854612
Bhathia_01	R407F	283.0	353.0	50000.0	358.11708289123294	99.46977956854612
Bhathia_01	R407F	283.0	353.0	50000.0	370.67960186769494	99.46977956854612
Bhathia_01	R407F	283.0	353.0	50000.0	383.6828060015357	99.46977956854612
Bhathia_01	R407F	283.0	353.0	50000.0	397.1421542471496	99.46977956854612
Bhathia_01	R407F	283.0	353.0	50000.0	411.0736478491962	99.46977956854612
Bhathia_01	R407F	283.0	353.0	50000.0	425.49384936579753	99.46977956854612
Bhathia_01	R407F	283.0	353.0	50000.0	440.41990235905604	99.46977956854612
Bhathia_01	R407F	283.0	353.0	50000.0	455.86955177630426	99.46977956854612
Bhathia_01	R407F	283.0	353.0	50000.0	471.8611650463152	99.46977956854612
Bhathia_01	R407F	283.0	353.0	50000.0	488.41375391555476	99.46977956854612
Bhathia_01	R407F	283.0	353.0	50000.0	505.546997050434	99.46977956854612
Bhathia_01	R407F	283.0	353.0	50000.0	523.2812634324383	99.46977956854612
Bhathia_01	R407F	283.0	353.0	50000.0	541.6376365739385	99.46977956854612
Bhathia_01	R407F	283.0	353.0	50000.0	560.6379395834789	99.46977956854612
Bhathia_01	R407F	283.0	353.0	50000.0	580.30476111034	99.46977956854612
Bhathia_01	R407F	283.0	353.0	50000.0	600.6614821992193	99.46977956854612
Bhathia_01	R407F	283.0	353.0	50000.0	621.7323040869574	99.46977956854612
Bhathia_01	R407F	283.0	353.0	50000.0	643.5422769743552	99.46977956854612
Bhathia_01	R407F	283.0	353.0	50000.0	666.1173298072896	99.46977956854612
Bhathia_01	R407F	283.0	353.0	50000.0	689.4843011025289	99.46977956854612
Bhathia_01	R407F	283.0	353.0	50000.0	713.670970854901	99.46977956854612
Bhathia_01	R407F	283.0	353.0	50000.0	738.7060935637436	99.46977956854612
Bhathia_01	R407F	283.0	353.0	50000.0	764.6194324179003	99.46977956854612
Bhathia_01	R407F	283.0	353.0	50000.0	791.4417946799063	99.46977956854612
Bhathia_01	R407F	283.0	353.0	50000.0	819.2050683114275	99.46977956854612
Bhathia_01	R407F	283.0	353.0	50000.0	847.9422598834972	99.46977956854612
Bhathia_01	R407F	283.0	353.0	50000.0	877.6875338166207	99.46977956854612
Bhathia_01	R407F	283.0	353.0	50000.0	908.4762529973926	99.46977956854612
Bhathia_01	R407F	283.0	353.0	50000.0	940.3450208199293	99.46977956854612
Bhathia_01	R407F	283.0	353.0	50000.0	973.3317247020778	99.46977956854612
Bhathia_01	R407F	283.0	353.0	50000.0	1007.4755811281508	99.46977956854612
Bhathia_01	R407F	283.0	353.0	50000.0	1042.817182271731	99.46977956854612
Bhathia_01	R407F	283.0	353.0	50000.0	1079.3985442539745	99.46977956854612
Bhathia_01	R407F	283.0	353.0	50000.0	1117.2631570947824	99.46977956854612
Bhathia_01	R407F	283.0	353.0	50000.0	1156.4560364162314	99.46977956854612
Bhathia_01	R407F	283.0	353.0	50000.0	1197.023776959721	99.46977956854612
Bhathia_01	R407F	283.0	353.0	50000.0	1239.0146079804795	99.46977956854612
Bhathia_01	R407F	283.0	353.0	50000.0	1282.478450585262	99.46787330318493
Bhathia_01	R407F	283.0	353.0	50000.0	1327.4669770814253	99.46552422303118
Bhathia_01	R407F	283.0	353.0	50000.0	1374.0336724079282	99.46308009189723
Bhathia_01	R407F	283.0	353.0	50000.0	1422.2338977212928	99.46053711625396
Bhathia_01	R407F	283.0	353.0	50000.0	1472.124956212121	99.45789143758073
Bhathia_01	R407F	283.0	353.0	50000.0	1523.766161230411	99.45513786699591
Bhathia_01	R407F	283.0	353.0	50000.0	1577.2189068006678	99.45227250473383
Bhathia_01	R407F	283.0	353.0	50000.0	1632.5467406106395	99.44929178830587
Bhathia_01	R407F	283.0	353.0	50000.0	1689.81543956045	99.44619122621216
Bhathia_01	R407F	283.0	353.0	50000.0	1749.093087961948	99.44296611940038
Bhathia_01	R407F	283.0	353.0	50000.0	1810.45015848124	99.43961147115502
Bhathia_01	R407F	283.0	353.0	50000.0	1873.9595959206342	99.4361203016452
Bhathia_01	R407F	283.0	353.0	50000.0	1939.6969039396042	99.4324894429513
Bhathia_01	R407F	283.0	353.0	50000.0	2007.7402348178655	99.42871352957972
Bhathia_01	R407F	283.0	353.0	50000.0	2078.1704823672853	99.42478697916582
Bhathia_01	R407F	283.0	353.0	50000.0	2151.0713781030845	99.42070402203528
Bhathia_01	R407F	283.0	353.0	50000.0	2226.529590788659	99.41645710325024
Bhathia_01	R407F	283.0	353.0	50000.0	2304.63482947238	99.41212438532176
Bhathia_01	R407F	283.0	353.0	50000.0	2385.479950138839	99.40768974849973
Bhathia_01	R407F	283.0	353.0	50000.0	2469.161066101381	99.40307946742314
Bhathia_01	R407F	283.0	353.0	50000.0	2555.7776622671126	99.39828688625623
Bhathia_01	R407F	283.0	353.0	50000.0	2645.43271341026	99.39330497598186
Bhathia_01	R407F	283.0	353.0	50000.0	2738.2328065944866	99.38812388995171
Bhathia_01	R407F	283.0	353.0	50000.0	2834.2882678897013	99.35554167778962
Bhathia_01	R407F	283.0	353.0	50000.0	2933.7132935340187	99.3100007642594
Bhathia_01	R407F	283.0	353.0	50000.0	3036.6260856967806	99.26311407653179
Bhathia_01	R407F	283.0	353.0	50000.0	3143.1489930040857	99.21484457805755
Bhathia_01	R407F	283.0	353.0	50000.0	3253.4086559938396	99.16517303357998
Bhathia_01	R407F	283.0	353.0	50000.0	3367.536157673288	99.11405936352683
Bhathia_01	R407F	283.0	353.0	50000.0	3485.667179358007	99.06145644276275
Bhathia_01	R407F	283.0	353.0	50000.0	3607.9421619776303	99.00733565613673
Bhathia_01	R407F	283.0	353.0	50000.0	3734.506473040075	98.95163778751487
Bhathia_01	R407F	283.0	353.0	50000.0	3865.5105794527676	98.89432200826744
Bhathia_01	R407F	283.0	353.0	50000.0	4001.1102264063275	98.835386147999
Bhathia_01	R407F	283.0	353.0	50000.0	4141.466622533378	98.71239703835947
Bhathia_01	R407F	283.0	353.0	50000.0	4286.746631562607	98.56426125054807
Bhathia_01	R407F	283.0	353.0	50000.0	4437.122970695934	98.41231590664889
Bhathia_01	R407F	283.0	353.0	50000.0	4592.774415944617	98.25642893748832
Bhathia_01	R407F	283.0	353.0	50000.0	4753.8860146684265	98.09676271247474
Bhathia_01	R407F	283.0	353.0	50000.0	4920.649305570547	97.93359097394057
Bhathia_01	R407F	283.0	353.0	50000.0	5093.26254640977	97.76745891233941
Bhathia_01	R407F	283.0	353.0	50000.0	5271.9309497006825	97.598351347057
Bhathia_01	R407F	283.0	353.0	50000.0	5456.8669266820625	97.42601179096627
Bhathia_01	R407F	283.0	353.0	50000.0	5648.290339843539	97.2494012987403
Bhathia_01	R407F	283.0	353.0	50000.0	5846.4287643107255	97.06857265918802
Bhathia_01	R407F	283.0	353.0	50000.0	6051.517758399548	96.88311317306427
Bhathia_01	R407F	283.0	353.0	50000.0	6263.801143661515	96.69325534303135
Bhathia_01	R407F	283.0	353.0	50000.0	6483.531294752719	96.49893787980136
Bhathia_01	R407F	283.0	353.0	50000.0	6710.9694394713115	96.30076247740419
Bhathia_01	R407F	283.0	353.0	50000.0	6946.385969320071	96.09760868538976
Bhathia_01	R407F	283.0	353.0	50000.0	7190.06076096333	95.88947665770274
Bhathia_01	R407F	283.0	353.0	50000.0	7442.283508960394	95.67686243423766
Bhathia_01	R407F	283.0	353.0	50000.0	7703.354070171016	95.45962995397869
Bhathia_01	R407F	283.0	353.0	50000.0	7973.582820242459	95.23750380075116
Bhathia_01	R407F	283.0	353.0	50000.0	8253.291022601827	95.0107807375055
Bhathia_01	R407F	283.0	353.0	50000.0	8542.811210392447	94.78014458497273
Bhathia_01	R407F	283.0	353.0	50000.0	8842.487581808335	94.54400481758971
Bhathia_01	R407F	283.0	353.0	50000.0	9152.676409296731	94.30226834533254
Bhathia_01	R407F	283.0	353.0	50000.0	9473.746463115214	94.05470620025983
Bhathia_01	R407F	283.0	353.0	50000.0	9806.07944974691	93.80186197287202
Bhathia_01	R407F	283.0	353.0	50000.0	10150.070465695051	93.54510195553173
Bhathia_01	R407F	283.0	353.0	50000.0	10506.128467196331	93.28320845991422
Bhathia_01	R407F	283.0	353.0	50000.0	10874.676756411529	93.01523501329113
Bhathia_01	R407F	283.0	353.0	50000.0	11256.153484671382	92.74110867416266
Bhathia_01	R407F	283.0	353.0	50000.0	11651.012173375993	92.46148624877154
Bhathia_01	R407F	283.0	353.0	50000.0	12059.722253167078	92.17573885544242
Bhathia_01	R407F	283.0	353.0	50000.0	12482.769622014002	91.88386226537223
Bhathia_01	R407F	283.0	353.0	50000.0	12920.657222877158	91.58547247501225
Bhathia_01	R407F	283.0	353.0	50000.0	13373.905641635398	91.28129304499993
Bhathia_01	R407F	283.0	353.0	50000.0	13843.053725988231	90.97252744584951
Bhathia_01	R407F	283.0	353.0	50000.0	14328.65922606916	90.65696102013513
Bhathia_01	R407F	283.0	353.0	50000.0	14831.299457530586	90.33446199855848
Bhathia_01	R407F	283.0	353.0	50000.0	15351.571987890213	90.00544140514202
Bhathia_01	R407F	283.0	353.0	50000.0	15890.095346953078	89.67059214092588
Bhathia_01	R407F	283.0	353.0	50000.0	16447.509762155743	89.32881006446
Bhathia_01	R407F	283.0	353.0	50000.0	17024.47791970484	88.97980608280807
Bhathia_01	R407F	283.0	353.0	50000.0	17621.68575241697	88.62460395224456
Bhathia_01	R407F	283.0	353.0	50000.0	18239.84325519438	88.26289523542694
Bhathia_01	R407F	283.0	353.0	50000.0	18879.685329108175	87.89373826406204
Bhathia_01	R407F	283.0	353.0	50000.0	19541.972655090256	87.51733254021003
Bhathia_01	R407F	283.0	353.0	50000.0	20227.49259827501	87.13407983096381
Bhathia_01	R407F	283.0	353.0	50000.0	20937.060144063526	86.74337692885369
Bhathia_01	R407F	283.0	353.0	50000.0	21671.518867025392	86.34490738890095
Bhathia_01	R407F	283.0	353.0	50000.0	22431.741933788304	85.93907548079942
Bhathia_01	R407F	283.0	353.0	50000.0	23218.633141108625	85.5255933679438
Bhathia_01	R407F	283.0	353.0	50000.0	24033.127990356785	85.10441721799606
Bhathia_01	R407F	283.0	353.0	50000.0	24876.194799694935	84.67510543095766
Bhathia_01	R407F	283.0	353.0	50000.0	25748.835855269062	84.2370737115486
Bhathia_01	R407F	283.0	353.0	50000.0	26652.088602784228	83.79111796063479
Bhathia_01	R407F	283.0	353.0	50000.0	27587.026880879475	83.33683911950111
Bhathia_01	R407F	283.0	353.0	50000.0	28554.762197768767	82.87374938758819
Bhathia_01	R407F	283.0	353.0	50000.0	29556.445052665636	82.40238934685162
Bhathia_01	R407F	283.0	353.0	50000.0	30593.266303562625	81.9226378354316
Bhathia_01	R407F	283.0	353.0	50000.0	31666.458582991498	81.43395672689914
Bhathia_01	R407F	283.0	353.0	50000.0	32777.29776344747	80.93641253596338
Bhathia_01	R407F	283.0	353.0	50000.0	33927.104474219595	80.4297236758014
Bhathia_01	R407F	283.0	353.0	50000.0	35117.24567143027	79.91406799328807
Bhathia_01	R407F	283.0	353.0	50000.0	36349.13626315173	79.388527814717
Bhathia_01	R407F	283.0	353.0	50000.0	37624.240791528864	78.8540956213512
Bhathia_01	R407F	283.0	353.0	50000.0	38944.07517391196	78.31104278136527
Bhathia_01	R407F	283.0	353.0	50000.0	40310.20850506498	77.75801430862543
Bhathia_01	R407F	283.0	353.0	50000.0	41724.264922596594	77.19482121628899
Bhathia_01	R407F	283.0	353.0	50000.0	43187.92553782676	76.62170951963317
Bhathia_01	R407F	283.0	353.0	50000.0	44702.93043438957	76.03782239665712
Bhathia_01	R407F	283.0	353.0	50000.0	46271.08073694302	75.44467145068444
Bhathia_01	R407F	283.0	353.0	50000.0	47894.24075245067	74.8416567445867
Bhathia_01	R407F	283.0	353.0	50000.0	49574.34018657513	74.22779800498755
Bhathia_01	R407F	283.0	353.0	50000.0	51313.376437824336	73.60308199490561
Bhathia_01	R407F	283.0	353.0	50000.0	53113.41697217184	72.96710213348923
Bhathia_01	R407F	283.0	353.0	50000.0	54976.60178098003	72.32020386433193
Bhathia_01	R407F	283.0	353.0	50000.0	56905.14592514396	71.66259510809938
Bhathia_01	R407F	283.0	353.0	50000.0	58901.34216848284	70.9938448485894
Bhathia_01	R407F	283.0	353.0	50000.0	60967.5637035091	70.31311652297266
Bhathia_01	R407F	283.0	353.0	50000.0	63106.2669728156	69.62044510864042
Bhathia_01	R407F	283.0	353.0	50000.0	65319.99458943548	68.91584805168695
Bhathia_01	R407F	283.0	353.0	50000.0	67611.3783596462	68.19921404828986
Bhathia_01	R407F	283.0	353.0	50000.0	69983.14241181171	67.47146580128612
Bhathia_01	R407F	283.0	353.0	50000.0	72438.10643498244	66.73112103370444
Bhathia_01	R407F	283.0	353.0	50000.0	74979.18903110319	65.97762179340762
Bhathia_01	R407F	283.0	353.0	50000.0	77609.41118481442	65.21142779971117
Bhathia_01	R407F	283.0	353.0	50000.0	80331.89985497203	64.43164490587189
Bhathia_01	R407F	283.0	353.0	50000.0	83149.89169215517	63.63988013484957
Bhathia_01	R407F	283.0	353.0	50000.0	86066.7368865822	62.83431751829456
Bhathia_01	R407F	283.0	353.0	50000.0	89085.903151008	62.015096818634554
Bhathia_01	R407F	283.0	353.0	50000.0	92210.9798433415	61.181674986948785
Bhathia_01	R407F	283.0	353.0	50000.0	95445.68223387754	60.33399152535531
Bhathia_01	R407F	283.0	353.0	50000.0	98793.85592222596	59.47212964330215
Bhathia_01	R407F	283.0	353.0	50000.0	102259.48140917791	58.59733799155729
Bhathia_01	R407F	283.0	353.0	50000.0	105846.67882895643	57.70718871393936
Bhathia_01	R407F	283.0	353.0	50000.0	109559.71284746489	56.80185128952136
Bhathia_01	R407F	283.0	353.0	50000.0	113402.99773236972	55.88088065223466
Bhathia_01	R407F	283.0	353.0	50000.0	117381.10260103126	54.94403794390681
Bhathia_01	R407F	283.0	353.0	50000.0	121498.75685253605	53.993518801123514
Bhathia_01	R407F	283.0	353.0	50000.0	125760.85579027371	53.02734125377137
Bhathia_01	R407F	283.0	353.0	50000.0	130172.46644175818	52.045344099542696
Bhathia_01	R407F	283.0	353.0	50000.0	134738.83358259665	51.04678691148746
Bhathia_01	R407F	283.0	353.0	50000.0	139465.3859717822	50.03181812921603
Bhathia_01	R407F	283.0	353.0	50000.0	144357.7428057125	49.000660839622526
Bhathia_01	R407F	283.0	353.0	50000.0	149421.7203986127	47.95395199229359
Bhathia_01	R407F	283.0	353.0	50000.0	154663.33909730316	46.89020659634111
Bhathia_01	R407F	283.0	353.0	50000.0	160088.83043853292	45.80891322259231
Bhathia_01	R407F	283.0	353.0	50000.0	165704.6445573877	44.7106148554116
Bhathia_01	R407F	283.0	353.0	50000.0	171517.45785558026	43.595322104355496
Bhathia_01	R407F	283.0	353.0	50000.0	177534.18093873924	42.46452351387175
Bhathia_01	R407F	283.0	353.0	50000.0	183761.96683213356	41.31739844102376
Bhathia_01	R407F	283.0	353.0	50000.0	190208.21948459864	40.15240426686908
Bhathia_01	R407F	283.0	353.0	50000.0	196880.60257077508	38.96953601137709
Bhathia_01	R407F	283.0	353.0	50000.0	203787.04860212465	37.76873738849145
Bhathia_01	R407F	283.0	353.0	50000.0	210935.76835755422	36.55075190741538
Bhathia_01	R407F	283.0	353.0	50000.0	218335.26064486115	35.317973653118436
Bhathia_01	R407F	283.0	353.0	50000.0	225994.32240460056	34.06829586122447
Bhathia_01	R407F	283.0	353.0	50000.0	233922.05916839777	32.801630131529876
Bhathia_01	R407F	283.0	353.0	50000.0	242127.89588411906	31.7055763709108
Bhathia_01	R407F	283.0	353.0	50000.0	250621.58812079762	30.814866997098616
Bhathia_01	R407F	283.0	353.0	50000.0	259413.23366660537	29.91928218558029
Bhathia_01	R407F	283.0	353.0	50000.0	268513.2845336903	29.01780385206253
Bhathia_01	R407F	283.0	353.0	50000.0	277932.5593841194	28.110009585549133
Bhathia_01	R407F	283.0	353.0	50000.0	287682.2563917327	27.196290747039008
Bhathia_01	R407F	283.0	353.0	50000.0	297773.9665551654	26.277268633375446
Bhathia_01	R407F	283.0	353.0	50000.0	308219.6874779006	25.354592774525972
Bhathia_01	R407F	283.0	353.0	50000.0	319031.83763169846	24.431335924214213
Bhathia_01	R407F	283.0	353.0	50000.0	330223.271120397	23.504695530646718
Bhathia_01	R407F	283.0	353.0	50000.0	341807.2929615984	22.575314307615507
Bhathia_01	R407F	283.0	353.0	50000.0	353797.67490444286	21.643350359252246
Bhathia_01	R407F	283.0	353.0	50000.0	366208.67180225096	20.708979717709674
Bhathia_01	R407F	283.0	353.0	50000.0	379055.0385595106	19.77554294645262
Bhathia_01	R407F	283.0	353.0	50000.0	392352.047673353	18.842685469339123
Bhathia_01	R407F	283.0	353.0	50000.0	406115.50739037304	17.909928411711885
Bhathia_01	R407F	283.0	353.0	50000.0	420361.78050037875	16.97828789900488
Bhathia_01	R407F	283.0	353.0	50000.0	435107.80378941365	16.04840974316393
Bhathia_01	R407F	283.0	353.0	50000.0	450371.1081751789	15.12199935293911
Bhathia_01	R407F	283.0	353.0	50000.0	466169.83954879304	14.203082521137805
Bhathia_01	R125	283.0	353.0	50000.0	100.0	31.450480493300855
Bhathia_01	R125	283.0	353.0	50000.0	103.5079362523115	31.450480493300855
Bhathia_01	R125	283.0	353.0	50000.0	107.13892867212581	31.450480493300855
Bhathia_01	R125	283.0	353.0	50000.0	110.89729399135348	31.450480493300855
Bhathia_01	R125	283.0	353.0	50000.0	114.78750037010863	31.450480493300855
Bhathia_01	R125	283.0	353.0	50000.0	118.81417270871387	31.450480493300855
Bhathia_01	R125	283.0	353.0	50000.0	122.98209814604685	31.450480493300855
Bhathia_01	R125	283.0	353.0	50000.0	127.29623175076546	31.450480493300855
Bhathia_01	R125	283.0	353.0	50000.0	131.76170241217702	31.450480493300855
Bhathia_01	R125	283.0	353.0	50000.0	136.3838189377566	31.450480493300855
Bhathia_01	R125	283.0	353.0	50000.0	141.16807636456102	31.450480493300855
Bhathia_01	R125	283.0	353.0	50000.0	146.12016249204424	31.450480493300855
Bhathia_01	R125	283.0	353.0	50000.0	151.24596464403913	31.450480493300855
Bhathia_01	R125	283.0	353.0	50000.0	156.55157666794562	31.450480493300855
Bhathia_01	R125	283.0	353.0	50000.0	162.04330617944572	31.450480493300855
Bhathia_01	R125	283.0	353.0	50000.0	167.72768206135862	31.450480493300855
Bhathia_01	R125	283.0	353.0	50000.0	173.6114622255508	31.450480493300855
Bhathia_01	R125	283.0	353.0	50000.0	179.70164164712898	31.450480493300855
Bhathia_01	R125	283.0	353.0	50000.0	186.00546068046754	31.450480493300855
Bhathia_01	R125	283.0	353.0	50000.0	192.53041366695666	31.450480493300855
Bhathia_01	R125	283.0	353.0	50000.0	199.28425784470534	31.450480493300855
Bhathia_01	R125	283.0	353.0	50000.0	206.27502257078967	31.450480493300855
Bhathia_01	R125	283.0	353.0	50000.0	213.51101886701414	31.450480493300855
Bhathia_01	R125	283.0	353.0	50000.0	221.00084930052978	31.450480493300855
Bhathia_01	R125	283.0	353.0	50000.0	228.7534182110594	31.450480493300855
Bhathia_01	R125	283.0	353.0	50000.0	236.77794229688686	31.450480493300855
Bhathia_01	R125	283.0	353.0	50000.0	245.08396157219659	31.450480493300855
Bhathia_01	R125	283.0	353.0	50000.0	253.68135070878884	31.450480493300855
Bhathia_01	R125	283.0	353.0	50000.0	262.58033077565597	31.450480493300855
Bhathia_01	R125	283.0	353.0	50000.0	271.7914813903746	31.450480493300855
Bhathia_01	R125	283.0	353.0	50000.0	281.32575329676206	31.450480493300855
Bhathia_01	R125	283.0	353.0	50000.0	291.1944813837476	31.450480493300855
Bhathia_01	R125	283.0	353.0	50000.0	301.4093981609385	31.450480493300855
Bhathia_01	R125	283.0	353.0	50000.0	311.9826477069	31.450480493300855
Bhathia_01	R125	283.0	353.0	50000.0	322.92680010673166	31.450480493300855
Bhathia_01	R125	283.0	353.0	50000.0	334.2548663961052	31.450480493300855
Bhathia_01	R125	283.0	353.0	50000.0	345.9803140295299	31.450480493300855
Bhathia_01	R125	283.0	353.0	50000.0	358.11708289123294	31.450480493300855
Bhathia_01	R125	283.0	353.0	50000.0	370.67960186769494	31.450480493300855
Bhathia_01	R125	283.0	353.0	50000.0	383.6828060015357	31.450480493300855
Bhathia_01	R125	283.0	353.0	50000.0	397.1421542471496	31.450480493300855
Bhathia_01	R125	283.0	353.0	50000.0	411.0736478491962	31.450480493300855
Bhathia_01	R125	283.0	353.0	50000.0	425.49384936579753	31.450480493300855
Bhathia_01	R125	283.0	353.0	50000.0	440.41990235905604	31.450480493300855
Bhathia_01	R125	283.0	353.0	50000.0	455.86955177630426	31.450480493300855
Bhathia_01	R125	283.0	353.0	50000.0	471.8611650463152	31.450480493300855
Bhathia_01	R125	283.0	353.0	50000.0	488.41375391555476	31.450480493300855
Bhathia_01	R125	283.0	353.0	50000.0	505.546997050434	31.450480493300855
Bhathia_01	R125	283.0	353.0	50000.0	523.2812634324383	31.450480493300855
Bhathia_01	R125	283.0	353.0	50000.0	541.6376365739385	31.450480493300855
Bhathia_01	R125	283.0	353.0	50000.0	560.6379395834789	31.450480493300855
Bhathia_01	R125	283.0	353.0	50000.0	580.30476111034	31.450480493300855
Bhathia_01	R125	283.0	353.0	50000.0	600.6614821992193	31.450480493300855
Bhathia_01	R125	283.0	353.0	50000.0	621.7323040869574	31.450480493300855
Bhathia_01	R125	283.0	353.0	50000.0	643.5422769743552	31.450480493300855
Bhathia_01	R125	283.0	353.0	50000.0	666.1173298072896	31.450480493300855
Bhathia_01	R125	283.0	353.0	50000.0	689.4843011025289	31.450480493300855
Bhathia_01	R125	283.0	353.0	50000.0	713.670970854901	31.450480493300855
Bhathia_01	R125	283.0	353.0	50000.0	738.7060935637436	31.450480493300855
Bhathia_01	R125	283.0	353.0	50000.0	764.6194324179003	31.450480493300855
Bhathia_01	R125	283.0	353.0	50000.0	791.4417946799063	31.450480493300855
Bhathia_01	R125	283.0	353.0	50000.0	819.2050683114275	31.450480493300855
Bhathia_01	R125	283.0	353.0	50000.0	847.9422598834972	31.450480493300855
Bhathia_01	R125	283.0	353.0	50000.0	877.6875338166207	31.450480493300855
Bhathia_01	R125	283.0	353.0	50000.0	908.4762529973926	31.450480493300855
Bhathia_01	R125	283.0	353.0	50000.0	940.3450208199293	31.450480493300855
Bhathia_01	R125	283.0	353.0	50000.0	973.3317247020778	31.450480493300855
Bhathia_01	R125	283.0	353.0	50000.0	1007.4755811281508	31.450480493300855
Bhathia_01	R125	283.0	353.0	50000.0	1042.817182271731	31.450480493300855
Bhathia_01	R125	283.0	353.0	50000.0	1079.3985442539745	31.450480493300855
Bhathia_01	R125	283.0	353.0	50000.0	1117.2631570947824	31.450480493300855
Bhathia_01	R125	283.0	353.0	50000.0	1156.4560364162314	31.450480493300855
Bhathia_01	R125	283.0	353.0	50000.0	1197.023776959721	31.450480493300855
Bhathia_01	R125	283.0	353.0	50000.0	1239.0146079804795	31.450480493300855
Bhathia_01	R125	283.0	353.0	50000.0	1282.478450585262	31.450480493300855
Bhathia_01	R125	283.0	353.0	50000.0	1327.4669770814253	31.450480493300855
Bhathia_01	R125	283.0	353.0	50000.0	1374.0336724079282	31.450480493300855
Bhathia_01	R125	283.0	353.0	50000.0	1422.2338977212928	31.450480493300855
Bhathia_01	R125	283.0	353.0	50000.0	1472.124956212121	31.450480493300855
Bhathia_01	R125	283.0	353.0	50000.0	1523.766161230411	31.450480493300855
Bhathia_01	R125	283.0	353.0	50000.0	1577.2189068006678	31.450480493300855
Bhathia_01	R125	283.0	353.0	50000.0	1632.5467406106395	31.450480493300855
Bhathia_01	R125	283.0	353.0	50000.0	1689.81543956045	31.450480493300855
Bhathia_01	R125	283.0	353.0	50000.0	1749.093087961948	31.450480493300855
Bhathia_01	R125	283.0	353.0	50000.0	1810.45015848124	31.450480493300855
Bhathia_01	R125	283.0	353.0	50000.0	1873.9595959206342	31.450480493300855
Bhathia_01	R125	283.0	353.0	50000.0	1939.6969039396042	31.450480493300855
Bhathia_01	R125	283.0	353.0	50000.0	2007.7402348178655	31.450480493300855
Bhathia_01	R125	283.0	353.0	50000.0	2078.1704823672853	31.450480493300855
Bhathia_01	R125	283.0	353.0	50000.0	2151.0713781030845	31.450480493300855
Bhathia_01	R125	283.0	353.0	50000.0	2226.529590788659	31.450480493300855
Bhathia_01	R125	283.0	353.0	50000.0	2304.63482947238	31.450480493300855
Bhathia_01	R125	283.0	353.0	50000.0	2385.479950138839	31.450480493300855
Bhathia_01	R125	283.0	353.0	50000.0	2469.161066101381	31.450480493300855
Bhathia_01	R125	283.0	353.0	50000.0	2555.7776622671126	31.450480493300855
Bhathia_01	R125	283.0	353.0	50000.0	2645.43271341026	31.450480493300855
Bhathia_01	R125	283.0	353.0	50000.0	2738.2328065944866	31.450480493300855
Bhathia_01	R125	283.0	353.0	50000.0	2834.2882678897013	31.423283140872964
Bhathia_01	R125	283.0	353.0	50000.0	2933.7132935340187	31.383338455845113
Bhathia_01	R125	283.0	353.0	50000.0	3036.6260856967806	31.34226722380965
Bhathia_01	R125	283.0	353.0	50000.0	3143.1489930040857	31.300040511719068
Bhathia_01	R125	283.0	353.0	50000.0	3253.4086559938396	31.25664938357504
Bhathia_01	R125	283.0	353.0	50000.0	3367.536157673288	31.212062230432007
Bhathia_01	R125	283.0	353.0	50000.0	3485.667179358007	31.166232066435363
Bhathia_01	R125	283.0	353.0	50000.0	3607.9421619776303	31.11912772495896
Bhathia_01	R125	283.0	353.0	50000.0	3734.506473040075	31.07071755097835
Bhathia_01	R125	283.0	353.0	50000.0	3865.5105794527676	31.02097066207122
Bhathia_01	R125	283.0	353.0	50000.0	4001.1102264063275	30.96989858536176
Bhathia_01	R125	283.0	353.0	50000.0	4141.466622533378	30.9174253892424
Bhathia_01	R125	283.0	353.0	50000.0	4286.746631562607	30.863517255453555
Bhathia_01	R125	283.0	353.0	50000.0	4437.122970695934	30.808139786676886
Bhathia_01	R125	283.0	353.0	50000.0	4592.774415944617	30.75125807633332
Bhathia_01	R125	283.0	353.0	50000.0	4753.8860146684265	30.692866117376184
Bhathia_01	R125	283.0	353.0	50000.0	4920.649305570547	30.633121924408336
Bhathia_01	R125	283.0	353.0	50000.0	5093.26254640977	30.57299099821646
Bhathia_01	R125	283.0	353.0	50000.0	5271.9309497006825	30.51173093451605
Bhathia_01	R125	283.0	353.0	50000.0	5456.8669266820625	30.449027850919457
Bhathia_01	R125	283.0	353.0	50000.0	5648.290339843539	30.384759651063845
Bhathia_01	R125	283.0	353.0	50000.0	5846.4287643107255	30.31892467099079
Bhathia_01	R125	283.0	353.0	50000.0	6051.517758399548	30.251351196669276
Bhathia_01	R125	283.0	353.0	50000.0	6263.801143661515	30.182072653546005
Bhathia_01	R125	283.0	353.0	50000.0	6483.531294752719	30.110963402061703
Bhathia_01	R125	283.0	353.0	50000.0	6710.9694394713115	30.038061501479064
Bhathia_01	R125	283.0	353.0	50000.0	6946.385969320071	29.963284875478593
Bhathia_01	R125	283.0	353.0	50000.0	7190.06076096333	29.886628147560227
Bhathia_01	R125	283.0	353.0	50000.0	7442.283508960394	29.80867266199479
Bhathia_01	R125	283.0	353.0	50000.0	7703.354070171016	29.729325181559375
Bhathia_01	R125	283.0	353.0	50000.0	7973.582820242459	29.648225092316274
Bhathia_01	R125	283.0	353.0	50000.0	8253.291022601827	29.56526732155805
Bhathia_01	R125	283.0	353.0	50000.0	8542.811210392447	29.48045740239882
Bhathia_01	R125	283.0	353.0	50000.0	8842.487581808335	29.393590810207108
Bhathia_01	R125	283.0	353.0	50000.0	9152.676409296731	29.304693115545884
Bhathia_01	R125	283.0	353.0	50000.0	9473.746463115214	29.213531142914334
Bhathia_01	R125	283.0	353.0	50000.0	9806.07944974691	29.120246610610412
Bhathia_01	R125	283.0	353.0	50000.0	10150.070465695051	29.025238874865618
Bhathia_01	R125	283.0	353.0	50000.0	10506.128467196331	28.92846970075967
Bhathia_01	R125	283.0	353.0	50000.0	10874.676756411529	28.829695240697127
Bhathia_01	R125	283.0	353.0	50000.0	11256.153484671382	28.728745920384597
Bhathia_01	R125	283.0	353.0	50000.0	11651.012173375993	28.625465505740546
Bhathia_01	R125	283.0	353.0	50000.0	12059.722253167078	28.519820132449734
Bhathia_01	R125	283.0	353.0	50000.0	12482.769622014002	28.412010512634023
Bhathia_01	R125	283.0	353.0	50000.0	12920.657222877158	28.302000716302395
Bhathia_01	R125	283.0	353.0	50000.0	13373.905641635398	28.189896512039095
Bhathia_01	R125	283.0	353.0	50000.0	13843.053725988231	28.075484111401224
Bhathia_01	R125	283.0	353.0	50000.0	14328.65922606916	27.958622873114777
Bhathia_01	R125	283.0	353.0	50000.0	14831.299457530586	27.839353207680663
Bhathia_01	R125	283.0	353.0	50000.0	15351.571987890213	27.71770521612848
Bhathia_01	R125	283.0	353.0	50000.0	15890.095346953078	27.59367048035098
Bhathia_01	R125	283.0	353.0	50000.0	16447.509762155743	27.46735363024763
Bhathia_01	R125	283.0	353.0	50000.0	17024.47791970484	27.338391669087116
Bhathia_01	R125	283.0	353.0	50000.0	17621.68575241697	27.20695212613712
Bhathia_01	R125	283.0	353.0	50000.0	18239.84325519438	27.0730569390944
Bhathia_01	R125	283.0	353.0	50000.0	18879.685329108175	26.936411410671898
Bhathia_01	R125	283.0	353.0	50000.0	19541.972655090256	26.79730287483408
Bhathia_01	R125	283.0	353.0	50000.0	20227.49259827501	26.655690448935616
Bhathia_01	R125	283.0	353.0	50000.0	20937.060144063526	26.51116100772166
Bhathia_01	R125	283.0	353.0	50000.0	21671.518867025392	26.364097942962204
Bhathia_01	R125	283.0	353.0	50000.0	22431.741933788304	26.214296317738558
Bhathia_01	R125	283.0	353.0	50000.0	23218.633141108625	26.061909471477318
Bhathia_01	R125	283.0	353.0	50000.0	24033.127990356785	25.90682426496081
Bhathia_01	R125	283.0	353.0	50000.0	24876.194799694935	25.748661018203368
Bhathia_01	R125	283.0	353.0	50000.0	25748.835855269062	25.58742254774647
Bhathia_01	R125	283.0	353.0	50000.0	26652.088602784228	25.423489877326
Bhathia_01	R125	283.0	353.0	50000.0	27587.026880879475	25.25688319105129
Bhathia_01	R125	283.0	353.0	50000.0	28554.762197768767	25.087230717667044
Bhathia_01	R125	283.0	353.0	50000.0	29556.445052665636	24.91478961282652
Bhathia_01	R125	283.0	353.0	50000.0	30593.266303562625	24.739478975042736
Bhathia_01	R125	283.0	353.0	50000.0	31666.458582991498	24.561038298777344
Bhathia_01	R125	283.0	353.0	50000.0	32777.29776344747	24.379564086481135
Bhathia_01	R125	283.0	353.0	50000.0	33927.104474219595	24.195142346609412
Bhathia_01	R125	283.0	353.0	50000.0	35117.24567143027	24.007992673866433
Bhathia_01	R125	283.0	353.0	50000.0	36349.13626315173	23.817276563077442
Bhathia_01	R125	283.0	353.0	50000.0	37624.240791528864	23.62322684084379
Bhathia_01	R125	283.0	353.0	50000.0	38944.07517391196	23.426913562862058
Bhathia_01	R125	283.0	353.0	50000.0	40310.20850506498	23.227106135502552
Bhathia_01	R125	283.0	353.0	50000.0	41724.264922596594	23.023890606238346
Bhathia_01	R125	283.0	353.0	50000.0	43187.92553782676	22.817994823972185
Bhathia_01	R125	283.0	353.0	50000.0	44702.93043438957	22.608117844267348
Bhathia_01	R125	283.0	353.0	50000.0	46271.08073694302	22.395412717621095
Bhathia_01	R125	283.0	353.0	50000.0	47894.24075245067	22.17953829899468
Bhathia_01	R125	283.0	353.0	50000.0	49574.34018657513	21.960328353208553
Bhathia_01	R125	283.0	353.0	50000.0	51313.376437824336	21.737732548602835
Bhathia_01	R125	283.0	353.0	50000.0	53113.41697217184	21.511595313516494
Bhathia_01	R125	283.0	353.0	50000.0	54976.60178098003	21.282474269217133
Bhathia_01	R125	283.0	353.0	50000.0	56905.14592514396	21.0497911479892
Bhathia_01	R125	283.0	353.0	50000.0	58901.34216848284	20.813904689326513
Bhathia_01	R125	283.0	353.0	50000.0	60967.5637035091	20.574175141166087
Bhathia_01	R125	283.0	353.0	50000.0	63106.2669728156	20.33089100309236
Bhathia_01	R125	283.0	353.0	50000.0	65319.99458943548	20.084005120519052
Bhathia_01	R125	283.0	353.0	50000.0	67611.3783596462	19.83386019454501
Bhathia_01	R125	283.0	353.0	50000.0	69983.14241181171	19.580511857590896
Bhathia_01	R125	283.0	353.0	50000.0	72438.10643498244	19.323627378159603
Bhathia_01	R125	283.0	353.0	50000.0	74979.18903110319	19.062785010325843
Bhathia_01	R125	283.0	353.0	50000.0	77609.41118481442	18.7982268330979
Bhathia_01	R125	283.0	353.0	50000.0	80331.89985497203	18.529768427725173
Bhathia_01	R125	283.0	353.0	50000.0	83149.89169215517	18.257847017376218
Bhathia_01	R125	283.0	353.0	50000.0	86066.7368865822	17.982256951073555
Bhathia_01	R125	283.0	353.0	50000.0	89085.903151008	17.702899168808436
Bhathia_01	R125	283.0	353.0	50000.0	92210.9798433415	17.41978996712205
Bhathia_01	R125	283.0	353.0	50000.0	95445.68223387754	17.132786719353543
Bhathia_01	R125	283.0	353.0	50000.0	98793.85592222596	16.841890898465717
Bhathia_01	R125	283.0	353.0	50000.0	102259.48140917791	16.547700220539234
Bhathia_01	R125	283.0	353.0	50000.0	105846.67882895643	16.249165910624466
Bhathia_01	R125	283.0	353.0	50000.0	109559.71284746489	15.946531990605544
Bhathia_01	R125	283.0	353.0	50000.0	113402.99773236972	15.639809215088903
Bhathia_01	R125	283.0	353.0	50000.0	117381.10260103126	15.329082777467415
Bhathia_01	R125	283.0	353.0	50000.0	121498.75685253605	15.014992675731246
Bhathia_01	R125	283.0	353.0	50000.0	125760.85579027371	14.697203247211288
Bhathia_01	R125	283.0	353.0	50000.0	130172.46644175818	14.375367266049512
Bhathia_01	R125	283.0	353.0	50000.0	134738.83358259665	14.049341012514741
Bhathia_01	R125	283.0	353.0	50000.0	139465.3859717822	13.719248303428657
Bhathia_01	R125	283.0	353.0	50000.0	144357.7428057125	13.384895448670068
Bhathia_01	R125	283.0	353.0	50000.0	149421.7203986127	13.0470682900559
Bhathia_01	R125	283.0	353.0	50000.0	154663.33909730316	12.705179395687761
Bhathia_01	R125	283.0	353.0	50000.0	160088.83043853292	12.359357369523536
Bhathia_01	R125	283.0	353.0	50000.0	165704.6445573877	12.00972832115146
Bhathia_01	R125	283.0	353.0	50000.0	171517.45785558026	11.656300525303221
Bhathia_01	R125	283.0	353.0	50000.0	177534.18093873924	11.29967750752296
Bhathia_01	R125	283.0	353.0	50000.0	183761.96683213356	10.939451506038926
Bhathia_01	R125	283.0	353.0	50000.0	190208.21948459864	10.57521916202769
Bhathia_01	R125	283.0	353.0	50000.0	196880.60257077508	10.207010273407876
Bhathia_01	R125	283.0	353.0	50000.0	203787.04860212465	9.834898187111532
Bhathia_01	R125	283.0	353.0	50000.0	210935.76835755422	9.459472235730122
Bhathia_01	R125	283.0	353.0	50000.0	218335.26064486115	9.08179365108053
Bhathia_01	R125	283.0	353.0	50000.0	225994.32240460056	8.700977699037818
Bhathia_01	R125	283.0	353.0	50000.0	233922.05916839777	8.316991249245083
Bhathia_01	R125	283.0	353.0	50000.0	242127.89588411906	7.9297938570884305
Bhathia_01	R125	283.0	353.0	50000.0	250621.58812079762	7.539434283056845
Bhathia_01	R125	283.0	353.0	50000.0	259413.23366660537	7.146956547037664
Bhathia_01	R125	283.0	353.0	50000.0	268513.2845336903	6.751820592731036
Bhathia_01	R125	283.0	353.0	50000.0	277932.5593841194	6.3540601169485775
Bhathia_01	R125	283.0	353.0	50000.0	287682.2563917327	5.95419982531668
Bhathia_01	R125	283.0	353.0	50000.0	297773.9665551654	5.552452965543314
Bhathia_01	R125	283.0	353.0	50000.0	308219.6874779006	5.149205275084821
Bhathia_01	R125	283.0	353.0	50000.0	319031.83763169846	4.745563984028051
Bhathia_01	R125	283.0	353.0	50000.0	330223.271120397	4.340336248213128
Bhathia_01	R125	283.0	353.0	50000.0	341807.2929615984	3.933631740039027
Bhathia_01	R125	283.0	353.0	50000.0	353797.67490444286	3.5255447466485226
Bhathia_01	R125	283.0	353.0	50000.0	366208.67180225096	3.116209914708985
Bhathia_01	R125	283.0	353.0	50000.0	379055.0385595106	2.707404159122905
Bhathia_01	R125	283.0	353.0	50000.0	392352.047673353	2.2994594319600545
Bhathia_01	R125	283.0	353.0	50000.0	406115.50739037304	1.8918842889921479
Bhathia_01	R125	283.0	353.0	50000.0	420361.78050037875	1.484816973524069
Bhathia_01	R125	283.0	353.0	50000.0	435107.80378941365	1.078379027409218
Bhathia_01	R125	283.0	353.0	50000.0	450371.1081751789	0.6729998926061498
Bhathia_01	R125	283.0	353.0	50000.0	466169.83954879304	0.2703072930627105
Bhathia_01	R134a	283.0	353.0	50000.0	100.0	60.28740659141252
Bhathia_01	R134a	283.0	353.0	50000.0	103.5079362523115	60.28740659141252
Bhathia_01	R134a	283.0	353.0	50000.0	107.13892867212581	60.28740659141252
Bhathia_01	R134a	283.0	353.0	50000.0	110.89729399135348	60.28740659141252
Bhathia_01	R134a	283.0	353.0	50000.0	114.78750037010863	60.28740659141252
Bhathia_01	R134a	283.0	353.0	50000.0	118.81417270871387	60.28740659141252
Bhathia_01	R134a	283.0	353.0	50000.0	122.98209814604685	60.28740659141252
Bhathia_01	R134a	283.0	353.0	50000.0	127.29623175076546	60.28740659141252
Bhathia_01	R134a	283.0	353.0	50000.0	131.76170241217702	60.28740659141252
Bhathia_01	R134a	283.0	353.0	50000.0	136.3838189377566	60.28740659141252
Bhathia_01	R134a	283.0	353.0	50000.0	141.16807636456102	60.28740659141252
Bhathia_01	R134a	283.0	353.0	50000.0	146.12016249204424	60.28740659141252
Bhathia_01	R134a	283.0	353.0	50000.0	151.24596464403913	60.28740659141252
Bhathia_01	R134a	283.0	353.0	50000.0	156.55157666794562	60.28740659141252
Bhathia_01	R134a	283.0	353.0	50000.0	162.04330617944572	60.28740659141252
Bhathia_01	R134a	283.0	353.0	50000.0	167.72768206135862	60.28740659141252
Bhathia_01	R134a	283.0	353.0	50000.0	173.6114622255508	60.28740659141252
Bhathia_01	R134a	283.0	353.0	50000.0	179.70164164712898	60.28740659141252
Bhathia_01	R134a	283.0	353.0	50000.0	186.00546068046754	60.28740659141252
Bhathia_01	R134a	283.0	353.0	50000.0	192.53041366695666	60.28740659141252
Bhathia_01	R134a	283.0	353.0	50000.0	199.28425784470534	60.28740659141252
Bhathia_01	R134a	283.0	353.0	50000.0	206.27502257078967	60.28740659141252
Bhathia_01	R134a	283.0	353.0	50000.0	213.51101886701414	60.28740659141252
Bhathia_01	R134a	283.0	353.0	50000.0	221.00084930052978	60.28740659141252
Bhathia_01	R134a	283.0	353.0	50000.0	228.7534182110594	60.28740659141252
Bhathia_01	R134a	283.0	353.0	50000.0	236.77794229688686	60.28740659141252
Bhathia_01	R134a	283.0	353.0	50000.0	245.08396157219659	60.28740659141252
Bhathia_01	R134a	283.0	353.0	50000.0	253.68135070878884	60.28740659141252
Bhathia_01	R134a	283.0	353.0	50000.0	262.58033077565597	60.28740659141252
Bhathia_01	R134a	283.0	353.0	50000.0	271.7914813903746	60.28740659141252
Bhathia_01	R134a	283.0	353.0	50000.0	281.32575329676206	60.28740659141252
Bhathia_01	R134a	283.0	353.0	50000.0	291.1944813837476	60.28740659141252
Bhathia_01	R134a	283.0	353.0	50000.0	301.4093981609385	60.28740659141252
Bhathia_01	R134a	283.0	353.0	50000.0	311.9826477069	60.28740659141252
Bhathia_01	R134a	283.0	353.0	50000.0	322.92680010673166	60.28740659141252
Bhathia_01	R134a	283.0	353.0	50000.0	334.2548663961052	60.28740659141252
Bhathia_01	R134a	283.0	353.0	50000.0	345.9803140295299	60.28740659141252
Bhathia_01	R134a	283.0	353.0	50000.0	358.11708289123294	60.28740659141252
Bhathia_01	R134a	283.0	353.0	50000.0	370.67960186769494	60.28740659141252
Bhathia_01	R134a	283.0	353.0	50000.0	383.6828060015357	60.28740659141252
Bhathia_01	R134a	283.0	353.0	50000.0	397.1421542471496	60.28740659141252
Bhathia_01	R134a	283.0	353.0	50000.0	411.0736478491962	60.28740659141252
Bhathia_01	R134a	283.0	353.0	50000.0	425.49384936579753	60.28740659141252
Bhathia_01	R134a	283.0	353.0	50000.0	440.41990235905604	60.28740659141252
Bhathia_01	R134a	283.0	353.0	50000.0	455.86955177630426	60.28740659141252
Bhathia_01	R134a	283.0	353.0	50000.0	471.8611650463152	60.28740659141252
Bhathia_01	R134a	283.0	353.0	50000.0	488.41375391555476	60.28740659141252
Bhathia_01	R134a	283.0	353.0	50000.0	505.546997050434	60.28740659141252
Bhathia_01	R134a	283.0	353.0	50000.0	523.2812634324383	60.28740659141252
Bhathia_01	R134a	283.0	353.0	50000.0	541.6376365739385	60.28740659141252
Bhathia_01	R134a	283.0	353.0	50000.0	560.6379395834789	60.28740659141252
Bhathia_01	R134a	283.0	353.0	50000.0	580.30476111034	60.28740659141252
Bhathia_01	R134a	283.0	353.0	50000.0	600.6614821992193	60.28740659141252
Bhathia_01	R134a	283.0	353.0	50000.0	621.7323040869574	60.28740659141252
Bhathia_01	R134a	283.0	353.0	50000.0	643.5422769743552	60.28740659141252
Bhathia_01	R134a	283.0	353.0	50000.0	666.1173298072896	60.28740659141252
Bhathia_01	R134a	283.0	353.0	50000.0	689.4843011025289	60.28740659141252
Bhathia_01	R134a	283.0	353.0	50000.0	713.670970854901	60.28740659141252
Bhathia_01	R134a	283.0	353.0	50000.0	738.7060935637436	60.28740659141252
Bhathia_01	R134a	283.0	353.0	50000.0	764.6194324179003	60.28740659141252
Bhathia_01	R134a	283.0	353.0	50000.0	791.4417946799063	60.28740659141252
Bhathia_01	R134a	283.0	353.0	50000.0	819.2050683114275	60.28740659141252
Bhathia_01	R134a	283.0	353.0	50000.0	847.9422598834972	60.28740659141252
Bhathia_01	R134a	283.0	353.0	50000.0	877.6875338166207	60.28740659141252
Bhathia_01	R134a	283.0	353.0	50000.0	908.4762529973926	60.28740659141252
Bhathia_01	R134a	283.0	353.0	50000.0	940.3450208199293	60.28740659141252
Bhathia_01	R134a	283.0	353.0	50000.0	973.3317247020778	60.28740659141252
Bhathia_01	R134a	283.0	353.0	50000.0	1007.4755811281508	60.28740659141252
Bhathia_01	R134a	283.0	353.0	50000.0	1042.817182271731	60.28740659141252
Bhathia_01	R134a	283.0	353.0	50000.0	1079.3985442539745	60.28740659141252
Bhathia_01	R134a	283.0	353.0	50000.0	1117.2631570947824	60.28740659141252
Bhathia_01	R134a	283.0	353.0	50000.0	1156.4560364162314	60.28740659141252
Bhathia_01	R134a	283.0	353.0	50000.0	1197.023776959721	60.28740659141252
Bhathia_01	R134a	283.0	353.0	50000.0	1239.0146079804795	60.28740659141252
Bhathia_01	R134a	283.0	353.0	50000.0	1282.478450585262	60.28740659141252
Bhathia_01	R134a	283.0	353.0	50000.0	1327.4669770814253	60.28740659141252
Bhathia_01	R134a	283.0	353.0	50000.0	1374.0336724079282	60.28740659141252
Bhathia_01	R134a	283.0	353.0	50000.0	1422.2338977212928	60.28740659141252
Bhathia_01	R134a	283.0	353.0	50000.0	1472.124956212121	60.28740659141252
Bhathia_01	R134a	283.0	353.0	50000.0	1523.766161230411	60.28740659141252
Bhathia_01	R134a	283.0	353.0	50000.0	1577.2189068006678	60.28740659141252
Bhathia_01	R134a	283.0	353.0	50000.0	1632.5467406106395	60.28740659141252
Bhathia_01	R134a	283.0	353.0	50000.0	1689.81543956045	60.28740659141252
Bhathia_01	R134a	283.0	353.0	50000.0	1749.093087961948	60.28740659141252
Bhathia_01	R134a	283.0	353.0	50000.0	1810.45015848124	60.28740659141252
Bhathia_01	R134a	283.0	353.0	50000.0	1873.9595959206342	60.28740659141252
Bhathia_01	R134a	283.0	353.0	50000.0	1939.6969039396042	60.28740659141252
Bhathia_01	R134a	283.0	353.0	50000.0	2007.7402348178655	60.28740659141252
Bhathia_01	R134a	283.0	353.0	50000.0	2078.1704823672853	60.28740659141252
Bhathia_01	R134a	283.0	353.0	50000.0	2151.0713781030845	60.28740659141252
Bhathia_01	R134a	283.0	353.0	50000.0	2226.529590788659	60.28740659141252
Bhathia_01	R134a	283.0	353.0	50000.0	2304.63482947238	60.28740659141252
Bhathia_01	R134a	283.0	353.0	50000.0	2385.479950138839	60.28740659141252
Bhathia_01	R134a	283.0	353.0	50000.0	2469.161066101381	60.28740659141252
Bhathia_01	R134a	283.0	353.0	50000.0	2555.7776622671126	60.28740659141252
Bhathia_01	R134a	283.0	353.0	50000.0	2645.43271341026	60.28740659141252
Bhathia_01	R134a	283.0	353.0	50000.0	2738.2328065944866	60.28740659141252
Bhathia_01	R134a	283.0	353.0	50000.0	2834.2882678897013	60.28740659141252
Bhathia_01	R134a	283.0	353.0	50000.0	2933.7132935340187	60.28740659141252
Bhathia_01	R134a	283.0	353.0	50000.0	3036.6260856967806	60.28740659141252
Bhathia_01	R134a	283.0	353.0	50000.0	3143.1489930040857	60.28740659141252
Bhathia_01	R134a	283.0	353.0	50000.0	3253.4086559938396	60.28740659141252
Bhathia_01	R134a	283.0	353.0	50000.0	3367.536157673288	60.28740659141252
Bhathia_01	R134a	283.0	353.0	50000.0	3485.667179358007	60.28740659141252
Bhathia_01	R134a	283.0	353.0	50000.0	3607.9421619776303	60.28740659141252
Bhathia_01	R134a	283.0	353.0	50000.0	3734.506473040075	60.28740659141252
Bhathia_01	R134a	283.0	353.0	50000.0	3865.5105794527676	60.28740659141252
Bhathia_01	R134a	283.0	353.0	50000.0	4001.1102264063275	60.28740659141252
Bhathia_01	R134a	283.0	353.0	50000.0	4141.466622533378	60.22505617398778
Bhathia_01	R134a	283.0	353.0	50000.0	4286.746631562607	60.13930644682932
Bhathia_01	R134a	283.0	353.0	50000.0	4437.122970695934	60.051540017872036
Bhathia_01	R134a	283.0	353.0	50000.0	4592.774415944617	59.96167087612266
Bhathia_01	R134a	283.0	353.0	50000.0	4753.8860146684265	59.869880532872514
Bhathia_01	R134a	283.0	353.0	50000.0	4920.649305570547	59.77629758065203
Bhathia_01	R134a	283.0	353.0	50000.0	5093.26254640977	59.68050340894405
Bhathia_01	R134a	283.0	353.0	50000.0	5271.9309497006825	59.58324622791805
Bhathia_01	R134a	283.0	353.0	50000.0	5456.8669266820625	59.48459678109548
Bhathia_01	R134a	283.0	353.0	50000.0	5648.290339843539	59.38365169158806
Bhathia_01	R134a	283.0	353.0	50000.0	5846.4287643107255	59.28048339270895
Bhathia_01	R134a	283.0	353.0	50000.0	6051.517758399548	59.174860964065026
Bhathia_01	R134a	283.0	353.0	50000.0	6263.801143661515	59.066998038069066
Bhathia_01	R134a	283.0	353.0	50000.0	6483.531294752719	58.956600139606984
Bhathia_01	R134a	283.0	353.0	50000.0	6710.9694394713115	58.84450148630628
Bhathia_01	R134a	283.0	353.0	50000.0	6946.385969320071	58.72977966998103
Bhathia_01	R134a	283.0	353.0	50000.0	7190.06076096333	58.61245443207507
Bhathia_01	R134a	283.0	353.0	50000.0	7442.283508960394	58.492458738894186
Bhathia_01	R134a	283.0	353.0	50000.0	7703.354070171016	58.36976608848336
Bhathia_01	R134a	283.0	353.0	50000.0	7973.582820242459	58.24445157165426
Bhathia_01	R134a	283.0	353.0	50000.0	8253.291022601827	58.11692356332896
Bhathia_01	R134a	283.0	353.0	50000.0	8542.811210392447	57.987915796058864
Bhathia_01	R134a	283.0	353.0	50000.0	8842.487581808335	57.856056374217694
Bhathia_01	R134a	283.0	353.0	50000.0	9152.676409296731	57.72124469285778
Bhathia_01	R134a	283.0	353.0	50000.0	9473.746463115214	57.58350404349273
Bhathia_01	R134a	283.0	353.0	50000.0	9806.07944974691	57.44325493832108
Bhathia_01	R134a	283.0	353.0	50000.0	10150.070465695051	57.301103437402126
Bhathia_01	R134a	283.0	353.0	50000.0	10506.128467196331	57.155847904601536
Bhathia_01	R134a	283.0	353.0	50000.0	10874.676756411529	57.00720208662155
Bhathia_01	R134a	283.0	353.0	50000.0	11256.153484671382	56.855282300103575
Bhathia_01	R134a	283.0	353.0	50000.0	11651.012173375993	56.700921577846934
Bhathia_01	R134a	283.0	353.0	50000.0	12059.722253167078	56.54351221807906
Bhathia_01	R134a	283.0	353.0	50000.0	12482.769622014002	56.38283554587617
Bhathia_01	R134a	283.0	353.0	50000.0	12920.657222877158	56.21861543484349
Bhathia_01	R134a	283.0	353.0	50000.0	13373.905641635398	56.051502921437816
Bhathia_01	R134a	283.0	353.0	50000.0	13843.053725988231	55.88212834416023
Bhathia_01	R134a	283.0	353.0	50000.0	14328.65922606916	55.7089899756262
Bhathia_01	R134a	283.0	353.0	50000.0	14831.299457530586	55.53213999488047
Bhathia_01	R134a	283.0	353.0	50000.0	15351.571987890213	55.35199927760335
Bhathia_01	R134a	283.0	353.0	50000.0	15890.095346953078	55.16927351379194
Bhathia_01	R134a	283.0	353.0	50000.0	16447.509762155743	54.98269508463952
Bhathia_01	R134a	283.0	353.0	50000.0	17024.47791970484	54.79206385167646
Bhathia_01	R134a	283.0	353.0	50000.0	17621.68575241697	54.597758231075716
Bhathia_01	R134a	283.0	353.0	50000.0	18239.84325519438	54.400311379276495
Bhathia_01	R134a	283.0	353.0	50000.0	18879.685329108175	54.199113069950194
Bhathia_01	R134a	283.0	353.0	50000.0	19541.972655090256	53.99407517706093
Bhathia_01	R134a	283.0	353.0	50000.0	20227.49259827501	53.78541672632148
Bhathia_01	R134a	283.0	353.0	50000.0	20937.060144063526	53.57261369925168
Bhathia_01	R134a	283.0	353.0	50000.0	21671.518867025392	53.35559761529512
Bhathia_01	R134a	283.0	353.0	50000.0	22431.741933788304	53.13499280469569
Bhathia_01	R134a	283.0	353.0	50000.0	23218.633141108625	52.910349668362514
Bhathia_01	R134a	283.0	353.0	50000.0	24033.127990356785	52.6816078741041
Bhathia_01	R134a	283.0	353.0	50000.0	24876.194799694935	52.44892576257332
Bhathia_01	R134a	283.0	353.0	50000.0	25748.835855269062	52.21174104593939
Bhathia_01	R134a	283.0	353.0	50000.0	26652.088602784228	51.97047147287262
Bhathia_01	R134a	283.0	353.0	50000.0	27587.026880879475	51.7245085392663
Bhathia_01	R134a	283.0	353.0	50000.0	28554.762197768767	51.47394191358774
Bhathia_01	R134a	283.0	353.0	50000.0	29556.445052665636	51.21912744155079
Bhathia_01	R134a	283.0	353.0	50000.0	30593.266303562625	50.95994010620011
Bhathia_01	R134a	283.0	353.0	50000.0	31666.458582991498	50.69607261455638
Bhathia_01	R134a	283.0	353.0	50000.0	32777.29776344747	50.427621097330935
Bhathia_01	R134a	283.0	353.0	50000.0	33927.104474219595	50.15418753034787
Bhathia_01	R134a	283.0	353.0	50000.0	35117.24567143027	49.875715847683914
Bhathia_01	R134a	283.0	353.0	50000.0	36349.13626315173	49.592266860337794
Bhathia_01	R134a	283.0	353.0	50000.0	37624.240791528864	49.304448295523464
Bhathia_01	R134a	283.0	353.0	50000.0	38944.07517391196	49.01156730958271
Bhathia_01	R134a	283.0	353.0	50000.0	40310.20850506498	48.71357085268858
Bhathia_01	R134a	283.0	353.0	50000.0	41724.264922596594	48.41019096743333
Bhathia_01	R134a	283.0	353.0	50000.0	43187.92553782676	48.10102093316815
Bhathia_01	R134a	283.0	353.0	50000.0	44702.93043438957	47.78657966755524
Bhathia_01	R134a	283.0	353.0	50000.0	46271.08073694302	47.46720558714736
Bhathia_01	R134a	283.0	353.0	50000.0	47894.24075245067	47.14265183496805
Bhathia_01	R134a	283.0	353.0	50000.0	49574.34018657513	46.81220084037918
Bhathia_01	R134a	283.0	353.0	50000.0	51313.376437824336	46.475853990278985
Bhathia_01	R134a	283.0	353.0	50000.0	53113.41697217184	46.13346124107002
Bhathia_01	R134a	283.0	353.0	50000.0	54976.60178098003	45.78478995733368
Bhathia_01	R134a	283.0	353.0	50000.0	56905.14592514396	45.43063127353675
Bhathia_01	R134a	283.0	353.0	50000.0	58901.34216848284	45.07025019256596
Bhathia_01	R134a	283.0	353.0	50000.0	60967.5637035091	44.70349766878546
Bhathia_01	R134a	283.0	353.0	50000.0	63106.2669728156	44.33017887357877
Bhathia_01	R134a	283.0	353.0	50000.0	65319.99458943548	43.95042900394234
Bhathia_01	R134a	283.0	353.0	50000.0	67611.3783596462	43.56383742092431
Bhathia_01	R134a	283.0	353.0	50000.0	69983.14241181171	43.171239667074
Bhathia_01	R134a	283.0	353.0	50000.0	72438.10643498244	42.77162323254568
Bhathia_01	R134a	283.0	353.0	50000.0	74979.18903110319	42.364881211230426
Bhathia_01	R134a	283.0	353.0	50000.0	77609.41118481442	41.9512855984351
Bhathia_01	R134a	283.0	353.0	50000.0	80331.89985497203	41.530172044484054
Bhathia_01	R134a	283.0	353.0	50000.0	83149.89169215517	41.10267994222928
Bhathia_01	R134a	283.0	353.0	50000.0	86066.7368865822	40.66731047090404
Bhathia_01	R134a	283.0	353.0	50000.0	89085.903151008	40.2244115853961
Bhathia_01	R134a	283.0	353.0	50000.0	92210.9798433415	39.77352752908003
Bhathia_01	R134a	283.0	353.0	50000.0	95445.68223387754	39.31479373071908
Bhathia_01	R134a	283.0	353.0	50000.0	98793.85592222596	38.848328793018446
Bhathia_01	R134a	283.0	353.0	50000.0	102259.48140917791	38.37479791859813
Bhathia_01	R134a	283.0	353.0	50000.0	105846.67882895643	37.89296524074998
Bhathia_01	R134a	283.0	353.0	50000.0	109559.71284746489	37.40283227037286
Bhathia_01	R134a	283.0	353.0	50000.0	113402.99773236972	36.90401391185712
Bhathia_01	R134a	283.0	353.0	50000.0	117381.10260103126	36.396264339840144
Bhathia_01	R134a	283.0	353.0	50000.0	121498.75685253605	35.881114226028394
Bhathia_01	R134a	283.0	353.0	50000.0	125760.85579027371	35.35706458898431
Bhathia_01	R134a	283.0	353.0	50000.0	130172.46644175818	34.824402248078314
Bhathia_01	R134a	283.0	353.0	50000.0	134738.83358259665	34.282611005603854
Bhathia_01	R134a	283.0	353.0	50000.0	139465.3859717822	33.7318033571628
Bhathia_01	R134a	283.0	353.0	50000.0	144357.7428057125	33.17248395467595
Bhathia_01	R134a	283.0	353.0	50000.0	149421.7203986127	32.6045348386864
Bhathia_01	R134a	283.0	353.0	50000.0	154663.33909730316	32.02725131379687
Bhathia_01	R134a	283.0	353.0	50000.0	160088.83043853292	31.44008044025238
Bhathia_01	R134a	283.0	353.0	50000.0	165704.6445573877	30.84353076402699
Bhathia_01	R134a	283.0	353.0	50000.0	171517.45785558026	30.23771859008193
Bhathia_01	R134a	283.0	353.0	50000.0	177534.18093873924	29.623548692610473
Bhathia_01	R134a	283.0	353.0	50000.0	183761.96683213356	29.000769528898036
Bhathia_01	R134a	283.0	353.0	50000.0	190208.21948459864	28.36837837563515
Bhathia_01	R134a	283.0	353.0	50000.0	196880.60257077508	27.72643342900858
Bhathia_01	R134a	283.0	353.0	50000.0	203787.04860212465	27.07483688417718
Bhathia_01	R134a	283.0	353.0	50000.0	210935.76835755422	26.41375430778981
Bhathia_01	R134a	283.0	353.0	50000.0	218335.26064486115	25.744486654653187
Bhathia_01	R134a	283.0	353.0	50000.0	225994.32240460056	25.066033069215123
Bhathia_01	R134a	283.0	353.0	50000.0	233922.05916839777	24.378473089483407
Bhathia_01	R134a	283.0	353.0	50000.0	242127.89588411906	23.681974102462927
Bhathia_01	R134a	283.0	353.0	50000.0	250621.58812079762	22.976714349290184
Bhathia_01	R134a	283.0	353.0	50000.0	259413.23366660537	22.26385258417711
Bhathia_01	R134a	283.0	353.0	50000.0	268513.2845336903	21.542814546161733
Bhathia_01	R134a	283.0	353.0	50000.0	277932.5593841194	20.813036457164763
Bhathia_01	R134a	283.0	353.0	50000.0	287682.2563917327	20.074327501832727
Bhathia_01	R134a	283.0	353.0	50000.0	297773.9665551654	19.327056374201927
Bhathia_01	R134a	283.0	353.0	50000.0	308219.6874779006	18.57252626575019
Bhathia_01	R134a	283.0	353.0	50000.0	319031.83763169846	17.812874176341566
Bhathia_01	R134a	283.0	353.0	50000.0	330223.271120397	17.046165982412337
Bhathia_01	R134a	283.0	353.0	50000.0	341807.2929615984	16.27269681235685
Bhathia_01	R134a	283.0	353.0	50000.0	353797.67490444286	15.492472541501158
Bhathia_01	R134a	283.0	353.0	50000.0	366208.67180225096	14.705619685285715
Bhathia_01	R134a	283.0	353.0	50000.0	379055.0385595106	13.914300619692018
Bhathia_01	R134a	283.0	353.0	50000.0	392352.047673353	13.117768394849627
Bhathia_01	R134a	283.0	353.0	50000.0	406115.50739037304	12.315820476068348
Bhathia_01	R134a	283.0	353.0	50000.0	420361.78050037875	11.509252870237361
Bhathia_01	R134a	283.0	353.0	50000.0	435107.80378941365	10.698592244606859
Bhathia_01	R134a	283.0	353.0	50000.0	450371.1081751789	9.884969996002152
Bhathia_01	R134a	283.0	353.0	50000.0	466169.83954879304	9.071123677484849
Bhathia_01	R32	283.0	353.0	50000.0	100.0	7.731892483832741
Bhathia_01	R32	283.0	353.0	50000.0	103.5079362523115	7.731892483832741
Bhathia_01	R32	283.0	353.0	50000.0	107.13892867212581	7.731892483832741
Bhathia_01	R32	283.0	353.0	50000.0	110.89729399135348	7.731892483832741
Bhathia_01	R32	283.0	353.0	50000.0	114.78750037010863	7.731892483832741
Bhathia_01	R32	283.0	353.0	50000.0	118.81417270871387	7.731892483832741
Bhathia_01	R32	283.0	353.0	50000.0	122.98209814604685	7.731892483832741
Bhathia_01	R32	283.0	353.0	50000.0	127.29623175076546	7.731892483832741
Bhathia_01	R32	283.0	353.0	50000.0	131.76170241217702	7.731892483832741
Bhathia_01	R32	283.0	353.0	50000.0	136.3838189377566	7.731892483832741
Bhathia_01	R32	283.0	353.0	50000.0	141.16807636456102	7.731892483832741
Bhathia_01	R32	283.0	353.0	50000.0	146.12016249204424	7.731892483832741
Bhathia_01	R32	283.0	353.0	50000.0	151.24596464403913	7.731892483832741
Bhathia_01	R32	283.0	353.0	50000.0	156.55157666794562	7.731892483832741
Bhathia_01	R32	283.0	353.0	50000.0	162.04330617944572	7.731892483832741
Bhathia_01	R32	283.0	353.0	50000.0	167.72768206135862	7.731892483832741
Bhathia_01	R32	283.0	353.0	50000.0	173.6114622255508	7.731892483832741
Bhathia_01	R32	283.0	353.0	50000.0	179.70164164712898	7.731892483832741
Bhathia_01	R32	283.0	353.0	50000.0	186.00546068046754	7.731892483832741
Bhathia_01	R32	283.0	353.0	50000.0	192.53041366695666	7.731892483832741
Bhathia_01	R32	283.0	353.0	50000.0	199.28425784470534	7.731892483832741
Bhathia_01	R32	283.0	353.0	50000.0	206.27502257078967	7.731892483832741
Bhathia_01	R32	283.0	353.0	50000.0	213.51101886701414	7.731892483832741
Bhathia_01	R32	283.0	353.0	50000.0	221.00084930052978	7.731892483832741
Bhathia_01	R32	283.0	353.0	50000.0	228.7534182110594	7.731892483832741
Bhathia_01	R32	283.0	353.0	50000.0	236.77794229688686	7.731892483832741
Bhathia_01	R32	283.0	353.0	50000.0	245.08396157219659	7.731892483832741
Bhathia_01	R32	283.0	353.0	50000.0	253.68135070878884	7.731892483832741
Bhathia_01	R32	283.0	353.0	50000.0	262.58033077565597	7.731892483832741
Bhathia_01	R32	283.0	353.0	50000.0	271.7914813903746	7.731892483832741
Bhathia_01	R32	283.0	353.0	50000.0	281.32575329676206	7.731892483832741
Bhathia_01	R32	283.0	353.0	50000.0	291.1944813837476	7.731892483832741
Bhathia_01	R32	283.0	353.0	50000.0	301.4093981609385	7.731892483832741
Bhathia_01	R32	283.0	353.0	50000.0	311.9826477069	7.731892483832741
Bhathia_01	R32	283.0	353.0	50000.0	322.92680010673166	7.731892483832741
Bhathia_01	R32	283.0	353.0	50000.0	334.2548663961052	7.731892483832741
Bhathia_01	R32	283.0	353.0	50000.0	345.9803140295299	7.731892483832741
Bhathia_01	R32	283.0	353.0	50000.0	358.11708289123294	7.731892483832741
Bhathia_01	R32	283.0	353.0	50000.0	370.67960186769494	7.731892483832741
Bhathia_01	R32	283.0	353.0	50000.0	383.6828060015357	7.731892483832741
Bhathia_01	R32	283.0	353.0	50000.0	397.1421542471496	7.731892483832741
Bhathia_01	R32	283.0	353.0	50000.0	411.0736478491962	7.731892483832741
Bhathia_01	R32	283.0	353.0	50000.0	425.49384936579753	7.731892483832741
Bhathia_01	R32	283.0	353.0	50000.0	440.41990235905604	7.731892483832741
Bhathia_01	R32	283.0	353.0	50000.0	455.86955177630426	7.731892483832741
Bhathia_01	R32	283.0	353.0	50000.0	471.8611650463152	7.731892483832741
Bhathia_01	R32	283.0	353.0	50000.0	488.41375391555476	7.731892483832741
Bhathia_01	R32	283.0	353.0	50000.0	505.546997050434	7.731892483832741
Bhathia_01	R32	283.0	353.0	50000.0	523.2812634324383	7.731892483832741
Bhathia_01	R32	283.0	353.0	50000.0	541.6376365739385	7.731892483832741
Bhathia_01	R32	283.0	353.0	50000.0	560.6379395834789	7.731892483832741
Bhathia_01	R32	283.0	353.0	50000.0	580.30476111034	7.731892483832741
Bhathia_01	R32	283.0	353.0	50000.0	600.6614821992193	7.731892483832741
Bhathia_01	R32	283.0	353.0	50000.0	621.7323040869574	7.731892483832741
Bhathia_01	R32	283.0	353.0	50000.0	643.5422769743552	7.731892483832741
Bhathia_01	R32	283.0	353.0	50000.0	666.1173298072896	7.731892483832741
Bhathia_01	R32	283.0	353.0	50000.0	689.4843011025289	7.731892483832741
Bhathia_01	R32	283.0	353.0	50000.0	713.670970854901	7.731892483832741
Bhathia_01	R32	283.0	353.0	50000.0	738.7060935637436	7.731892483832741
Bhathia_01	R32	283.0	353.0	50000.0	764.6194324179003	7.731892483832741
Bhathia_01	R32	283.0	353.0	50000.0	791.4417946799063	7.731892483832741
Bhathia_01	R32	283.0	353.0	50000.0	819.2050683114275	7.731892483832741
Bhathia_01	R32	283.0	353.0	50000.0	847.9422598834972	7.731892483832741
Bhathia_01	R32	283.0	353.0	50000.0	877.6875338166207	7.731892483832741
Bhathia_01	R32	283.0	353.0	50000.0	908.4762529973926	7.731892483832741
Bhathia_01	R32	283.0	353.0	50000.0	940.3450208199293	7.731892483832741
Bhathia_01	R32	283.0	353.0	50000.0	973.3317247020778	7.731892483832741
Bhathia_01	R32	283.0	353.0	50000.0	1007.4755811281508	7.731892483832741
Bhathia_01	R32	283.0	353.0	50000.0	1042.817182271731	7.731892483832741
Bhathia_01	R32	283.0	353.0	50000.0	1079.3985442539745	7.731892483832741
Bhathia_01	R32	283.0	353.0	50000.0	1117.2631570947824	7.731892483832741
Bhathia_01	R32	283.0	353.0	50000.0	1156.4560364162314	7.731892483832741
Bhathia_01	R32	283.0	353.0	50000.0	1197.023776959721	7.731892483832741
Bhathia_01	R32	283.0	353.0	50000.0	1239.0146079804795	7.731892483832741
Bhathia_01	R32	283.0	353.0	50000.0	1282.478450585262	7.7299862184715495
Bhathia_01	R32	283.0	353.0	50000.0	1327.4669770814253	7.727637138317809
Bhathia_01	R32	283.0	353.0	50000.0	1374.0336724079282	7.725193007183848
Bhathia_01	R32	283.0	353.0	50000.0	1422.2338977212928	7.722650031540586
Bhathia_01	R32	283.0	353.0	50000.0	1472.124956212121	7.720004352867351
Bhathia_01	R32	283.0	353.0	50000.0	1523.766161230411	7.7172507822825365
Bhathia_01	R32	283.0	353.0	50000.0	1577.2189068006678	7.714385420020451
Bhathia_01	R32	283.0	353.0	50000.0	1632.5467406106395	7.711404703592494
Bhathia_01	R32	283.0	353.0	50000.0	1689.81543956045	7.708304141498781
Bhathia_01	R32	283.0	353.0	50000.0	1749.093087961948	7.705079034686998
Bhathia_01	R32	283.0	353.0	50000.0	1810.45015848124	7.701724386441644
Bhathia_01	R32	283.0	353.0	50000.0	1873.9595959206342	7.698233216931826
Bhathia_01	R32	283.0	353.0	50000.0	1939.6969039396042	7.694602358237912
Bhathia_01	R32	283.0	353.0	50000.0	2007.7402348178655	7.690826444866352
Bhathia_01	R32	283.0	353.0	50000.0	2078.1704823672853	7.686899894452431
Bhathia_01	R32	283.0	353.0	50000.0	2151.0713781030845	7.682816937321899
Bhathia_01	R32	283.0	353.0	50000.0	2226.529590788659	7.6785700185368615
Bhathia_01	R32	283.0	353.0	50000.0	2304.63482947238	7.674237300608388
Bhathia_01	R32	283.0	353.0	50000.0	2385.479950138839	7.669802663786358
Bhathia_01	R32	283.0	353.0	50000.0	2469.161066101381	7.665192382709768
Bhathia_01	R32	283.0	353.0	50000.0	2555.7776622671126	7.660399801542845
Bhathia_01	R32	283.0	353.0	50000.0	2645.43271341026	7.655417891268481
Bhathia_01	R32	283.0	353.0	50000.0	2738.2328065944866	7.650236805238336
Bhathia_01	R32	283.0	353.0	50000.0	2834.2882678897013	7.6448519455041275
Bhathia_01	R32	283.0	353.0	50000.0	2933.7132935340187	7.639255717001755
Bhathia_01	R32	283.0	353.0	50000.0	3036.6260856967806	7.633440261309634
Bhathia_01	R32	283.0	353.0	50000.0	3143.1489930040857	7.627397474925974
Bhathia_01	R32	283.0	353.0	50000.0	3253.4086559938396	7.621117058592419
Bhathia_01	R32	283.0	353.0	50000.0	3367.536157673288	7.614590541682299
Bhathia_01	R32	283.0	353.0	50000.0	3485.667179358007	7.607817784914866
Bhathia_01	R32	283.0	353.0	50000.0	3607.9421619776303	7.60080133976526
Bhathia_01	R32	283.0	353.0	50000.0	3734.506473040075	7.593513645124008
Bhathia_01	R32	283.0	353.0	50000.0	3865.5105794527676	7.585944754783693
Bhathia_01	R32	283.0	353.0	50000.0	4001.1102264063275	7.578080971224723
Bhathia_01	R32	283.0	353.0	50000.0	4141.466622533378	7.569915475129289
Bhathia_01	R32	283.0	353.0	50000.0	4286.746631562607	7.561437548265195
Bhathia_01	R32	283.0	353.0	50000.0	4437.122970695934	7.552636102099972
Bhathia_01	R32	283.0	353.0	50000.0	4592.774415944617	7.5434999850323425
Bhathia_01	R32	283.0	353.0	50000.0	4753.8860146684265	7.53401606222605
Bhathia_01	R32	283.0	353.0	50000.0	4920.649305570547	7.524171468880217
Bhathia_01	R32	283.0	353.0	50000.0	5093.26254640977	7.5139645051789055
Bhathia_01	R32	283.0	353.0	50000.0	5271.9309497006825	7.503374184622901
Bhathia_01	R32	283.0	353.0	50000.0	5456.8669266820625	7.492387158951331
Bhathia_01	R32	283.0	353.0	50000.0	5648.290339843539	7.48098995608839
Bhathia_01	R32	283.0	353.0	50000.0	5846.4287643107255	7.469164595488286
Bhathia_01	R32	283.0	353.0	50000.0	6051.517758399548	7.456901012329969
Bhathia_01	R32	283.0	353.0	50000.0	6263.801143661515	7.444184651416276
Bhathia_01	R32	283.0	353.0	50000.0	6483.531294752719	7.431374338132674
Bhathia_01	R32	283.0	353.0	50000.0	6710.9694394713115	7.418199489618836
Bhathia_01	R32	283.0	353.0	50000.0	6946.385969320071	7.4045441399301355
Bhathia_01	R32	283.0	353.0	50000.0	7190.06076096333	7.39039407806744
Bhathia_01	R32	283.0	353.0	50000.0	7442.283508960394	7.375731033348684
Bhathia_01	R32	283.0	353.0	50000.0	7703.354070171016	7.360538683935964
Bhathia_01	R32	283.0	353.0	50000.0	7973.582820242459	7.344827136780623
Bhathia_01	R32	283.0	353.0	50000.0	8253.291022601827	7.328589852618494
Bhathia_01	R32	283.0	353.0	50000.0	8542.811210392447	7.311771386515048
Bhathia_01	R32	283.0	353.0	50000.0	8842.487581808335	7.294357633164907
Bhathia_01	R32	283.0	353.0	50000.0	9152.676409296731	7.27633053692887
Bhathia_01	R32	283.0	353.0	50000.0	9473.746463115214	7.257671013852757
Bhathia_01	R32	283.0	353.0	50000.0	9806.07944974691	7.238360423940523
Bhathia_01	R32	283.0	353.0	50000.0	10150.070465695051	7.218759643263991
Bhathia_01	R32	283.0	353.0	50000.0	10506.128467196331	7.198890854553016
Bhathia_01	R32	283.0	353.0	50000.0	10874.676756411529	7.17833768597246
Bhathia_01	R32	283.0	353.0	50000.0	11256.153484671382	7.157080453674503
Bhathia_01	R32	283.0	353.0	50000.0	11651.012173375993	7.135099165184052
Bhathia_01	R32	283.0	353.0	50000.0	12059.722253167078	7.112406504913626
Bhathia_01	R32	283.0	353.0	50000.0	12482.769622014002	7.0890162068620395
Bhathia_01	R32	283.0	353.0	50000.0	12920.657222877158	7.064856323866364
Bhathia_01	R32	283.0	353.0	50000.0	13373.905641635398	7.039893611523019
Bhathia_01	R32	283.0	353.0	50000.0	13843.053725988231	7.0149149902880605
Bhathia_01	R32	283.0	353.0	50000.0	14328.65922606916	6.989348171394147
Bhathia_01	R32	283.0	353.0	50000.0	14831.299457530586	6.962968795997361
Bhathia_01	R32	283.0	353.0	50000.0	15351.571987890213	6.93573691141021
Bhathia_01	R32	283.0	353.0	50000.0	15890.095346953078	6.907648146782955
Bhathia_01	R32	283.0	353.0	50000.0	16447.509762155743	6.878761349572851
Bhathia_01	R32	283.0	353.0	50000.0	17024.47791970484	6.849350562044495
Bhathia_01	R32	283.0	353.0	50000.0	17621.68575241697	6.8198935950317106
Bhathia_01	R32	283.0	353.0	50000.0	18239.84325519438	6.789526917056047
Bhathia_01	R32	283.0	353.0	50000.0	18879.685329108175	6.758213783439945
Bhathia_01	R32	283.0	353.0	50000.0	19541.972655090256	6.725954488315028
Bhathia_01	R32	283.0	353.0	50000.0	20227.49259827501	6.692972655706728
Bhathia_01	R32	283.0	353.0	50000.0	20937.060144063526	6.6596022218803475
Bhathia_01	R32	283.0	353.0	50000.0	21671.518867025392	6.625211830643635
Bhathia_01	R32	283.0	353.0	50000.0	22431.741933788304	6.58978635836517
Bhathia_01	R32	283.0	353.0	50000.0	23218.633141108625	6.5533342281039655
Bhathia_01	R32	283.0	353.0	50000.0	24033.127990356785	6.515985078931154
Bhathia_01	R32	283.0	353.0	50000.0	24876.194799694935	6.477518650180965
Bhathia_01	R32	283.0	353.0	50000.0	25748.835855269062	6.4379101178627485
Bhathia_01	R32	283.0	353.0	50000.0	26652.088602784228	6.397156610436176
Bhathia_01	R32	283.0	353.0	50000.0	27587.026880879475	6.355447389183511
Bhathia_01	R32	283.0	353.0	50000.0	28554.762197768767	6.3125767563334145
Bhathia_01	R32	283.0	353.0	50000.0	29556.445052665636	6.268472292474308
Bhathia_01	R32	283.0	353.0	50000.0	30593.266303562625	6.2232187541887685
Bhathia_01	R32	283.0	353.0	50000.0	31666.458582991498	6.176845813565423
Bhathia_01	R32	283.0	353.0	50000.0	32777.29776344747	6.129227352151317
Bhathia_01	R32	283.0	353.0	50000.0	33927.104474219595	6.080393798844115
Bhathia_01	R32	283.0	353.0	50000.0	35117.24567143027	6.0303594717377225
Bhathia_01	R32	283.0	353.0	50000.0	36349.13626315173	5.978984391301757
Bhathia_01	R32	283.0	353.0	50000.0	37624.240791528864	5.926420484983945
Bhathia_01	R32	283.0	353.0	50000.0	38944.07517391196	5.872561908920507
Bhathia_01	R32	283.0	353.0	50000.0	40310.20850506498	5.817337320434298
Bhathia_01	R32	283.0	353.0	50000.0	41724.264922596594	5.760739642617303
Bhathia_01	R32	283.0	353.0	50000.0	43187.92553782676	5.702693762492836
Bhathia_01	R32	283.0	353.0	50000.0	44702.93043438957	5.643124884834535
Bhathia_01	R32	283.0	353.0	50000.0	46271.08073694302	5.582053145915983
Bhathia_01	R32	283.0	353.0	50000.0	47894.24075245067	5.519466610623981
Bhathia_01	R32	283.0	353.0	50000.0	49574.34018657513	5.45526881139982
Bhathia_01	R32	283.0	353.0	50000.0	51313.376437824336	5.389495456023774
Bhathia_01	R32	283.0	353.0	50000.0	53113.41697217184	5.322045578902713
Bhathia_01	R32	283.0	353.0	50000.0	54976.60178098003	5.252939637781121
Bhathia_01	R32	283.0	353.0	50000.0	56905.14592514396	5.182172686573438
Bhathia_01	R32	283.0	353.0	50000.0	58901.34216848284	5.10968996669694
Bhathia_01	R32	283.0	353.0	50000.0	60967.5637035091	5.035443713021111
Bhathia_01	R32	283.0	353.0	50000.0	63106.2669728156	4.959375231969303
Bhathia_01	R32	283.0	353.0	50000.0	65319.99458943548	4.881413927225556
Bhathia_01	R32	283.0	353.0	50000.0	67611.3783596462	4.801516432820536
Bhathia_01	R32	283.0	353.0	50000.0	69983.14241181171	4.719714276621213
Bhathia_01	R32	283.0	353.0	50000.0	72438.10643498244	4.635870422999163
Bhathia_01	R32	283.0	353.0	50000.0	74979.18903110319	4.549955571851351
Bhathia_01	R32	283.0	353.0	50000.0	77609.41118481442	4.461915368178181
Bhathia_01	R32	283.0	353.0	50000.0	80331.89985497203	4.371704433662666
Bhathia_01	R32	283.0	353.0	50000.0	83149.89169215517	4.2793531752440765
Bhathia_01	R32	283.0	353.0	50000.0	86066.7368865822	4.184750096316966
Bhathia_01	R32	283.0	353.0	50000.0	89085.903151008	4.087786064430023
Bhathia_01	R32	283.0	353.0	50000.0	92210.9798433415	3.9883574907467088
Bhathia_01	R32	283.0	353.0	50000.0	95445.68223387754	3.886411075282687
Bhathia_01	R32	283.0	353.0	50000.0	98793.85592222596	3.7819099518179864
Bhathia_01	R32	283.0	353.0	50000.0	102259.48140917791	3.674839852419931
Bhathia_01	R32	283.0	353.0	50000.0	105846.67882895643	3.5650575625649137
Bhathia_01	R32	283.0	353.0	50000.0	109559.71284746489	3.452487028542951
Bhathia_01	R32	283.0	353.0	50000.0	113402.99773236972	3.3370575252886323
Bhathia_01	R32	283.0	353.0	50000.0	117381.10260103126	3.2186908265992504
Bhathia_01	R32	283.0	353.0	50000.0	121498.75685253605	3.097411899363875
Bhathia_01	R32	283.0	353.0	50000.0	125760.85579027371	2.9730734175757725
Bhathia_01	R32	283.0	353.0	50000.0	130172.46644175818	2.8455745854148704
Bhathia_01	R32	283.0	353.0	50000.0	134738.83358259665	2.714834893368858
Bhathia_01	R32	283.0	353.0	50000.0	139465.3859717822	2.580766468624564
Bhathia_01	R32	283.0	353.0	50000.0	144357.7428057125	2.443281436276505
Bhathia_01	R32	283.0	353.0	50000.0	149421.7203986127	2.302348863551298
Bhathia_01	R32	283.0	353.0	50000.0	154663.33909730316	2.1577758868564794
Bhathia_01	R32	283.0	353.0	50000.0	160088.83043853292	2.009475412816389
Bhathia_01	R32	283.0	353.0	50000.0	165704.6445573877	1.857355770233146
Bhathia_01	R32	283.0	353.0	50000.0	171517.45785558026	1.7013029889703482
Bhathia_01	R32	283.0	353.0	50000.0	177534.18093873924	1.5412973137383115
Bhathia_01	R32	283.0	353.0	50000.0	183761.96683213356	1.3771774060867985
Bhathia_01	R32	283.0	353.0	50000.0	190208.21948459864	1.208806729206236
Bhathia_01	R32	283.0	353.0	50000.0	196880.60257077508	1.0360923089606315
Bhathia_01	R32	283.0	353.0	50000.0	203787.04860212465	0.8590023172027387
Bhathia_01	R32	283.0	353.0	50000.0	210935.76835755422	0.6775253638954459
Bhathia_01	R32	283.0	353.0	50000.0	218335.26064486115	0.4916933473847199
Bhathia_01	R32	283.0	353.0	50000.0	225994.32240460056	0.30128509297152284
Bhathia_01	R32	283.0	353.0	50000.0	233922.05916839777	0.10616579280138638
Bhathia_01	R32	283.0	353.0	50000.0	242127.89588411906	0.09380841135944377
Bhathia_01	R32	283.0	353.0	50000.0	250621.58812079762	0.29871836475158675
Bhathia_01	R32	283.0	353.0	50000.0	259413.23366660537	0.5084730543655174
Bhathia_01	R32	283.0	353.0	50000.0	268513.2845336903	0.7231687131697617
Bhathia_01	R32	283.0	353.0	50000.0	277932.5593841194	0.9429130114357924
Bhathia_01	R32	283.0	353.0	50000.0	287682.2563917327	1.1677634198896016
Bhathia_01	R32	283.0	353.0	50000.0	297773.9665551654	1.3977592936302046
Bhathia_01	R32	283.0	353.0	50000.0	308219.6874779006	1.6328612336909591
Bhathia_01	R32	283.0	353.0	50000.0	319031.83763169846	1.8728977638445934
Bhathia_01	R32	283.0	353.0	50000.0	330223.271120397	2.1181933000212543
Bhathia_01	R32	283.0	353.0	50000.0	341807.2929615984	2.368985755219632
Bhathia_01	R32	283.0	353.0	50000.0	353797.67490444286	2.6253330711025673
Bhathia_01	R32	283.0	353.0	50000.0	366208.67180225096	2.887150117714975
Bhathia_01	R32	283.0	353.0	50000.0	379055.0385595106	3.153838167637699
Bhathia_01	R32	283.0	353.0	50000.0	392352.047673353	3.4254576425294427
Bhathia_01	R32	283.0	353.0	50000.0	406115.50739037304	3.70222364665139
Bhathia_01	R32	283.0	353.0	50000.0	420361.78050037875	3.9842180552434483
Bhathia_01	R32	283.0	353.0	50000.0	435107.80378941365	4.271438471147854
Bhathia_01	R32	283.0	353.0	50000.0	450371.1081751789	4.564029464330809
Bhathia_01	R32	283.0	353.0	50000.0	466169.83954879304	4.8616515505902465
