framework	molecule	T_ads_K	T_des_K	P_ads_Pa	P_des_Pa	SD
Bhathia_01	R407F	283.0	333.0	50000.0	100.0	99.46977956854612
Bhathia_01	R407F	283.0	333.0	50000.0	103.5079362523115	99.46977956854612
Bhathia_01	R407F	283.0	333.0	50000.0	107.13892867212581	99.46977956854612
Bhathia_01	R407F	283.0	333.0	50000.0	110.89729399135348	99.46977956854612
Bhathia_01	R407F	283.0	333.0	50000.0	114.78750037010863	99.46977956854612
Bhathia_01	R407F	283.0	333.0	50000.0	118.81417270871387	99.46977956854612
Bhathia_01	R407F	283.0	333.0	50000.0	122.98209814604685	99.46977956854612
Bhathia_01	R407F	283.0	333.0	50000.0	127.29623175076546	99.46977956854612
Bhathia_01	R407F	283.0	333.0	50000.0	131.76170241217702	99.46977956854612
Bhathia_01	R407F	283.0	333.0	50000.0	136.3838189377566	99.46977956854612
Bhathia_01	R407F	283.0	333.0	50000.0	141.16807636456102	99.46977956854612
Bhathia_01	R407F	283.0	333.0	50000.0	146.12016249204424	99.46977956854612
Bhathia_01	R407F	283.0	333.0	50000.0	151.24596464403913	99.46977956854612
Bhathia_01	R407F	283.0	333.0	50000.0	156.55157666794562	99.46977956854612
Bhathia_01	R407F	283.0	333.0	50000.0	162.04330617944572	99.46977956854612
Bhathia_01	R407F	283.0	333.0	50000.0	167.72768206135862	99.46977956854612
Bhathia_01	R407F	283.0	333.0	50000.0	173.6114622255508	99.46977956854612
Bhathia_01	R407F	283.0	333.0	50000.0	179.70164164712898	99.46977956854612
Bhathia_01	R407F	283.0	333.0	50000.0	186.00546068046754	99.46977956854612
Bhathia_01	R407F	283.0	333.0	50000.0	192.53041366695666	99.46977956854612
Bhathia_01	R407F	283.0	333.0	50000.0	199.28425784470534	99.46977956854612
Bhathia_01	R407F	283.0	333.0	50000.0	206.27502257078967	99.46977956854612
Bhathia_01	R407F	283.0	333.0	50000.0	213.51101886701414	99.46977956854612
Bhathia_01	R407F	283.0	333.0	50000.0	221.00084930052978	99.46977956854612
Bhathia_01	R407F	283.0	333.0	50000.0	228.7534182110594	99.46977956854612
Bhathia_01	R407F	283.0	333.0	50000.0	236.77794229688686	99.46977956854612
Bhathia_01	R407F	283.0	333.0	50000.0	245.08396157219659	99.46977956854612
Bhathia_01	R407F	283.0	333.0	50000.0	253.68135070878884	99.46977956854612
Bhathia_01	R407F	283.0	333.0	50000.0	262.58033077565597	99.46977956854612
Bhathia_01	R407F	283.0	333.0	50000.0	271.7914813903746	99.46977956854612
Bhathia_01	R407F	283.0	333.0	50000.0	281.32575329676206	99.46977956854612
Bhathia_01	R407F	283.0	333.0	50000.0	291.1944813837476	99.46977956854612
Bhathia_01	R407F	283.0	333.0	50000.0	301.4093981609385	99.46977956854612
Bhathia_01	R407F	283.0	333.0	50000.0	311.9826477069	99.46977956854612
Bhathia_01	R407F	283.0	333.0	50000.0	322.92680010673166	99.46977956854612
Bhathia_01	R407F	283.0	333.0	50000.0	334.2548663961052	99.46977956854612
Bhathia_01	R407F	283.0	333.0	50000.0	345.9803140295299	99.46977956854612
Bhathia_01	R407F	283.0	333.0	50000.0	358.11708289123294	99.46977956854612
Bhathia_01	R407F	283.0	333.0	50000.0	370.67960186769494	99.46977956854612
Bhathia_01	R407F	283.0	333.0	50000.0	383.6828060015357	99.46977956854612
Bhathia_01	R407F	283.0	333.0	50000.0	397.1421542471496	99.46977956854612
Bhathia_01	R407F	283.0	333.0	50000.0	411.0736478491962	99.46977956854612
Bhathia_01	R407F	283.0	333.0	50000.0	425.49384936579753	99.46977956854612
Bhathia_01	R407F	283.0	333.0	50000.0	440.41990235905604	99.46977956854612
Bhathia_01	R407F	283.0	333.0	50000.0	455.86955177630426	99.46977956854612
Bhathia_01	R407F	283.0	333.0	50000.0	471.8611650463152	99.46977956854612
Bhathia_01	R407F	283.0	333.0	50000.0	488.41375391555476	99.4681272351482
Bhathia_01	R407F	283.0	333.0	50000.0	505.546997050434	99.46618723680034
Bhathia_01	R407F	283.0	333.0	50000.0	523.2812634324383	99.46418135083618
Bhathia_01	R407F	283.0	333.0	50000.0	541.6376365739385	99.46210735075731
Bhathia_01	R407F	283.0	333.0	50000.0	560.6379395834789	99.45996297100683
Bhathia_01	R407F	283.0	333.0	50000.0	580.30476111034	99.45774588204456
Bhathia_01	R407F	283.0	333.0	50000.0	600.6614821992193	99.45545387961698
Bhathia_01	R407F	283.0	333.0	50000.0	621.7323040869574	99.45308418477448
Bhathia_01	R407F	283.0	333.0	50000.0	643.5422769743552	99.45063422373639
Bhathia_01	R407F	283.0	333.0	50000.0	666.1173298072896	99.44810129711189
Bhathia_01	R407F	283.0	333.0	50000.0	689.4843011025289	99.44548261110053
Bhathia_01	R407F	283.0	333.0	50000.0	713.670970854901	99.44277557910019
Bhathia_01	R407F	283.0	333.0	50000.0	738.7060935637436	99.4399771125032
Bhathia_01	R407F	283.0	333.0	50000.0	764.6194324179003	99.43708409594318
Bhathia_01	R407F	283.0	333.0	50000.0	791.4417946799063	99.43409333702027
Bhathia_01	R407F	283.0	333.0	50000.0	819.2050683114275	99.43100157287506
Bhathia_01	R407F	283.0	333.0	50000.0	847.9422598834972	99.42780555538133
Bhathia_01	R407F	283.0	333.0	50000.0	877.6875338166207	99.42450217396728
Bhathia_01	R407F	283.0	333.0	50000.0	908.4762529973926	99.42108744340739
Bhathia_01	R407F	283.0	333.0	50000.0	940.3450208199293	99.41755769248108
Bhathia_01	R407F	283.0	333.0	50000.0	973.3317247020778	99.4139290959923
Bhathia_01	R407F	283.0	333.0	50000.0	1007.4755811281508	99.41028695109256
Bhathia_01	R407F	283.0	333.0	50000.0	1042.817182271731	99.4065226600013
Bhathia_01	R407F	283.0	333.0	50000.0	1079.3985442539745	99.40089235971257
Bhathia_01	R407F	283.0	333.0	50000.0	1117.2631570947824	99.36338802015722
Bhathia_01	R407F	283.0	333.0	50000.0	1156.4560364162314	99.3249177104322
Bhathia_01	R407F	283.0	333.0	50000.0	1197.023776959721	99.28545709494824
Bhathia_01	R407F	283.0	333.0	50000.0	1239.0146079804795	99.24498710067779
Bhathia_01	R407F	283.0	333.0	50000.0	1282.478450585262	99.20351952874088
Bhathia_01	R407F	283.0	333.0	50000.0	1327.4669770814253	99.16098762826718
Bhathia_01	R407F	283.0	333.0	50000.0	1374.0336724079282	99.11736473859749
Bhathia_01	R407F	283.0	333.0	50000.0	1422.2338977212928	99.07262367387293
Bhathia_01	R407F	283.0	333.0	50000.0	1472.124956212121	99.02673654595382
Bhathia_01	R407F	283.0	333.0	50000.0	1523.766161230411	98.9797088368769
Bhathia_01	R407F	283.0	333.0	50000.0	1577.2189068006678	98.93150166222158
Bhathia_01	R407F	283.0	333.0	50000.0	1632.5467406106395	98.88207591718523
Bhathia_01	R407F	283.0	333.0	50000.0	1689.81543956045	98.83139951443434
Bhathia_01	R407F	283.0	333.0	50000.0	1749.093087961948	98.7794319088329
Bhathia_01	R407F	283.0	333.0	50000.0	1810.45015848124	98.72614725273758
Bhathia_01	R407F	283.0	333.0	50000.0	1873.9595959206342	98.67156706970128
Bhathia_01	R407F	283.0	333.0	50000.0	1939.6969039396042	98.61560172355813
Bhathia_01	R407F	283.0	333.0	50000.0	2007.7402348178655	98.5582175023181
Bhathia_01	R407F	283.0	333.0	50000.0	2078.1704823672853	98.49938347345922
Bhathia_01	R407F	283.0	333.0	50000.0	2151.0713781030845	98.43994958202666
Bhathia_01	R407F	283.0	333.0	50000.0	2226.529590788659	98.37964318561369
Bhathia_01	R407F	283.0	333.0	50000.0	2304.63482947238	98.31807644231125
Bhathia_01	R407F	283.0	333.0	50000.0	2385.479950138839	98.25506825847687
Bhathia_01	R407F	283.0	333.0	50000.0	2469.161066101381	98.1905453659086
Bhathia_01	R407F	283.0	333.0	50000.0	2555.7776622671126	98.06045183373404
Bhathia_01	R407F	283.0	333.0	50000.0	2645.43271341026	97.90312037409836
Bhathia_01	R407F	283.0	333.0	50000.0	2738.2328065944866	97.7421091658955
Bhathia_01	R407F	283.0	333.0	50000.0	2834.2882678897013	97.57702214168654
Bhathia_01	R407F	283.0	333.0	50000.0	2933.7132935340187	97.40808909891045
Bhathia_01	R407F	283.0	333.0	50000.0	3036.6260856967806	97.23520647026518
Bhathia_01	R407F	283.0	333.0	50000.0	3143.1489930040857	97.05799967489443
Bhathia_01	R407F	283.0	333.0	50000.0	3253.4086559938396	96.8778733082436
Bhathia_01	R407F	283.0	333.0	50000.0	3367.536157673288	96.69468916270908
Bhathia_01	R407F	283.0	333.0	50000.0	3485.667179358007	96.50756320453274
Bhathia_01	R407F	283.0	333.0	50000.0	3607.9421619776303	96.31601267516248
Bhathia_01	R407F	283.0	333.0	50000.0	3734.506473040075	96.11997073014693
Bhathia_01	R407F	283.0	333.0	50000.0	3865.5105794527676	95.91930925207217
Bhathia_01	R407F	283.0	333.0	50000.0	4001.1102264063275	95.71460871612213
Bhathia_01	R407F	283.0	333.0	50000.0	4141.466622533378	95.5051887419092
Bhathia_01	R407F	283.0	333.0	50000.0	4286.746631562607	95.29066078489234
Bhathia_01	R407F	283.0	333.0	50000.0	4437.122970695934	95.07093761990944
Bhathia_01	R407F	283.0	333.0	50000.0	4592.774415944617	94.84590680750878
Bhathia_01	R407F	283.0	333.0	50000.0	4753.8860146684265	94.61605211936313
Bhathia_01	R407F	283.0	333.0	50000.0	4920.649305570547	94.38191809643206
Bhathia_01	R407F	283.0	333.0	50000.0	5093.26254640977	94.14363408437747
Bhathia_01	R407F	283.0	333.0	50000.0	5271.9309497006825	93.90001077073859
Bhathia_01	R407F	283.0	333.0	50000.0	5456.8669266820625	93.65060413691602
Bhathia_01	R407F	283.0	333.0	50000.0	5648.290339843539	93.39578816278208
Bhathia_01	R407F	283.0	333.0	50000.0	5846.4287643107255	93.13632422593182
Bhathia_01	R407F	283.0	333.0	50000.0	6051.517758399548	92.87187509524469
Bhathia_01	R407F	283.0	333.0	50000.0	6263.801143661515	92.60130400041633
Bhathia_01	R407F	283.0	333.0	50000.0	6483.531294752719	92.32446138262289
Bhathia_01	R407F	283.0	333.0	50000.0	6710.9694394713115	92.04150807566958
Bhathia_01	R407F	283.0	333.0	50000.0	6946.385969320071	91.75340856717696
Bhathia_01	R407F	283.0	333.0	50000.0	7190.06076096333	91.45887323510425
Bhathia_01	R407F	283.0	333.0	50000.0	7442.283508960394	91.15764894835006
Bhathia_01	R407F	283.0	333.0	50000.0	7703.354070171016	90.84945586517766
Bhathia_01	R407F	283.0	333.0	50000.0	7973.582820242459	90.53680756710315
Bhathia_01	R407F	283.0	333.0	50000.0	8253.291022601827	90.21780130172598
Bhathia_01	R407F	283.0	333.0	50000.0	8542.811210392447	89.89188574294825
Bhathia_01	R407F	283.0	333.0	50000.0	8842.487581808335	89.55872653654787
Bhathia_01	R407F	283.0	333.0	50000.0	9152.676409296731	89.21967245059119
Bhathia_01	R407F	283.0	333.0	50000.0	9473.746463115214	88.87308145599162
Bhathia_01	R407F	283.0	333.0	50000.0	9806.07944974691	88.518848428932
Bhathia_01	R407F	283.0	333.0	50000.0	10150.070465695051	88.15796840350089
Bhathia_01	R407F	283.0	333.0	50000.0	10506.128467196331	87.79071067976005
Bhathia_01	R407F	283.0	333.0	50000.0	10874.676756411529	87.41578484927406
Bhathia_01	R407F	283.0	333.0	50000.0	11256.153484671382	87.03326694689247
Bhathia_01	R407F	283.0	333.0	50000.0	11651.012173375993	86.64292104235625
Bhathia_01	R407F	283.0	333.0	50000.0	12059.722253167078	86.24453163189794
Bhathia_01	R407F	283.0	333.0	50000.0	12482.769622014002	85.8387593876097
Bhathia_01	R407F	283.0	333.0	50000.0	12920.657222877158	85.42522098286236
Bhathia_01	R407F	283.0	333.0	50000.0	13373.905641635398	85.00297338882964
Bhathia_01	R407F	283.0	333.0	50000.0	13843.053725988231	84.57244981206617
Bhathia_01	R407F	283.0	333.0	50000.0	14328.65922606916	84.13359847714968
Bhathia_01	R407F	283.0	333.0	50000.0	14831.299457530586	83.6860738736645
Bhathia_01	R407F	283.0	333.0	50000.0	15351.571987890213	83.22996312946019
Bhathia_01	R407F	283.0	333.0	50000.0	15890.095346953078	82.76465083273374
Bhathia_01	R407F	283.0	333.0	50000.0	16447.509762155743	82.29023320044192
Bhathia_01	R407F	283.0	333.0	50000.0	17024.47791970484	81.80666478506527
Bhathia_01	R407F	283.0	333.0	50000.0	17621.68575241697	81.3135935274324
Bhathia_01	R407F	283.0	333.0	50000.0	18239.84325519438	80.81203535866713
Bhathia_01	R407F	283.0	333.0	50000.0	18879.685329108175	80.30052256357035
Bhathia_01	R407F	283.0	333.0	50000.0	19541.972655090256	79.7786424560641
Bhathia_01	R407F	283.0	333.0	50000.0	20227.49259827501	79.24727275895782
Bhathia_01	R407F	283.0	333.0	50000.0	20937.060144063526	78.70675186526726
Bhathia_01	R407F	283.0	333.0	50000.0	21671.518867025392	78.15536186882444
Bhathia_01	R407F	283.0	333.0	50000.0	22431.741933788304	77.5948150479912
Bhathia_01	R407F	283.0	333.0	50000.0	23218.633141108625	77.02344339025603
Bhathia_01	R407F	283.0	333.0	50000.0	24033.127990356785	76.44114242158173
Bhathia_01	R407F	283.0	333.0	50000.0	24876.194799694935	75.84876238879598
Bhathia_01	R407F	283.0	333.0	50000.0	25748.835855269062	75.24543810525505
Bhathia_01	R407F	283.0	333.0	50000.0	26652.088602784228	74.6322084767772
Bhathia_01	R407F	283.0	333.0	50000.0	27587.026880879475	74.00794852920322
Bhathia_01	R407F	283.0	333.0	50000.0	28554.762197768767	73.37239245208691
Bhathia_01	R407F	283.0	333.0	50000.0	29556.445052665636	72.72533040315741
Bhathia_01	R407F	283.0	333.0	50000.0	30593.266303562625	72.06651992119973
Bhathia_01	R407F	283.0	333.0	50000.0	31666.458582991498	71.39629313765406
Bhathia_01	R407F	283.0	333.0	50000.0	32777.29776344747	70.71513595727822
Bhathia_01	R407F	283.0	333.0	50000.0	33927.104474219595	70.02185272888005
Bhathia_01	R407F	283.0	333.0	50000.0	35117.24567143027	69.31682138822896
Bhathia_01	R407F	283.0	333.0	50000.0	36349.13626315173	68.59944883576478
Bhathia_01	R407F	283.0	333.0	50000.0	37624.240791528864	67.87011379469648
Bhathia_01	R407F	283.0	333.0	50000.0	38944.07517391196	67.12983631994442
Bhathia_01	R407F	283.0	333.0	50000.0	40310.20850506498	66.3770561132497
Bhathia_01	R407F	283.0	333.0	50000.0	41724.264922596594	65.61206093826596
Bhathia_01	R407F	283.0	333.0	50000.0	43187.92553782676	64.83411681942427
Bhathia_01	R407F	283.0	333.0	50000.0	44702.93043438957	64.04342276420537
Bhathia_01	R407F	283.0	333.0	50000.0	46271.08073694302	63.23992453433668
Bhathia_01	R407F	283.0	333.0	50000.0	47894.24075245067	62.42500059280374
Bhathia_01	R407F	283.0	333.0	50000.0	49574.34018657513	61.59689409706925
Bhathia_01	R407F	283.0	333.0	50000.0	51313.376437824336	60.75594929599201
Bhathia_01	R407F	283.0	333.0	50000.0	53113.41697217184	59.90166133009363
Bhathia_01	R407F	283.0	333.0	50000.0	54976.60178098003	59.03435724131189
Bhathia_01	R407F	283.0	333.0	50000.0	56905.14592514396	58.15516122265186
Bhathia_01	R407F	283.0	333.0	50000.0	58901.34216848284	57.26287131987765
Bhathia_01	R407F	283.0	333.0	50000.0	60967.5637035091	56.35670599253555
Bhathia_01	R407F	283.0	333.0	50000.0	63106.2669728156	55.43685627542049
Bhathia_01	R407F	283.0	333.0	50000.0	65319.99458943548	54.50395557301752
Bhathia_01	R407F	283.0	333.0	50000.0	67611.3783596462	53.557455331966125
Bhathia_01	R407F	283.0	333.0	50000.0	69983.14241181171	52.59946499358702
Bhathia_01	R407F	283.0	333.0	50000.0	72438.10643498244	51.62752213295015
Bhathia_01	R407F	283.0	333.0	50000.0	74979.18903110319	50.64174119792243
Bhathia_01	R407F	283.0	333.0	50000.0	77609.41118481442	49.64176747871108
Bhathia_01	R407F	283.0	333.0	50000.0	80331.89985497203	48.62755089790114
Bhathia_01	R407F	283.0	333.0	50000.0	83149.89169215517	47.60112449963627
Bhathia_01	R407F	283.0	333.0	50000.0	86066.7368865822	46.560978299656945
Bhathia_01	R407F	283.0	333.0	50000.0	89085.903151008	45.50695595503515
Bhathia_01	R407F	283.0	333.0	50000.0	92210.9798433415	44.43919356995166
Bhathia_01	R407F	283.0	333.0	50000.0	95445.68223387754	43.35711266953094
Bhathia_01	R407F	283.0	333.0	50000.0	98793.85592222596	42.2618134486234
Bhathia_01	R407F	283.0	333.0	50000.0	102259.48140917791	41.15401408025727
Bhathia_01	R407F	283.0	333.0	50000.0	105846.67882895643	40.031404294464004
Bhathia_01	R407F	283.0	333.0	50000.0	109559.71284746489	38.893903596792455
Bhathia_01	R407F	283.0	333.0	50000.0	113402.99773236972	37.74130799065698
Bhathia_01	R407F	283.0	333.0	50000.0	117381.10260103126	36.57393438387267
Bhathia_01	R407F	283.0	333.0	50000.0	121498.75685253605	35.394470776060245
Bhathia_01	R407F	283.0	333.0	50000.0	125760.85579027371	34.20084331995021
Bhathia_01	R407F	283.0	333.0	50000.0	130172.46644175818	32.99217463356685
Bhathia_01	R407F	283.0	333.0	50000.0	134738.83358259665	31.768375022113148
Bhathia_01	R407F	283.0	333.0	50000.0	139465.3859717822	30.529071205177146
Bhathia_01	R407F	283.0	333.0	50000.0	144357.7428057125	29.27458890705669
Bhathia_01	R407F	283.0	333.0	50000.0	149421.7203986127	28.00676698809812
Bhathia_01	R407F	283.0	333.0	50000.0	154663.33909730316	26.72301461278311
Bhathia_01	R407F	283.0	333.0	50000.0	160088.83043853292	25.42298548135618
Bhathia_01	R407F	283.0	333.0	50000.0	165704.6445573877	24.44315734609172
Bhathia_01	R407F	283.0	333.0	50000.0	171517.45785558026	23.509369367789404
Bhathia_01	R407F	283.0	333.0	50000.0	177534.18093873924	22.571405526851407
Bhathia_01	R407F	283.0	333.0	50000.0	183761.96683213356	21.62738133707085
Bhathia_01	R407F	283.0	333.0	50000.0	190208.21948459864	20.67638239762331
Bhathia_01	R407F	283.0	333.0	50000.0	196880.60257077508	19.718106435928316
Bhathia_01	R407F	283.0	333.0	50000.0	203787.04860212465	18.75283499574156
Bhathia_01	R407F	283.0	333.0	50000.0	210935.76835755422	17.78203798656335
Bhathia_01	R407F	283.0	333.0	50000.0	218335.26064486115	16.807945383806896
Bhathia_01	R407F	283.0	333.0	50000.0	225994.32240460056	15.82830021325989
Bhathia_01	R407F	283.0	333.0	50000.0	233922.05916839777	14.843880193762686
Bhathia_01	R407F	283.0	333.0	50000.0	242127.89588411906	13.855115312855201
Bhathia_01	R407F	283.0	333.0	50000.0	250621.58812079762	12.862545034296158
Bhathia_01	R125	283.0	333.0	50000.0	100.0	31.450480493300855
Bhathia_01	R125	283.0	333.0	50000.0	103.5079362523115	31.450480493300855
Bhathia_01	R125	283.0	333.0	50000.0	107.13892867212581	31.450480493300855
Bhathia_01	R125	283.0	333.0	50000.0	110.89729399135348	31.450480493300855
Bhathia_01	R125	283.0	333.0	50000.0	114.78750037010863	31.450480493300855
Bhathia_01	R125	283.0	333.0	50000.0	118.81417270871387	31.450480493300855
Bhathia_01	R125	283.0	333.0	50000.0	122.98209814604685	31.450480493300855
Bhathia_01	R125	283.0	333.0	50000.0	127.29623175076546	31.450480493300855
Bhathia_01	R125	283.0	333.0	50000.0	131.76170241217702	31.450480493300855
Bhathia_01	R125	283.0	333.0	50000.0	136.3838189377566	31.450480493300855
Bhathia_01	R125	283.0	333.0	50000.0	141.16807636456102	31.450480493300855
Bhathia_01	R125	283.0	333.0	50000.0	146.12016249204424	31.450480493300855
Bhathia_01	R125	283.0	333.0	50000.0	151.24596464403913	31.450480493300855
Bhathia_01	R125	283.0	333.0	50000.0	156.55157666794562	31.450480493300855
Bhathia_01	R125	283.0	333.0	50000.0	162.04330617944572	31.450480493300855
Bhathia_01	R125	283.0	333.0	50000.0	167.72768206135862	31.450480493300855
Bhathia_01	R125	283.0	333.0	50000.0	173.6114622255508	31.450480493300855
Bhathia_01	R125	283.0	333.0	50000.0	179.70164164712898	31.450480493300855
Bhathia_01	R125	283.0	333.0	50000.0	186.00546068046754	31.450480493300855
Bhathia_01	R125	283.0	333.0	50000.0	192.53041366695666	31.450480493300855
Bhathia_01	R125	283.0	333.0	50000.0	199.28425784470534	31.450480493300855
Bhathia_01	R125	283.0	333.0	50000.0	206.27502257078967	31.450480493300855
Bhathia_01	R125	283.0	333.0	50000.0	213.51101886701414	31.450480493300855
Bhathia_01	R125	283.0	333.0	50000.0	221.00084930052978	31.450480493300855
Bhathia_01	R125	283.0	333.0	50000.0	228.7534182110594	31.450480493300855
Bhathia_01	R125	283.0	333.0	50000.0	236.77794229688686	31.450480493300855
Bhathia_01	R125	283.0	333.0	50000.0	245.08396157219659	31.450480493300855
Bhathia_01	R125	283.0	333.0	50000.0	253.68135070878884	31.450480493300855
Bhathia_01	R125	283.0	333.0	50000.0	262.58033077565597	31.450480493300855
Bhathia_01	R125	283.0	333.0	50000.0	271.7914813903746	31.450480493300855
Bhathia_01	R125	283.0	333.0	50000.0	281.32575329676206	31.450480493300855
Bhathia_01	R125	283.0	333.0	50000.0	291.1944813837476	31.450480493300855
Bhathia_01	R125	283.0	333.0	50000.0	301.4093981609385	31.450480493300855
Bhathia_01	R125	283.0	333.0	50000.0	311.9826477069	31.450480493300855
Bhathia_01	R125	283.0	333.0	50000.0	322.92680010673166	31.450480493300855
Bhathia_01	R125	283.0	333.0	50000.0	334.2548663961052	31.450480493300855
Bhathia_01	R125	283.0	333.0	50000.0	345.9803140295299	31.450480493300855
Bhathia_01	R125	283.0	333.0	50000.0	358.11708289123294	31.450480493300855
Bhathia_01	R125	283.0	333.0	50000.0	370.67960186769494	31.450480493300855
Bhathia_01	R125	283.0	333.0	50000.0	383.6828060015357	31.450480493300855
Bhathia_01	R125	283.0	333.0	50000.0	397.1421542471496	31.450480493300855
Bhathia_01	R125	283.0	333.0	50000.0	411.0736478491962	31.450480493300855
Bhathia_01	R125	283.0	333.0	50000.0	425.49384936579753	31.450480493300855
Bhathia_01	R125	283.0	333.0	50000.0	440.41990235905604	31.450480493300855
Bhathia_01	R125	283.0	333.0	50000.0	455.86955177630426	31.450480493300855
Bhathia_01	R125	283.0	333.0	50000.0	471.8611650463152	31.450480493300855
Bhathia_01	R125	283.0	333.0	50000.0	488.41375391555476	31.450480493300855
Bhathia_01	R125	283.0	333.0	50000.0	505.546997050434	31.450480493300855
Bhathia_01	R125	283.0	333.0	50000.0	523.2812634324383	31.450480493300855
Bhathia_01	R125	283.0	333.0	50000.0	541.6376365739385	31.450480493300855
Bhathia_01	R125	283.0	333.0	50000.0	560.6379395834789	31.450480493300855
Bhathia_01	R125	283.0	333.0	50000.0	580.30476111034	31.450480493300855
Bhathia_01	R125	283.0	333.0	50000.0	600.6614821992193	31.450480493300855
Bhathia_01	R125	283.0	333.0	50000.0	621.7323040869574	31.450480493300855
Bhathia_01	R125	283.0	333.0	50000.0	643.5422769743552	31.450480493300855
Bhathia_01	R125	283.0	333.0	50000.0	666.1173298072896	31.450480493300855
Bhathia_01	R125	283.0	333.0	50000.0	689.4843011025289	31.450480493300855
Bhathia_01	R125	283.0	333.0	50000.0	713.670970854901	31.450480493300855
Bhathia_01	R125	283.0	333.0	50000.0	738.7060935637436	31.450480493300855
Bhathia_01	R125	283.0	333.0	50000.0	764.6194324179003	31.450480493300855
Bhathia_01	R125	283.0	333.0	50000.0	791.4417946799063	31.450480493300855
Bhathia_01	R125	283.0	333.0	50000.0	819.2050683114275	31.450480493300855
Bhathia_01	R125	283.0	333.0	50000.0	847.9422598834972	31.450480493300855
Bhathia_01	R125	283.0	333.0	50000.0	877.6875338166207	31.450480493300855
Bhathia_01	R125	283.0	333.0	50000.0	908.4762529973926	31.450480493300855
Bhathia_01	R125	283.0	333.0	50000.0	940.3450208199293	31.450480493300855
Bhathia_01	R125	283.0	333.0	50000.0	973.3317247020778	31.450480493300855
Bhathia_01	R125	283.0	333.0	50000.0	1007.4755811281508	31.450480493300855
Bhathia_01	R125	283.0	333.0	50000.0	1042.817182271731	31.450480493300855
Bhathia_01	R125	283.0	333.0	50000.0	1079.3985442539745	31.44874083687309
Bhathia_01	R125	283.0	333.0	50000.0	1117.2631570947824	31.415257844316354
Bhathia_01	R125	283.0	333.0	50000.0	1156.4560364162314	31.380943912855756
Bhathia_01	R125	283.0	333.0	50000.0	1197.023776959721	31.34577913921254
Bhathia_01	R125	283.0	333.0	50000.0	1239.0146079804795	31.309748906690746
Bhathia_01	R125	283.0	333.0	50000.0	1282.478450585262	31.272869174652584
Bhathia_01	R125	283.0	333.0	50000.0	1327.4669770814253	31.235078668915754
Bhathia_01	R125	283.0	333.0	50000.0	1374.0336724079282	31.196355786759398
Bhathia_01	R125	283.0	333.0	50000.0	1422.2338977212928	31.156678507489257
Bhathia_01	R125	283.0	333.0	50000.0	1472.124956212121	31.116024291605616
Bhathia_01	R125	283.0	333.0	50000.0	1523.766161230411	31.07440349892366
Bhathia_01	R125	283.0	333.0	50000.0	1577.2189068006678	31.031783057204702
Bhathia_01	R125	283.0	333.0	50000.0	1632.5467406106395	30.98811814905337
Bhathia_01	R125	283.0	333.0	50000.0	1689.81543956045	30.943384393298846
Bhathia_01	R125	283.0	333.0	50000.0	1749.093087961948	30.897557009790475
Bhathia_01	R125	283.0	333.0	50000.0	1810.45015848124	30.850616429006283
Bhathia_01	R125	283.0	333.0	50000.0	1873.9595959206342	30.80258958933062
Bhathia_01	R125	283.0	333.0	50000.0	1939.6969039396042	30.753394801016768
Bhathia_01	R125	283.0	333.0	50000.0	2007.7402348178655	30.70300529598946
Bhathia_01	R125	283.0	333.0	50000.0	2078.1704823672853	30.651397300692494
Bhathia_01	R125	283.0	333.0	50000.0	2151.0713781030845	30.599428200750875
Bhathia_01	R125	283.0	333.0	50000.0	2226.529590788659	30.54683192714417
Bhathia_01	R125	283.0	333.0	50000.0	2304.63482947238	30.49322766533383
Bhathia_01	R125	283.0	333.0	50000.0	2385.479950138839	30.43844402527367
Bhathia_01	R125	283.0	333.0	50000.0	2469.161066101381	30.382413222659128
Bhathia_01	R125	283.0	333.0	50000.0	2555.7776622671126	30.32508264889655
Bhathia_01	R125	283.0	333.0	50000.0	2645.43271341026	30.266377409453547
Bhathia_01	R125	283.0	333.0	50000.0	2738.2328065944866	30.206401011805394
Bhathia_01	R125	283.0	333.0	50000.0	2834.2882678897013	30.14497070266836
Bhathia_01	R125	283.0	333.0	50000.0	2933.7132935340187	30.08209456296495
Bhathia_01	R125	283.0	333.0	50000.0	3036.6260856967806	30.017759076219917
Bhathia_01	R125	283.0	333.0	50000.0	3143.1489930040857	29.951855201423744
Bhathia_01	R125	283.0	333.0	50000.0	3253.4086559938396	29.88445835067651
Bhathia_01	R125	283.0	333.0	50000.0	3367.536157673288	29.816055058248654
Bhathia_01	R125	283.0	333.0	50000.0	3485.667179358007	29.74652072515548
Bhathia_01	R125	283.0	333.0	50000.0	3607.9421619776303	29.67561371827855
Bhathia_01	R125	283.0	333.0	50000.0	3734.506473040075	29.603169261742142
Bhathia_01	R125	283.0	333.0	50000.0	3865.5105794527676	29.529144273406477
Bhathia_01	R125	283.0	333.0	50000.0	4001.1102264063275	29.45361432609576
Bhathia_01	R125	283.0	333.0	50000.0	4141.466622533378	29.376305436205623
Bhathia_01	R125	283.0	333.0	50000.0	4286.746631562607	29.297324969675035
Bhathia_01	R125	283.0	333.0	50000.0	4437.122970695934	29.216422686793965
Bhathia_01	R125	283.0	333.0	50000.0	4592.774415944617	29.13372075848968
Bhathia_01	R125	283.0	333.0	50000.0	4753.8860146684265	29.049552553036335
Bhathia_01	R125	283.0	333.0	50000.0	4920.649305570547	28.963904844205334
Bhathia_01	R125	283.0	333.0	50000.0	5093.26254640977	28.876596422844653
Bhathia_01	R125	283.0	333.0	50000.0	5271.9309497006825	28.787493850156075
Bhathia_01	R125	283.0	333.0	50000.0	5456.8669266820625	28.69641897427093
Bhathia_01	R125	283.0	333.0	50000.0	5648.290339843539	28.60337018660798
Bhathia_01	R125	283.0	333.0	50000.0	5846.4287643107255	28.508360237590082
Bhathia_01	R125	283.0	333.0	50000.0	6051.517758399548	28.4113817015703
Bhathia_01	R125	283.0	333.0	50000.0	6263.801143661515	28.31246671060055
Bhathia_01	R125	283.0	333.0	50000.0	6483.531294752719	28.211677793144087
Bhathia_01	R125	283.0	333.0	50000.0	6710.9694394713115	28.108859332470512
Bhathia_01	R125	283.0	333.0	50000.0	6946.385969320071	28.003992898016666
Bhathia_01	R125	283.0	333.0	50000.0	7190.06076096333	27.896958442618164
Bhathia_01	R125	283.0	333.0	50000.0	7442.283508960394	27.78779729639194
Bhathia_01	R125	283.0	333.0	50000.0	7703.354070171016	27.6762773115967
Bhathia_01	R125	283.0	333.0	50000.0	7973.582820242459	27.56272525961866
Bhathia_01	R125	283.0	333.0	50000.0	8253.291022601827	27.446949358167775
Bhathia_01	R125	283.0	333.0	50000.0	8542.811210392447	27.328964818575756
Bhathia_01	R125	283.0	333.0	50000.0	8842.487581808335	27.2086963406508
Bhathia_01	R125	283.0	333.0	50000.0	9152.676409296731	27.08596354401574
Bhathia_01	R125	283.0	333.0	50000.0	9473.746463115214	26.960683379310094
Bhathia_01	R125	283.0	333.0	50000.0	9806.07944974691	26.832979668904567
Bhathia_01	R125	283.0	333.0	50000.0	10150.070465695051	26.70312124273229
Bhathia_01	R125	283.0	333.0	50000.0	10506.128467196331	26.570607851242965
Bhathia_01	R125	283.0	333.0	50000.0	10874.676756411529	26.435496673163172
Bhathia_01	R125	283.0	333.0	50000.0	11256.153484671382	26.297893309382612
Bhathia_01	R125	283.0	333.0	50000.0	11651.012173375993	26.157440230456015
Bhathia_01	R125	283.0	333.0	50000.0	12059.722253167078	26.01454455465508
Bhathia_01	R125	283.0	333.0	50000.0	12482.769622014002	25.869052539876442
Bhathia_01	R125	283.0	333.0	50000.0	12920.657222877158	25.72068435670473
Bhathia_01	R125	283.0	333.0	50000.0	13373.905641635398	25.569218138119524
Bhathia_01	R125	283.0	333.0	50000.0	13843.053725988231	25.414898954374824
Bhathia_01	R125	283.0	333.0	50000.0	14328.65922606916	25.2578541035073
Bhathia_01	R125	283.0	333.0	50000.0	14831.299457530586	25.097851200561045
Bhathia_01	R125	283.0	333.0	50000.0	15351.571987890213	24.93522792003546
Bhathia_01	R125	283.0	333.0	50000.0	15890.095346953078	24.769709703753648
Bhathia_01	R125	283.0	333.0	50000.0	16447.509762155743	24.600981356079654
Bhathia_01	R125	283.0	333.0	50000.0	17024.47791970484	24.42885060479452
Bhathia_01	R125	283.0	333.0	50000.0	17621.68575241697	24.253579623169042
Bhathia_01	R125	283.0	333.0	50000.0	18239.84325519438	24.07587360418243
Bhathia_01	R125	283.0	333.0	50000.0	18879.685329108175	23.89485583528398
Bhathia_01	R125	283.0	333.0	50000.0	19541.972655090256	23.71004270766428
Bhathia_01	R125	283.0	333.0	50000.0	20227.49259827501	23.52226184693414
Bhathia_01	R125	283.0	333.0	50000.0	20937.060144063526	23.33155638593338
Bhathia_01	R125	283.0	333.0	50000.0	21671.518867025392	23.136893439873557
Bhathia_01	R125	283.0	333.0	50000.0	22431.741933788304	22.93945277327032
Bhathia_01	R125	283.0	333.0	50000.0	23218.633141108625	22.738558113110308
Bhathia_01	R125	283.0	333.0	50000.0	24033.127990356785	22.5338703485148
Bhathia_01	R125	283.0	333.0	50000.0	24876.194799694935	22.326079266164374
Bhathia_01	R125	283.0	333.0	50000.0	25748.835855269062	22.114225079735352
Bhathia_01	R125	283.0	333.0	50000.0	26652.088602784228	21.899411847879215
Bhathia_01	R125	283.0	333.0	50000.0	27587.026880879475	21.680992733021792
Bhathia_01	R125	283.0	333.0	50000.0	28554.762197768767	21.45897306257943
Bhathia_01	R125	283.0	333.0	50000.0	29556.445052665636	21.233540576865813
Bhathia_01	R125	283.0	333.0	50000.0	30593.266303562625	21.003957356652116
Bhathia_01	R125	283.0	333.0	50000.0	31666.458582991498	20.77099139132213
Bhathia_01	R125	283.0	333.0	50000.0	32777.29776344747	20.534346209405555
Bhathia_01	R125	283.0	333.0	50000.0	33927.104474219595	20.293875491383755
Bhathia_01	R125	283.0	333.0	50000.0	35117.24567143027	20.04966463227345
Bhathia_01	R125	283.0	333.0	50000.0	36349.13626315173	19.8017874797268
Bhathia_01	R125	283.0	333.0	50000.0	37624.240791528864	19.55004941445352
Bhathia_01	R125	283.0	333.0	50000.0	38944.07517391196	19.295125603137485
Bhathia_01	R125	283.0	333.0	50000.0	40310.20850506498	19.036135158522956
Bhathia_01	R125	283.0	333.0	50000.0	41724.264922596594	18.77330694583139
Bhathia_01	R125	283.0	333.0	50000.0	43187.92553782676	18.506401283990307
Bhathia_01	R125	283.0	333.0	50000.0	44702.93043438957	18.235391033038773
Bhathia_01	R125	283.0	333.0	50000.0	46271.08073694302	17.960715412060182
Bhathia_01	R125	283.0	333.0	50000.0	47894.24075245067	17.68261513172473
Bhathia_01	R125	283.0	333.0	50000.0	49574.34018657513	17.400699162383297
Bhathia_01	R125	283.0	333.0	50000.0	51313.376437824336	17.11490730695999
Bhathia_01	R125	283.0	333.0	50000.0	53113.41697217184	16.824985847759987
Bhathia_01	R125	283.0	333.0	50000.0	54976.60178098003	16.53116151998349
Bhathia_01	R125	283.0	333.0	50000.0	56905.14592514396	16.23371976020279
Bhathia_01	R125	283.0	333.0	50000.0	58901.34216848284	15.932365992753734
Bhathia_01	R125	283.0	333.0	50000.0	60967.5637035091	15.627026318133815
Bhathia_01	R125	283.0	333.0	50000.0	63106.2669728156	15.317803659884735
Bhathia_01	R125	283.0	333.0	50000.0	65319.99458943548	15.004706186456424
Bhathia_01	R125	283.0	333.0	50000.0	67611.3783596462	14.68809493227976
Bhathia_01	R125	283.0	333.0	50000.0	69983.14241181171	14.36823917558677
Bhathia_01	R125	283.0	333.0	50000.0	72438.10643498244	14.044391367064335
Bhathia_01	R125	283.0	333.0	50000.0	74979.18903110319	13.716693630295865
Bhathia_01	R125	283.0	333.0	50000.0	77609.41118481442	13.384745093375011
Bhathia_01	R125	283.0	333.0	50000.0	80331.89985497203	13.048816351931002
Bhathia_01	R125	283.0	333.0	50000.0	83149.89169215517	12.709835982614901
Bhathia_01	R125	283.0	333.0	50000.0	86066.7368865822	12.36737718899357
Bhathia_01	R125	283.0	333.0	50000.0	89085.903151008	12.021363581783907
Bhathia_01	R125	283.0	333.0	50000.0	92210.9798433415	11.671787106150884
Bhathia_01	R125	283.0	333.0	50000.0	95445.68223387754	11.31846196159114
Bhathia_01	R125	283.0	333.0	50000.0	98793.85592222596	10.961693117006762
Bhathia_01	R125	283.0	333.0	50000.0	102259.48140917791	10.601935841789514
Bhathia_01	R125	283.0	333.0	50000.0	105846.67882895643	10.238299026645379
Bhathia_01	R125	283.0	333.0	50000.0	109559.71284746489	9.870901905175627
Bhathia_01	R125	283.0	333.0	50000.0	113402.99773236972	9.499915848719633
Bhathia_01	R125	283.0	333.0	50000.0	117381.10260103126	9.125696624647597
Bhathia_01	R125	283.0	333.0	50000.0	121498.75685253605	8.749146028094984
Bhathia_01	R125	283.0	333.0	50000.0	125760.85579027371	8.369575231479303
Bhathia_01	R125	283.0	333.0	50000.0	130172.46644175818	7.986576798917578
Bhathia_01	R125	283.0	333.0	50000.0	134738.83358259665	7.600119553254753
Bhathia_01	R125	283.0	333.0	50000.0	139465.3859717822	7.210117508360031
Bhathia_01	R125	283.0	333.0	50000.0	144357.7428057125	6.816832228312974
Bhathia_01	R125	283.0	333.0	50000.0	149421.7203986127	6.42114820702152
Bhathia_01	R125	283.0	333.0	50000.0	154663.33909730316	6.022569119103827
Bhathia_01	R125	283.0	333.0	50000.0	160088.83043853292	5.621183001180403
Bhathia_01	R125	283.0	333.0	50000.0	165704.6445573877	5.217020018603628
Bhathia_01	R125	283.0	333.0	50000.0	171517.45785558026	4.8099897595795476
Bhathia_01	R125	283.0	333.0	50000.0	177534.18093873924	4.401122869802091
Bhathia_01	R125	283.0	333.0	50000.0	183761.96683213356	3.989765616655746
Bhathia_01	R125	283.0	333.0	50000.0	190208.21948459864	3.5755178407952855
Bhathia_01	R125	283.0	333.0	50000.0	196880.60257077508	3.1583697214836035
Bhathia_01	R125	283.0	333.0	50000.0	203787.04860212465	2.738722272639493
Bhathia_01	R125	283.0	333.0	50000.0	210935.76835755422	2.3178210831452724
Bhathia_01	R125	283.0	333.0	50000.0	218335.26064486115	1.8967461363192875
Bhathia_01	R125	283.0	333.0	50000.0	225994.32240460056	1.474303821491473
Bhathia_01	R125	283.0	333.0	50000.0	233922.05916839777	1.050592310462073
Bhathia_01	R125	283.0	333.0	50000.0	242127.89588411906	0.6257373027099485
Bhathia_01	R125	283.0	333.0	50000.0	250621.58812079762	0.19993771741981556
Bhathia_01	R134a	283.0	333.0	50000.0	100.0	60.28740659141252
Bhathia_01	R134a	283.0	333.0	50000.0	103.5079362523115	60.28740659141252
Bhathia_01	R134a	283.0	333.0	50000.0	107.13892867212581	60.28740659141252
Bhathia_01	R134a	283.0	333.0	50000.0	110.89729399135348	60.28740659141252
Bhathia_01	R134a	283.0	333.0	50000.0	114.78750037010863	60.28740659141252
Bhathia_01	R134a	283.0	333.0	50000.0	118.81417270871387	60.28740659141252
Bhathia_01	R134a	283.0	333.0	50000.0	122.98209814604685	60.28740659141252
Bhathia_01	R134a	283.0	333.0	50000.0	127.29623175076546	60.28740659141252
Bhathia_01	R134a	283.0	333.0	50000.0	131.76170241217702	60.28740659141252
Bhathia_01	R134a	283.0	333.0	50000.0	136.3838189377566	60.28740659141252
Bhathia_01	R134a	283.0	333.0	50000.0	141.16807636456102	60.28740659141252
Bhathia_01	R134a	283.0	333.0	50000.0	146.12016249204424	60.28740659141252
Bhathia_01	R134a	283.0	333.0	50000.0	151.24596464403913	60.28740659141252
Bhathia_01	R134a	283.0	333.0	50000.0	156.55157666794562	60.28740659141252
Bhathia_01	R134a	283.0	333.0	50000.0	162.04330617944572	60.28740659141252
Bhathia_01	R134a	283.0	333.0	50000.0	167.72768206135862	60.28740659141252
Bhathia_01	R134a	283.0	333.0	50000.0	173.6114622255508	60.28740659141252
Bhathia_01	R134a	283.0	333.0	50000.0	179.70164164712898	60.28740659141252
Bhathia_01	R134a	283.0	333.0	50000.0	186.00546068046754	60.28740659141252
Bhathia_01	R134a	283.0	333.0	50000.0	192.53041366695666	60.28740659141252
Bhathia_01	R134a	283.0	333.0	50000.0	199.28425784470534	60.28740659141252
Bhathia_01	R134a	283.0	333.0	50000.0	206.27502257078967	60.28740659141252
Bhathia_01	R134a	283.0	333.0	50000.0	213.51101886701414	60.28740659141252
Bhathia_01	R134a	283.0	333.0	50000.0	221.00084930052978	60.28740659141252
Bhathia_01	R134a	283.0	333.0	50000.0	228.7534182110594	60.28740659141252
Bhathia_01	R134a	283.0	333.0	50000.0	236.77794229688686	60.28740659141252
Bhathia_01	R134a	283.0	333.0	50000.0	245.08396157219659	60.28740659141252
Bhathia_01	R134a	283.0	333.0	50000.0	253.68135070878884	60.28740659141252
Bhathia_01	R134a	283.0	333.0	50000.0	262.58033077565597	60.28740659141252
Bhathia_01	R134a	283.0	333.0	50000.0	271.7914813903746	60.28740659141252
Bhathia_01	R134a	283.0	333.0	50000.0	281.32575329676206	60.28740659141252
Bhathia_01	R134a	283.0	333.0	50000.0	291.1944813837476	60.28740659141252
Bhathia_01	R134a	283.0	333.0	50000.0	301.4093981609385	60.28740659141252
Bhathia_01	R134a	283.0	333.0	50000.0	311.9826477069	60.28740659141252
Bhathia_01	R134a	283.0	333.0	50000.0	322.92680010673166	60.28740659141252
Bhathia_01	R134a	283.0	333.0	50000.0	334.2548663961052	60.28740659141252
Bhathia_01	R134a	283.0	333.0	50000.0	345.9803140295299	60.28740659141252
Bhathia_01	R134a	283.0	333.0	50000.0	358.11708289123294	60.28740659141252
Bhathia_01	R134a	283.0	333.0	50000.0	370.67960186769494	60.28740659141252
Bhathia_01	R134a	283.0	333.0	50000.0	383.6828060015357	60.28740659141252
Bhathia_01	R134a	283.0	333.0	50000.0	397.1421542471496	60.28740659141252
Bhathia_01	R134a	283.0	333.0	50000.0	411.0736478491962	60.28740659141252
Bhathia_01	R134a	283.0	333.0	50000.0	425.49384936579753	60.28740659141252
Bhathia_01	R134a	283.0	333.0	50000.0	440.41990235905604	60.28740659141252
Bhathia_01	R134a	283.0	333.0	50000.0	455.86955177630426	60.28740659141252
Bhathia_01	R134a	283.0	333.0	50000.0	471.8611650463152	60.28740659141252
Bhathia_01	R134a	283.0	333.0	50000.0	488.41375391555476	60.28740659141252
Bhathia_01	R134a	283.0	333.0	50000.0	505.546997050434	60.28740659141252
Bhathia_01	R134a	283.0	333.0	50000.0	523.2812634324383	60.28740659141252
Bhathia_01	R134a	283.0	333.0	50000.0	541.6376365739385	60.28740659141252
Bhathia_01	R134a	283.0	333.0	50000.0	560.6379395834789	60.28740659141252
Bhathia_01	R134a	283.0	333.0	50000.0	580.30476111034	60.28740659141252
Bhathia_01	R134a	283.0	333.0	50000.0	600.6614821992193	60.28740659141252
Bhathia_01	R134a	283.0	333.0	50000.0	621.7323040869574	60.28740659141252
Bhathia_01	R134a	283.0	333.0	50000.0	643.5422769743552	60.28740659141252
Bhathia_01	R134a	283.0	333.0	50000.0	666.1173298072896	60.28740659141252
Bhathia_01	R134a	283.0	333.0	50000.0	689.4843011025289	60.28740659141252
Bhathia_01	R134a	283.0	333.0	50000.0	713.670970854901	60.28740659141252
Bhathia_01	R134a	283.0	333.0	50000.0	738.7060935637436	60.28740659141252
Bhathia_01	R134a	283.0	333.0	50000.0	764.6194324179003	60.28740659141252
Bhathia_01	R134a	283.0	333.0	50000.0	791.4417946799063	60.28740659141252
Bhathia_01	R134a	283.0	333.0	50000.0	819.2050683114275	60.28740659141252
Bhathia_01	R134a	283.0	333.0	50000.0	847.9422598834972	60.28740659141252
Bhathia_01	R134a	283.0	333.0	50000.0	877.6875338166207	60.28740659141252
Bhathia_01	R134a	283.0	333.0	50000.0	908.4762529973926	60.28740659141252
Bhathia_01	R134a	283.0	333.0	50000.0	940.3450208199293	60.28740659141252
Bhathia_01	R134a	283.0	333.0	50000.0	973.3317247020778	60.28740659141252
Bhathia_01	R134a	283.0	333.0	50000.0	1007.4755811281508	60.28740659141252
Bhathia_01	R134a	283.0	333.0	50000.0	1042.817182271731	60.28740659141252
Bhathia_01	R134a	283.0	333.0	50000.0	1079.3985442539745	60.28740659141252
Bhathia_01	R134a	283.0	333.0	50000.0	1117.2631570947824	60.28740659141252
Bhathia_01	R134a	283.0	333.0	50000.0	1156.4560364162314	60.28740659141252
Bhathia_01	R134a	283.0	333.0	50000.0	1197.023776959721	60.28740659141252
Bhathia_01	R134a	283.0	333.0	50000.0	1239.0146079804795	60.28740659141252
Bhathia_01	R134a	283.0	333.0	50000.0	1282.478450585262	60.28740659141252
Bhathia_01	R134a	283.0	333.0	50000.0	1327.4669770814253	60.28740659141252
Bhathia_01	R134a	283.0	333.0	50000.0	1374.0336724079282	60.28740659141252
Bhathia_01	R134a	283.0	333.0	50000.0	1422.2338977212928	60.28740659141252
Bhathia_01	R134a	283.0	333.0	50000.0	1472.124956212121	60.28740659141252
Bhathia_01	R134a	283.0	333.0	50000.0	1523.766161230411	60.28740659141252
Bhathia_01	R134a	283.0	333.0	50000.0	1577.2189068006678	60.28740659141252
Bhathia_01	R134a	283.0	333.0	50000.0	1632.5467406106395	60.28740659141252
Bhathia_01	R134a	283.0	333.0	50000.0	1689.81543956045	60.28740659141252
Bhathia_01	R134a	283.0	333.0	50000.0	1749.093087961948	60.28740659141252
Bhathia_01	R134a	283.0	333.0	50000.0	1810.45015848124	60.28740659141252
Bhathia_01	R134a	283.0	333.0	50000.0	1873.9595959206342	60.28740659141252
Bhathia_01	R134a	283.0	333.0	50000.0	1939.6969039396042	60.28740659141252
Bhathia_01	R134a	283.0	333.0	50000.0	2007.7402348178655	60.28740659141252
Bhathia_01	R134a	283.0	333.0	50000.0	2078.1704823672853	60.28740659141252
Bhathia_01	R134a	283.0	333.0	50000.0	2151.0713781030845	60.28740659141252
Bhathia_01	R134a	283.0	333.0	50000.0	2226.529590788659	60.28740659141252
Bhathia_01	R134a	283.0	333.0	50000.0	2304.63482947238	60.28740659141252
Bhathia_01	R134a	283.0	333.0	50000.0	2385.479950138839	60.28740659141252
Bhathia_01	R134a	283.0	333.0	50000.0	2469.161066101381	60.28740659141252
Bhathia_01	R134a	283.0	333.0	50000.0	2555.7776622671126	60.22340965121026
Bhathia_01	R134a	283.0	333.0	50000.0	2645.43271341026	60.133836758126826
Bhathia_01	R134a	283.0	333.0	50000.0	2738.2328065944866	60.04214961686897
Bhathia_01	R134a	283.0	333.0	50000.0	2834.2882678897013	59.948146099853105
Bhathia_01	R134a	283.0	333.0	50000.0	2933.7132935340187	59.852057511919405
Bhathia_01	R134a	283.0	333.0	50000.0	3036.6260856967806	59.75380360431751
Bhathia_01	R134a	283.0	333.0	50000.0	3143.1489930040857	59.65312889956132
Bhathia_01	R134a	283.0	333.0	50000.0	3253.4086559938396	59.55137140571761
Bhathia_01	R134a	283.0	333.0	50000.0	3367.536157673288	59.44753311804067
Bhathia_01	R134a	283.0	333.0	50000.0	3485.667179358007	59.34121355163372
Bhathia_01	R134a	283.0	333.0	50000.0	3607.9421619776303	59.23220603506866
Bhathia_01	R134a	283.0	333.0	50000.0	3734.506473040075	59.12061552051024
Bhathia_01	R134a	283.0	333.0	50000.0	3865.5105794527676	59.00637349948958
Bhathia_01	R134a	283.0	333.0	50000.0	4001.1102264063275	58.88999315783087
Bhathia_01	R134a	283.0	333.0	50000.0	4141.466622533378	58.77108354159832
Bhathia_01	R134a	283.0	333.0	50000.0	4286.746631562607	58.64913186268519
Bhathia_01	R134a	283.0	333.0	50000.0	4437.122970695934	58.524317116105216
Bhathia_01	R134a	283.0	333.0	50000.0	4592.774415944617	58.396442239333325
Bhathia_01	R134a	283.0	333.0	50000.0	4753.8860146684265	58.26566837666616
Bhathia_01	R134a	283.0	333.0	50000.0	4920.649305570547	58.13256608420843
Bhathia_01	R134a	283.0	333.0	50000.0	5093.26254640977	57.997463128448
Bhathia_01	R134a	283.0	333.0	50000.0	5271.9309497006825	57.859318013759705
Bhathia_01	R134a	283.0	333.0	50000.0	5456.8669266820625	57.71787864630343
Bhathia_01	R134a	283.0	333.0	50000.0	5648.290339843539	57.57317721538869
Bhathia_01	R134a	283.0	333.0	50000.0	5846.4287643107255	57.425993225981244
Bhathia_01	R134a	283.0	333.0	50000.0	6051.517758399548	57.27633658570706
Bhathia_01	R134a	283.0	333.0	50000.0	6263.801143661515	57.123054158727335
Bhathia_01	R134a	283.0	333.0	50000.0	6483.531294752719	56.96595001225584
Bhathia_01	R134a	283.0	333.0	50000.0	6710.9694394713115	56.80535719855994
Bhathia_01	R134a	283.0	333.0	50000.0	6946.385969320071	56.64221695898208
Bhathia_01	R134a	283.0	333.0	50000.0	7190.06076096333	56.47539672575717
Bhathia_01	R134a	283.0	333.0	50000.0	7442.283508960394	56.30464623893989
Bhathia_01	R134a	283.0	333.0	50000.0	7703.354070171016	56.1299448852731
Bhathia_01	R134a	283.0	333.0	50000.0	7973.582820242459	55.952949675184186
Bhathia_01	R134a	283.0	333.0	50000.0	8253.291022601827	55.772129191892205
Bhathia_01	R134a	283.0	333.0	50000.0	8542.811210392447	55.58727844996653
Bhathia_01	R134a	283.0	333.0	50000.0	8842.487581808335	55.3981635034823
Bhathia_01	R134a	283.0	333.0	50000.0	9152.676409296731	55.206346392674305
Bhathia_01	R134a	283.0	333.0	50000.0	9473.746463115214	55.01024061906236
Bhathia_01	R134a	283.0	333.0	50000.0	9806.07944974691	54.80961835238302
Bhathia_01	R134a	283.0	333.0	50000.0	10150.070465695051	54.60491303982015
Bhathia_01	R134a	283.0	333.0	50000.0	10506.128467196331	54.396498441977
Bhathia_01	R134a	283.0	333.0	50000.0	10874.676756411529	54.18380192171609
Bhathia_01	R134a	283.0	333.0	50000.0	11256.153484671382	53.96682381749111
Bhathia_01	R134a	283.0	333.0	50000.0	11651.012173375993	53.74568455521254
Bhathia_01	R134a	283.0	333.0	50000.0	12059.722253167078	53.51972832643077
Bhathia_01	R134a	283.0	333.0	50000.0	12482.769622014002	53.289378954837915
Bhathia_01	R134a	283.0	333.0	50000.0	12920.657222877158	53.05476751336486
Bhathia_01	R134a	283.0	333.0	50000.0	13373.905641635398	52.81546008388607
Bhathia_01	R134a	283.0	333.0	50000.0	13843.053725988231	52.57166588718272
Bhathia_01	R134a	283.0	333.0	50000.0	14328.65922606916	52.32318344826593
Bhathia_01	R134a	283.0	333.0	50000.0	14831.299457530586	52.06979336149323
Bhathia_01	R134a	283.0	333.0	50000.0	15351.571987890213	51.811436168667775
Bhathia_01	R134a	283.0	333.0	50000.0	15890.095346953078	51.54780827138381
Bhathia_01	R134a	283.0	333.0	50000.0	16447.509762155743	51.27934765593833
Bhathia_01	R134a	283.0	333.0	50000.0	17024.47791970484	51.00609715262527
Bhathia_01	R134a	283.0	333.0	50000.0	17621.68575241697	50.727480278180686
Bhathia_01	R134a	283.0	333.0	50000.0	18239.84325519438	50.44391839422431
Bhathia_01	R134a	283.0	333.0	50000.0	18879.685329108175	50.15487354847812
Bhathia_01	R134a	283.0	333.0	50000.0	19541.972655090256	49.86026997381787
Bhathia_01	R134a	283.0	333.0	50000.0	20227.49259827501	49.56028577040484
Bhathia_01	R134a	283.0	333.0	50000.0	20937.060144063526	49.25529770653257
Bhathia_01	R134a	283.0	333.0	50000.0	21671.518867025392	48.94452348102397
Bhathia_01	R134a	283.0	333.0	50000.0	22431.741933788304	48.62854232532501
Bhathia_01	R134a	283.0	333.0	50000.0	23218.633141108625	48.30649039788721
Bhathia_01	R134a	283.0	333.0	50000.0	24033.127990356785	47.978460080923384
Bhathia_01	R134a	283.0	333.0	50000.0	24876.194799694935	47.64475762571922
Bhathia_01	R134a	283.0	333.0	50000.0	25748.835855269062	47.305531749524924
Bhathia_01	R134a	283.0	333.0	50000.0	26652.088602784228	46.96066000472721
Bhathia_01	R134a	283.0	333.0	50000.0	27587.026880879475	46.60978769368013
Bhathia_01	R134a	283.0	333.0	50000.0	28554.762197768767	46.25270547850458
Bhathia_01	R134a	283.0	333.0	50000.0	29556.445052665636	45.88906614953574
Bhathia_01	R134a	283.0	333.0	50000.0	30593.266303562625	45.51933220003525
Bhathia_01	R134a	283.0	333.0	50000.0	31666.458582991498	45.14317607036416
Bhathia_01	R134a	283.0	333.0	50000.0	32777.29776344747	44.76129457670139
Bhathia_01	R134a	283.0	333.0	50000.0	33927.104474219595	44.372781639433015
Bhathia_01	R134a	283.0	333.0	50000.0	35117.24567143027	43.97790709807317
Bhathia_01	R134a	283.0	333.0	50000.0	36349.13626315173	43.57609126633607
Bhathia_01	R134a	283.0	333.0	50000.0	37624.240791528864	43.16788443615615
Bhathia_01	R134a	283.0	333.0	50000.0	38944.07517391196	42.75364242099073
Bhathia_01	R134a	283.0	333.0	50000.0	40310.20850506498	42.33276536402072
Bhathia_01	R134a	283.0	333.0	50000.0	41724.264922596594	41.90536049294186
Bhathia_01	R134a	283.0	333.0	50000.0	43187.92553782676	41.47100652774728
Bhathia_01	R134a	283.0	333.0	50000.0	44702.93043438957	41.02998902088571
Bhathia_01	R134a	283.0	333.0	50000.0	46271.08073694302	40.581815585377264
Bhathia_01	R134a	283.0	333.0	50000.0	47894.24075245067	40.12762417534606
Bhathia_01	R134a	283.0	333.0	50000.0	49574.34018657513	39.66614844581565
Bhathia_01	R134a	283.0	333.0	50000.0	51313.376437824336	39.197837208522095
Bhathia_01	R134a	283.0	333.0	50000.0	53113.41697217184	38.72248261351721
Bhathia_01	R134a	283.0	333.0	50000.0	54976.60178098003	38.240214782735585
Bhathia_01	R134a	283.0	333.0	50000.0	56905.14592514396	37.751850845542506
Bhathia_01	R134a	283.0	333.0	50000.0	58901.34216848284	37.2566121445688
Bhathia_01	R134a	283.0	333.0	50000.0	60967.5637035091	36.75389713378958
Bhathia_01	R134a	283.0	333.0	50000.0	63106.2669728156	36.24383068659757
Bhathia_01	R134a	283.0	333.0	50000.0	65319.99458943548	35.727092899508996
Bhathia_01	R134a	283.0	333.0	50000.0	67611.3783596462	35.20278795981454
Bhathia_01	R134a	283.0	333.0	50000.0	69983.14241181171	34.6727494267074
Bhathia_01	R134a	283.0	333.0	50000.0	72438.10643498244	34.13540356572705
Bhathia_01	R134a	283.0	333.0	50000.0	74979.18903110319	33.59077369435371
Bhathia_01	R134a	283.0	333.0	50000.0	77609.41118481442	33.03896474468804
Bhathia_01	R134a	283.0	333.0	50000.0	80331.89985497203	32.47970378286143
Bhathia_01	R134a	283.0	333.0	50000.0	83149.89169215517	31.914047342998234
Bhathia_01	R134a	283.0	333.0	50000.0	86066.7368865822	31.34103932259626
Bhathia_01	R134a	283.0	333.0	50000.0	89085.903151008	30.760690102073003
Bhathia_01	R134a	283.0	333.0	50000.0	92210.9798433415	30.17320654560023
Bhathia_01	R134a	283.0	333.0	50000.0	95445.68223387754	29.57829437102311
Bhathia_01	R134a	283.0	333.0	50000.0	98793.85592222596	28.976788593607164
Bhathia_01	R134a	283.0	333.0	50000.0	102259.48140917791	28.36894102849323
Bhathia_01	R134a	283.0	333.0	50000.0	105846.67882895643	27.753524104159947
Bhathia_01	R134a	283.0	333.0	50000.0	109559.71284746489	27.130407718226024
Bhathia_01	R134a	283.0	333.0	50000.0	113402.99773236972	26.49930438874131
Bhathia_01	R134a	283.0	333.0	50000.0	117381.10260103126	25.86029943944321
Bhathia_01	R134a	283.0	333.0	50000.0	121498.75685253605	25.21511945840506
Bhathia_01	R134a	283.0	333.0	50000.0	125760.85579027371	24.56255709348463
Bhathia_01	R134a	283.0	333.0	50000.0	130172.46644175818	23.90227660064356
Bhathia_01	R134a	283.0	333.0	50000.0	134738.83358259665	23.234282186330155
Bhathia_01	R134a	283.0	333.0	50000.0	139465.3859717822	22.558313061399502
Bhathia_01	R134a	283.0	333.0	50000.0	144357.7428057125	21.874464360498322
Bhathia_01	R134a	283.0	333.0	50000.0	149421.7203986127	21.18366138016995
Bhathia_01	R134a	283.0	333.0	50000.0	154663.33909730316	20.484068288380822
Bhathia_01	R134a	283.0	333.0	50000.0	160088.83043853292	19.775425076505552
Bhathia_01	R134a	283.0	333.0	50000.0	165704.6445573877	19.057980378706922
Bhathia_01	R134a	283.0	333.0	50000.0	171517.45785558026	18.33205649512222
Bhathia_01	R134a	283.0	333.0	50000.0	177534.18093873924	17.59925712464074
Bhathia_01	R134a	283.0	333.0	50000.0	183761.96683213356	16.858213128224058
Bhathia_01	R134a	283.0	333.0	50000.0	190208.21948459864	16.10826759487969
Bhathia_01	R134a	283.0	333.0	50000.0	196880.60257077508	15.349047309653436
Bhathia_01	R134a	283.0	333.0	50000.0	203787.04860212465	14.580377053240854
Bhathia_01	R134a	283.0	333.0	50000.0	210935.76835755422	13.80249889579815
Bhathia_01	R134a	283.0	333.0	50000.0	218335.26064486115	13.016688413369993
Bhathia_01	R134a	283.0	333.0	50000.0	225994.32240460056	12.221546678743227
Bhathia_01	R134a	283.0	333.0	50000.0	233922.05916839777	11.417522332316475
Bhathia_01	R134a	283.0	333.0	50000.0	242127.89588411906	10.604868358061264
Bhathia_01	R134a	283.0	333.0	50000.0	250621.58812079762	9.784000398937849
Bhathia_01	R32	283.0	333.0	50000.0	100.0	7.731892483832741
Bhathia_01	R32	283.0	333.0	50000.0	103.5079362523115	7.731892483832741
Bhathia_01	R32	283.0	333.0	50000.0	107.13892867212581	7.731892483832741
Bhathia_01	R32	283.0	333.0	50000.0	110.89729399135348	7.731892483832741
Bhathia_01	R32	283.0	333.0	50000.0	114.78750037010863	7.731892483832741
Bhathia_01	R32	283.0	333.0	50000.0	118.81417270871387	7.731892483832741
Bhathia_01	R32	283.0	333.0	50000.0	122.98209814604685	7.731892483832741
Bhathia_01	R32	283.0	333.0	50000.0	127.29623175076546	7.731892483832741
Bhathia_01	R32	283.0	333.0	50000.0	131.76170241217702	7.731892483832741
Bhathia_01	R32	283.0	333.0	50000.0	136.3838189377566	7.731892483832741
Bhathia_01	R32	283.0	333.0	50000.0	141.16807636456102	7.731892483832741
Bhathia_01	R32	283.0	333.0	50000.0	146.12016249204424	7.731892483832741
Bhathia_01	R32	283.0	333.0	50000.0	151.24596464403913	7.731892483832741
Bhathia_01	R32	283.0	333.0	50000.0	156.55157666794562	7.731892483832741
Bhathia_01	R32	283.0	333.0	50000.0	162.04330617944572	7.731892483832741
Bhathia_01	R32	283.0	333.0	50000.0	167.72768206135862	7.731892483832741
Bhathia_01	R32	283.0	333.0	50000.0	173.6114622255508	7.731892483832741
Bhathia_01	R32	283.0	333.0	50000.0	179.70164164712898	7.731892483832741
Bhathia_01	R32	283.0	333.0	50000.0	186.00546068046754	7.731892483832741
Bhathia_01	R32	283.0	333.0	50000.0	192.53041366695666	7.731892483832741
Bhathia_01	R32	283.0	333.0	50000.0	199.28425784470534	7.731892483832741
Bhathia_01	R32	283.0	333.0	50000.0	206.27502257078967	7.731892483832741
Bhathia_01	R32	283.0	333.0	50000.0	213.51101886701414	7.731892483832741
Bhathia_01	R32	283.0	333.0	50000.0	221.00084930052978	7.731892483832741
Bhathia_01	R32	283.0	333.0	50000.0	228.7534182110594	7.731892483832741
Bhathia_01	R32	283.0	333.0	50000.0	236.77794229688686	7.731892483832741
Bhathia_01	R32	283.0	333.0	50000.0	245.08396157219659	7.731892483832741
Bhathia_01	R32	283.0	333.0	50000.0	253.68135070878884	7.731892483832741
Bhathia_01	R32	283.0	333.0	50000.0	262.58033077565597	7.731892483832741
Bhathia_01	R32	283.0	333.0	50000.0	271.7914813903746	7.731892483832741
Bhathia_01	R32	283.0	333.0	50000.0	281.32575329676206	7.731892483832741
Bhathia_01	R32	283.0	333.0	50000.0	291.1944813837476	7.731892483832741
Bhathia_01	R32	283.0	333.0	50000.0	301.4093981609385	7.731892483832741
Bhathia_01	R32	283.0	333.0	50000.0	311.9826477069	7.731892483832741
Bhathia_01	R32	283.0	333.0	50000.0	322.92680010673166	7.731892483832741
Bhathia_01	R32	283.0	333.0	50000.0	334.2548663961052	7.731892483832741
Bhathia_01	R32	283.0	333.0	50000.0	345.9803140295299	7.731892483832741
Bhathia_01	R32	283.0	333.0	50000.0	358.11708289123294	7.731892483832741
Bhathia_01	R32	283.0	333.0	50000.0	370.67960186769494	7.731892483832741
Bhathia_01	R32	283.0	333.0	50000.0	383.6828060015357	7.731892483832741
Bhathia_01	R32	283.0	333.0	50000.0	397.1421542471496	7.731892483832741
Bhathia_01	R32	283.0	333.0	50000.0	411.0736478491962	7.731892483832741
Bhathia_01	R32	283.0	333.0	50000.0	425.49384936579753	7.731892483832741
Bhathia_01	R32	283.0	333.0	50000.0	440.41990235905604	7.731892483832741
Bhathia_01	R32	283.0	333.0	50000.0	455.86955177630426	7.731892483832741
Bhathia_01	R32	283.0	333.0	50000.0	471.8611650463152	7.731892483832741
Bhathia_01	R32	283.0	333.0	50000.0	488.41375391555476	7.730240150434823
Bhathia_01	R32	283.0	333.0	50000.0	505.546997050434	7.728300152086961
Bhathia_01	R32	283.0	333.0	50000.0	523.2812634324383	7.726294266122803
Bhathia_01	R32	283.0	333.0	50000.0	541.6376365739385	7.724220266043925
Bhathia_01	R32	283.0	333.0	50000.0	560.6379395834789	7.722075886293448
Bhathia_01	R32	283.0	333.0	50000.0	580.30476111034	7.719858797331179
Bhathia_01	R32	283.0	333.0	50000.0	600.6614821992193	7.717566794903604
Bhathia_01	R32	283.0	333.0	50000.0	621.7323040869574	7.7151971000611015
Bhathia_01	R32	283.0	333.0	50000.0	643.5422769743552	7.712747139023006
Bhathia_01	R32	283.0	333.0	50000.0	666.1173298072896	7.710214212398506
Bhathia_01	R32	283.0	333.0	50000.0	689.4843011025289	7.707595526387158
Bhathia_01	R32	283.0	333.0	50000.0	713.670970854901	7.704888494386811
Bhathia_01	R32	283.0	333.0	50000.0	738.7060935637436	7.702090027789819
Bhathia_01	R32	283.0	333.0	50000.0	764.6194324179003	7.699197011229799
Bhathia_01	R32	283.0	333.0	50000.0	791.4417946799063	7.696206252306889
Bhathia_01	R32	283.0	333.0	50000.0	819.2050683114275	7.693114488161678
Bhathia_01	R32	283.0	333.0	50000.0	847.9422598834972	7.689918470667948
Bhathia_01	R32	283.0	333.0	50000.0	877.6875338166207	7.68661508925391
Bhathia_01	R32	283.0	333.0	50000.0	908.4762529973926	7.683200358694007
Bhathia_01	R32	283.0	333.0	50000.0	940.3450208199293	7.679670607767711
Bhathia_01	R32	283.0	333.0	50000.0	973.3317247020778	7.676042011278921
Bhathia_01	R32	283.0	333.0	50000.0	1007.4755811281508	7.672399866379177
Bhathia_01	R32	283.0	333.0	50000.0	1042.817182271731	7.668635575287926
Bhathia_01	R32	283.0	333.0	50000.0	1079.3985442539745	7.664744931426969
Bhathia_01	R32	283.0	333.0	50000.0	1117.2631570947824	7.660723584428339
Bhathia_01	R32	283.0	333.0	50000.0	1156.4560364162314	7.6565672061639285
Bhathia_01	R32	283.0	333.0	50000.0	1197.023776959721	7.65227136432319
Bhathia_01	R32	283.0	333.0	50000.0	1239.0146079804795	7.647831602574522
Bhathia_01	R32	283.0	333.0	50000.0	1282.478450585262	7.643243762675774
Bhathia_01	R32	283.0	333.0	50000.0	1327.4669770814253	7.638502367938917
Bhathia_01	R32	283.0	333.0	50000.0	1374.0336724079282	7.633602360425568
Bhathia_01	R32	283.0	333.0	50000.0	1422.2338977212928	7.628538574971151
Bhathia_01	R32	283.0	333.0	50000.0	1472.124956212121	7.623305662935692
Bhathia_01	R32	283.0	333.0	50000.0	1523.766161230411	7.617898746540722
Bhathia_01	R32	283.0	333.0	50000.0	1577.2189068006678	7.612312013604348
Bhathia_01	R32	283.0	333.0	50000.0	1632.5467406106395	7.606551176719331
Bhathia_01	R32	283.0	333.0	50000.0	1689.81543956045	7.600608529722983
Bhathia_01	R32	283.0	333.0	50000.0	1749.093087961948	7.59446830762991
Bhathia_01	R32	283.0	333.0	50000.0	1810.45015848124	7.588124232318782
Bhathia_01	R32	283.0	333.0	50000.0	1873.9595959206342	7.581570888958146
Bhathia_01	R32	283.0	333.0	50000.0	1939.6969039396042	7.574800331128843
Bhathia_01	R32	283.0	333.0	50000.0	2007.7402348178655	7.5678056149161215
Bhathia_01	R32	283.0	333.0	50000.0	2078.1704823672853	7.560579581354202
Bhathia_01	R32	283.0	333.0	50000.0	2151.0713781030845	7.553114789863263
Bhathia_01	R32	283.0	333.0	50000.0	2226.529590788659	7.545404667056998
Bhathia_01	R32	283.0	333.0	50000.0	2304.63482947238	7.537442185564901
Bhathia_01	R32	283.0	333.0	50000.0	2385.479950138839	7.529217641790675
Bhathia_01	R32	283.0	333.0	50000.0	2469.161066101381	7.520725551836966
Bhathia_01	R32	283.0	333.0	50000.0	2555.7776622671126	7.5119595336272225
Bhathia_01	R32	283.0	333.0	50000.0	2645.43271341026	7.502906206517984
Bhathia_01	R32	283.0	333.0	50000.0	2738.2328065944866	7.493558537221131
Bhathia_01	R32	283.0	333.0	50000.0	2834.2882678897013	7.483905339165073
Bhathia_01	R32	283.0	333.0	50000.0	2933.7132935340187	7.473937024026101
Bhathia_01	R32	283.0	333.0	50000.0	3036.6260856967806	7.46364378972775
Bhathia_01	R32	283.0	333.0	50000.0	3143.1489930040857	7.453015573909363
Bhathia_01	R32	283.0	333.0	50000.0	3253.4086559938396	7.442043551849467
Bhathia_01	R32	283.0	333.0	50000.0	3367.536157673288	7.431100986419764
Bhathia_01	R32	283.0	333.0	50000.0	3485.667179358007	7.419828927743533
Bhathia_01	R32	283.0	333.0	50000.0	3607.9421619776303	7.408192921815276
Bhathia_01	R32	283.0	333.0	50000.0	3734.506473040075	7.39618594789455
Bhathia_01	R32	283.0	333.0	50000.0	3865.5105794527676	7.383791479176112
Bhathia_01	R32	283.0	333.0	50000.0	4001.1102264063275	7.371001232195497
Bhathia_01	R32	283.0	333.0	50000.0	4141.466622533378	7.357799764105253
Bhathia_01	R32	283.0	333.0	50000.0	4286.746631562607	7.344203952532112
Bhathia_01	R32	283.0	333.0	50000.0	4437.122970695934	7.330197817010252
Bhathia_01	R32	283.0	333.0	50000.0	4592.774415944617	7.315743809685782
Bhathia_01	R32	283.0	333.0	50000.0	4753.8860146684265	7.300831189660634
Bhathia_01	R32	283.0	333.0	50000.0	4920.649305570547	7.285447168018296
Bhathia_01	R32	283.0	333.0	50000.0	5093.26254640977	7.269574533084815
Bhathia_01	R32	283.0	333.0	50000.0	5271.9309497006825	7.253198906822799
Bhathia_01	R32	283.0	333.0	50000.0	5456.8669266820625	7.236306516341652
Bhathia_01	R32	283.0	333.0	50000.0	5648.290339843539	7.219240760785411
Bhathia_01	R32	283.0	333.0	50000.0	5846.4287643107255	7.201970762360496
Bhathia_01	R32	283.0	333.0	50000.0	6051.517758399548	7.184156807967325
Bhathia_01	R32	283.0	333.0	50000.0	6263.801143661515	7.165783131088446
Bhathia_01	R32	283.0	333.0	50000.0	6483.531294752719	7.146833577222963
Bhathia_01	R32	283.0	333.0	50000.0	6710.9694394713115	7.127291544639135
Bhathia_01	R32	283.0	333.0	50000.0	6946.385969320071	7.107198710178216
Bhathia_01	R32	283.0	333.0	50000.0	7190.06076096333	7.08651806672892
Bhathia_01	R32	283.0	333.0	50000.0	7442.283508960394	7.065205413018229
Bhathia_01	R32	283.0	333.0	50000.0	7703.354070171016	7.043233668307857
Bhathia_01	R32	283.0	333.0	50000.0	7973.582820242459	7.021132632300315
Bhathia_01	R32	283.0	333.0	50000.0	8253.291022601827	6.998722751666004
Bhathia_01	R32	283.0	333.0	50000.0	8542.811210392447	6.975642474405958
Bhathia_01	R32	283.0	333.0	50000.0	8842.487581808335	6.9518666924147645
Bhathia_01	R32	283.0	333.0	50000.0	9152.676409296731	6.927362513901145
Bhathia_01	R32	283.0	333.0	50000.0	9473.746463115214	6.902157457619169
Bhathia_01	R32	283.0	333.0	50000.0	9806.07944974691	6.8762504076444175
Bhathia_01	R32	283.0	333.0	50000.0	10150.070465695051	6.849934120948453
Bhathia_01	R32	283.0	333.0	50000.0	10506.128467196331	6.823604386540079
Bhathia_01	R32	283.0	333.0	50000.0	10874.676756411529	6.7964862543947975
Bhathia_01	R32	283.0	333.0	50000.0	11256.153484671382	6.768549820018747
Bhathia_01	R32	283.0	333.0	50000.0	11651.012173375993	6.739796256687702
Bhathia_01	R32	283.0	333.0	50000.0	12059.722253167078	6.710258750812085
Bhathia_01	R32	283.0	333.0	50000.0	12482.769622014002	6.680327892895333
Bhathia_01	R32	283.0	333.0	50000.0	12920.657222877158	6.649769112792762
Bhathia_01	R32	283.0	333.0	50000.0	13373.905641635398	6.618295166824051
Bhathia_01	R32	283.0	333.0	50000.0	13843.053725988231	6.585884970508629
Bhathia_01	R32	283.0	333.0	50000.0	14328.65922606916	6.552560925376448
Bhathia_01	R32	283.0	333.0	50000.0	14831.299457530586	6.518429311610227
Bhathia_01	R32	283.0	333.0	50000.0	15351.571987890213	6.483299040756958
Bhathia_01	R32	283.0	333.0	50000.0	15890.095346953078	6.447132857596273
Bhathia_01	R32	283.0	333.0	50000.0	16447.509762155743	6.4099041884239325
Bhathia_01	R32	283.0	333.0	50000.0	17024.47791970484	6.3717170276454755
Bhathia_01	R32	283.0	333.0	50000.0	17621.68575241697	6.332533626082679
Bhathia_01	R32	283.0	333.0	50000.0	18239.84325519438	6.2922433602603824
Bhathia_01	R32	283.0	333.0	50000.0	18879.685329108175	6.2507931798082526
Bhathia_01	R32	283.0	333.0	50000.0	19541.972655090256	6.208329774581958
Bhathia_01	R32	283.0	333.0	50000.0	20227.49259827501	6.164725141618839
Bhathia_01	R32	283.0	333.0	50000.0	20937.060144063526	6.1198977728013055
Bhathia_01	R32	283.0	333.0	50000.0	21671.518867025392	6.073944947926917
Bhathia_01	R32	283.0	333.0	50000.0	22431.741933788304	6.026819949395876
Bhathia_01	R32	283.0	333.0	50000.0	23218.633141108625	5.978394879258516
Bhathia_01	R32	283.0	333.0	50000.0	24033.127990356785	5.928811992143547
Bhathia_01	R32	283.0	333.0	50000.0	24876.194799694935	5.877925496912386
Bhathia_01	R32	283.0	333.0	50000.0	25748.835855269062	5.82568127599477
Bhathia_01	R32	283.0	333.0	50000.0	26652.088602784228	5.772136624170774
Bhathia_01	R32	283.0	333.0	50000.0	27587.026880879475	5.717168102501292
Bhathia_01	R32	283.0	333.0	50000.0	28554.762197768767	5.660713911002903
Bhathia_01	R32	283.0	333.0	50000.0	29556.445052665636	5.602723676755851
Bhathia_01	R32	283.0	333.0	50000.0	30593.266303562625	5.543230364512364
Bhathia_01	R32	283.0	333.0	50000.0	31666.458582991498	5.482125675967768
Bhathia_01	R32	283.0	333.0	50000.0	32777.29776344747	5.419495171171273
Bhathia_01	R32	283.0	333.0	50000.0	33927.104474219595	5.355195598063269
Bhathia_01	R32	283.0	333.0	50000.0	35117.24567143027	5.289249657882338
Bhathia_01	R32	283.0	333.0	50000.0	36349.13626315173	5.2215700897019
Bhathia_01	R32	283.0	333.0	50000.0	37624.240791528864	5.152179944086806
Bhathia_01	R32	283.0	333.0	50000.0	38944.07517391196	5.0810682958161975
Bhathia_01	R32	283.0	333.0	50000.0	40310.20850506498	5.00815559070601
Bhathia_01	R32	283.0	333.0	50000.0	41724.264922596594	4.933393499492714
Bhathia_01	R32	283.0	333.0	50000.0	43187.92553782676	4.856709007686677
Bhathia_01	R32	283.0	333.0	50000.0	44702.93043438957	4.778042710280899
Bhathia_01	R32	283.0	333.0	50000.0	46271.08073694302	4.697393536899233
Bhathia_01	R32	283.0	333.0	50000.0	47894.24075245067	4.614761285732957
Bhathia_01	R32	283.0	333.0	50000.0	49574.34018657513	4.530046488870305
Bhathia_01	R32	283.0	333.0	50000.0	51313.376437824336	4.443204780509934
Bhathia_01	R32	283.0	333.0	50000.0	53113.41697217184	4.3541928688164395
Bhathia_01	R32	283.0	333.0	50000.0	54976.60178098003	4.262980938592814
Bhathia_01	R32	283.0	333.0	50000.0	56905.14592514396	4.16959061690657
Bhathia_01	R32	283.0	333.0	50000.0	58901.34216848284	4.073893182555109
Bhathia_01	R32	283.0	333.0	50000.0	60967.5637035091	3.975782540612156
Bhathia_01	R32	283.0	333.0	50000.0	63106.2669728156	3.8752219289381826
Bhathia_01	R32	283.0	333.0	50000.0	65319.99458943548	3.772156487052097
Bhathia_01	R32	283.0	333.0	50000.0	67611.3783596462	3.6665724398718185
Bhathia_01	R32	283.0	333.0	50000.0	69983.14241181171	3.5584763912928494
Bhathia_01	R32	283.0	333.0	50000.0	72438.10643498244	3.447727200158762
Bhathia_01	R32	283.0	333.0	50000.0	74979.18903110319	3.3342738732728567
Bhathia_01	R32	283.0	333.0	50000.0	77609.41118481442	3.218057640648034
Bhathia_01	R32	283.0	333.0	50000.0	80331.89985497203	3.099030763108708
Bhathia_01	R32	283.0	333.0	50000.0	83149.89169215517	2.9772411740231317
Bhathia_01	R32	283.0	333.0	50000.0	86066.7368865822	2.8525617880671157
Bhathia_01	R32	283.0	333.0	50000.0	89085.903151008	2.7249022711782436
Bhathia_01	R32	283.0	333.0	50000.0	92210.9798433415	2.5941999182005486
Bhathia_01	R32	283.0	333.0	50000.0	95445.68223387754	2.4603563369166936
Bhathia_01	R32	283.0	333.0	50000.0	98793.85592222596	2.323331738009472
Bhathia_01	R32	283.0	333.0	50000.0	102259.48140917791	2.183137209974527
Bhathia_01	R32	283.0	333.0	50000.0	105846.67882895643	2.039581163658675
Bhathia_01	R32	283.0	333.0	50000.0	109559.71284746489	1.8925939733908017
Bhathia_01	R32	283.0	333.0	50000.0	113402.99773236972	1.742087753196034
Bhathia_01	R32	283.0	333.0	50000.0	117381.10260103126	1.5879383197818613
Bhathia_01	R32	283.0	333.0	50000.0	121498.75685253605	1.430205289560205
Bhathia_01	R32	283.0	333.0	50000.0	125760.85579027371	1.2687109949862767
Bhathia_01	R32	283.0	333.0	50000.0	130172.46644175818	1.1033212340057093
Bhathia_01	R32	283.0	333.0	50000.0	134738.83358259665	0.9339732825282402
Bhathia_01	R32	283.0	333.0	50000.0	139465.3859717822	0.7606406354176136
Bhathia_01	R32	283.0	333.0	50000.0	144357.7428057125	0.5832923182453899
Bhathia_01	R32	283.0	333.0	50000.0	149421.7203986127	0.40195740090664844
Bhathia_01	R32	283.0	333.0	50000.0	154663.33909730316	0.21637720529846077
Bhathia_01	R32	283.0	333.0	50000.0	160088.83043853292	0.026377403670224172
Bhathia_01	R32	283.0	333.0	50000.0	165704.6445573877	0.1681569487811721
Bhathia_01	R32	283.0	333.0	50000.0	171517.45785558026	0.36732311308763743
Bhathia_01	R32	283.0	333.0	50000.0	177534.18093873924	0.5710255324085777
Bhathia_01	R32	283.0	333.0	50000.0	183761.96683213356	0.7794025921910491
Bhathia_01	R32	283.0	333.0	50000.0	190208.21948459864	0.9925969619483378
Bhathia_01	R32	283.0	333.0	50000.0	196880.60257077508	1.2106894047912788
Bhathia_01	R32	283.0	333.0	50000.0	203787.04860212465	1.4337356698612114
Bhathia_01	R32	283.0	333.0	50000.0	210935.76835755422	1.6617180076199278
Bhathia_01	R32	283.0	333.0	50000.0	218335.26064486115	1.8945108341176173
Bhathia_01	R32	283.0	333.0	50000.0	225994.32240460056	2.1324497130251907
Bhathia_01	R32	283.0	333.0	50000.0	233922.05916839777	2.3757655509841387
Bhathia_01	R32	283.0	333.0	50000.0	242127.89588411906	2.6245096520839883
Bhathia_01	R32	283.0	333.0	50000.0	250621.58812079762	2.878606917938492
