framework	molecule	T_ads_K	T_des_K	P_ads_Pa	P_des_Pa	SD
Bhathia_01	R407F	283.0	303.0	50000.0	100.0	99.46977956854612
Bhathia_01	R407F	283.0	303.0	50000.0	103.5079362523115	99.46977956854612
Bhathia_01	R407F	283.0	303.0	50000.0	107.13892867212581	99.46977956854612
Bhathia_01	R407F	283.0	303.0	50000.0	110.89729399135348	99.46977956854612
Bhathia_01	R407F	283.0	303.0	50000.0	114.78750037010863	99.46977956854612
Bhathia_01	R407F	283.0	303.0	50000.0	118.81417270871387	99.46977956854612
Bhathia_01	R407F	283.0	303.0	50000.0	122.98209814604685	99.46977956854612
Bhathia_01	R407F	283.0	303.0	50000.0	127.29623175076546	99.46977956854612
Bhathia_01	R407F	283.0	303.0	50000.0	131.76170241217702	99.46977956854612
Bhathia_01	R407F	283.0	303.0	50000.0	136.3838189377566	99.46977956854612
Bhathia_01	R407F	283.0	303.0	50000.0	141.16807636456102	99.46977956854612
Bhathia_01	R407F	283.0	303.0	50000.0	146.12016249204424	99.46977956854612
Bhathia_01	R407F	283.0	303.0	50000.0	151.24596464403913	99.46977956854612
Bhathia_01	R407F	283.0	303.0	50000.0	156.55157666794562	99.46977956854612
Bhathia_01	R407F	283.0	303.0	50000.0	162.04330617944572	99.46977956854612
Bhathia_01	R407F	283.0	303.0	50000.0	167.72768206135862	99.46977956854612
Bhathia_01	R407F	283.0	303.0	50000.0	173.6114622255508	99.46977956854612
Bhathia_01	R407F	283.0	303.0	50000.0	179.70164164712898	99.46977956854612
Bhathia_01	R407F	283.0	303.0	50000.0	186.00546068046754	99.46977956854612
Bhathia_01	R407F	283.0	303.0	50000.0	192.53041366695666	99.46977956854612
Bhathia_01	R407F	283.0	303.0	50000.0	199.28425784470534	99.46977956854612
Bhathia_01	R407F	283.0	303.0	50000.0	206.27502257078967	99.46977956854612
Bhathia_01	R407F	283.0	303.0	50000.0	213.51101886701414	99.46977956854612
Bhathia_01	R407F	283.0	303.0	50000.0	221.00084930052978	99.46977956854612
Bhathia_01	R407F	283.0	303.0	50000.0	228.7534182110594	99.46977956854612
Bhathia_01	R407F	283.0	303.0	50000.0	236.77794229688686	99.46977956854612
Bhathia_01	R407F	283.0	303.0	50000.0	245.08396157219659	99.46977956854612
Bhathia_01	R407F	283.0	303.0	50000.0	253.68135070878884	99.46977956854612
Bhathia_01	R407F	283.0	303.0	50000.0	262.58033077565597	99.46854869686521
Bhathia_01	R407F	283.0	303.0	50000.0	271.7914813903746	99.46659159513483
Bhathia_01	R407F	283.0	303.0	50000.0	281.32575329676206	99.46419726515535
Bhathia_01	R407F	283.0	303.0	50000.0	291.1944813837476	99.4303569668915
Bhathia_01	R407F	283.0	303.0	50000.0	301.4093981609385	99.39569943062102
Bhathia_01	R407F	283.0	303.0	50000.0	311.9826477069	99.36020546688546
Bhathia_01	R407F	283.0	303.0	50000.0	322.92680010673166	99.3238555089997
Bhathia_01	R407F	283.0	303.0	50000.0	334.2548663961052	99.28666729948152
Bhathia_01	R407F	283.0	303.0	50000.0	345.9803140295299	99.24859872839217
Bhathia_01	R407F	283.0	303.0	50000.0	358.11708289123294	99.20961535133348
Bhathia_01	R407F	283.0	303.0	50000.0	370.67960186769494	99.16969591749759
Bhathia_01	R407F	283.0	303.0	50000.0	383.6828060015357	99.12881872468047
Bhathia_01	R407F	283.0	303.0	50000.0	397.1421542471496	99.0869742146844
Bhathia_01	R407F	283.0	303.0	50000.0	411.0736478491962	99.04417508810023
Bhathia_01	R407F	283.0	303.0	50000.0	425.49384936579753	99.00035328309076
Bhathia_01	R407F	283.0	303.0	50000.0	440.41990235905604	98.95548533607324
Bhathia_01	R407F	283.0	303.0	50000.0	455.86955177630426	98.90954729824519
Bhathia_01	R407F	283.0	303.0	50000.0	471.8611650463152	98.86251474063971
Bhathia_01	R407F	283.0	303.0	50000.0	488.41375391555476	98.81441053528961
Bhathia_01	R407F	283.0	303.0	50000.0	505.546997050434	98.76518486360995
Bhathia_01	R407F	283.0	303.0	50000.0	523.2812634324383	98.7148210250818
Bhathia_01	R407F	283.0	303.0	50000.0	541.6376365739385	98.66336553475453
Bhathia_01	R407F	283.0	303.0	50000.0	560.6379395834789	98.61069390116553
Bhathia_01	R407F	283.0	303.0	50000.0	580.30476111034	98.53793016261086
Bhathia_01	R407F	283.0	303.0	50000.0	600.6614821992193	98.40624439449454
Bhathia_01	R407F	283.0	303.0	50000.0	621.7323040869574	98.27186822667197
Bhathia_01	R407F	283.0	303.0	50000.0	643.5422769743552	98.13459344305295
Bhathia_01	R407F	283.0	303.0	50000.0	666.1173298072896	97.99424748148283
Bhathia_01	R407F	283.0	303.0	50000.0	689.4843011025289	97.85094013609695
Bhathia_01	R407F	283.0	303.0	50000.0	713.670970854901	97.7048284870098
Bhathia_01	R407F	283.0	303.0	50000.0	738.7060935637436	97.5554934614104
Bhathia_01	R407F	283.0	303.0	50000.0	764.6194324179003	97.40338682866575
Bhathia_01	R407F	283.0	303.0	50000.0	791.4417946799063	97.24884765738602
Bhathia_01	R407F	283.0	303.0	50000.0	819.2050683114275	97.09085960481525
Bhathia_01	R407F	283.0	303.0	50000.0	847.9422598834972	96.9294137888735
Bhathia_01	R407F	283.0	303.0	50000.0	877.6875338166207	96.76449536322156
Bhathia_01	R407F	283.0	303.0	50000.0	908.4762529973926	96.59607936019711
Bhathia_01	R407F	283.0	303.0	50000.0	940.3450208199293	96.4245213469168
Bhathia_01	R407F	283.0	303.0	50000.0	973.3317247020778	96.24981631151039
Bhathia_01	R407F	283.0	303.0	50000.0	1007.4755811281508	96.07193848038077
Bhathia_01	R407F	283.0	303.0	50000.0	1042.817182271731	95.89029927937861
Bhathia_01	R407F	283.0	303.0	50000.0	1079.3985442539745	95.70485133032804
Bhathia_01	R407F	283.0	303.0	50000.0	1117.2631570947824	95.51541433627324
Bhathia_01	R407F	283.0	303.0	50000.0	1156.4560364162314	95.32184570562211
Bhathia_01	R407F	283.0	303.0	50000.0	1197.023776959721	95.12420722231795
Bhathia_01	R407F	283.0	303.0	50000.0	1239.0146079804795	94.92287631259303
Bhathia_01	R407F	283.0	303.0	50000.0	1282.478450585262	94.71830284947549
Bhathia_01	R407F	283.0	303.0	50000.0	1327.4669770814253	94.50986511395925
Bhathia_01	R407F	283.0	303.0	50000.0	1374.0336724079282	94.29723151087076
Bhathia_01	R407F	283.0	303.0	50000.0	1422.2338977212928	94.08034612709706
Bhathia_01	R407F	283.0	303.0	50000.0	1472.124956212121	93.85918010500549
Bhathia_01	R407F	283.0	303.0	50000.0	1523.766161230411	93.63442726723538
Bhathia_01	R407F	283.0	303.0	50000.0	1577.2189068006678	93.40559169284548
Bhathia_01	R407F	283.0	303.0	50000.0	1632.5467406106395	93.17186662551275
Bhathia_01	R407F	283.0	303.0	50000.0	1689.81543956045	92.93292102095185
Bhathia_01	R407F	283.0	303.0	50000.0	1749.093087961948	92.6892519785197
Bhathia_01	R407F	283.0	303.0	50000.0	1810.45015848124	92.44171256316358
Bhathia_01	R407F	283.0	303.0	50000.0	1873.9595959206342	92.18990423563888
Bhathia_01	R407F	283.0	303.0	50000.0	1939.6969039396042	91.9328994441549
Bhathia_01	R407F	283.0	303.0	50000.0	2007.7402348178655	91.67055906740525
Bhathia_01	R407F	283.0	303.0	50000.0	2078.1704823672853	91.40287681024769
Bhathia_01	R407F	283.0	303.0	50000.0	2151.0713781030845	91.1313467449624
Bhathia_01	R407F	283.0	303.0	50000.0	2226.529590788659	90.85449653633387
Bhathia_01	R407F	283.0	303.0	50000.0	2304.63482947238	90.57224917152868
Bhathia_01	R407F	283.0	303.0	50000.0	2385.479950138839	90.28442914422631
Bhathia_01	R407F	283.0	303.0	50000.0	2469.161066101381	89.9915563869529
Bhathia_01	R407F	283.0	303.0	50000.0	2555.7776622671126	89.69340031455121
Bhathia_01	R407F	283.0	303.0	50000.0	2645.43271341026	89.38931650159829
Bhathia_01	R407F	283.0	303.0	50000.0	2738.2328065944866	89.07948333918294
Bhathia_01	R407F	283.0	303.0	50000.0	2834.2882678897013	88.76369656087877
Bhathia_01	R407F	283.0	303.0	50000.0	2933.7132935340187	88.44232936844286
Bhathia_01	R407F	283.0	303.0	50000.0	3036.6260856967806	88.11572306888986
Bhathia_01	R407F	283.0	303.0	50000.0	3143.1489930040857	87.78270418272209
Bhathia_01	R407F	283.0	303.0	50000.0	3253.4086559938396	87.4440010916742
Bhathia_01	R407F	283.0	303.0	50000.0	3367.536157673288	87.09931752074552
Bhathia_01	R407F	283.0	303.0	50000.0	3485.667179358007	86.7475203761199
Bhathia_01	R407F	283.0	303.0	50000.0	3607.9421619776303	86.38966908436032
Bhathia_01	R407F	283.0	303.0	50000.0	3734.506473040075	86.02543330845933
Bhathia_01	R407F	283.0	303.0	50000.0	3865.5105794527676	85.65417504749996
Bhathia_01	R407F	283.0	303.0	50000.0	4001.1102264063275	85.27694335355369
Bhathia_01	R407F	283.0	303.0	50000.0	4141.466622533378	84.89269802887347
Bhathia_01	R407F	283.0	303.0	50000.0	4286.746631562607	84.50227280286433
Bhathia_01	R407F	283.0	303.0	50000.0	4437.122970695934	84.10456724736855
Bhathia_01	R407F	283.0	303.0	50000.0	4592.774415944617	83.69950017379605
Bhathia_01	R407F	283.0	303.0	50000.0	4753.8860146684265	83.28743361965454
Bhathia_01	R407F	283.0	303.0	50000.0	4920.649305570547	82.86879086556016
Bhathia_01	R407F	283.0	303.0	50000.0	5093.26254640977	82.44271618255111
Bhathia_01	R407F	283.0	303.0	50000.0	5271.9309497006825	82.00863300205647
Bhathia_01	R407F	283.0	303.0	50000.0	5456.8669266820625	81.56751912612245
Bhathia_01	R407F	283.0	303.0	50000.0	5648.290339843539	81.11917082047141
Bhathia_01	R407F	283.0	303.0	50000.0	5846.4287643107255	80.66340971823072
Bhathia_01	R407F	283.0	303.0	50000.0	6051.517758399548	80.1991411765403
Bhathia_01	R407F	283.0	303.0	50000.0	6263.801143661515	79.72744852032721
Bhathia_01	R407F	283.0	303.0	50000.0	6483.531294752719	79.24793633305997
Bhathia_01	R407F	283.0	303.0	50000.0	6710.9694394713115	78.75991144445427
Bhathia_01	R407F	283.0	303.0	50000.0	6946.385969320071	78.26403011614738
Bhathia_01	R407F	283.0	303.0	50000.0	7190.06076096333	77.76013976003414
Bhathia_01	R407F	283.0	303.0	50000.0	7442.283508960394	77.24684176409357
Bhathia_01	R407F	283.0	303.0	50000.0	7703.354070171016	76.72506503264295
Bhathia_01	R407F	283.0	303.0	50000.0	7973.582820242459	76.19506514697146
Bhathia_01	R407F	283.0	303.0	50000.0	8253.291022601827	75.65534373020904
Bhathia_01	R407F	283.0	303.0	50000.0	8542.811210392447	75.10759519564745
Bhathia_01	R407F	283.0	303.0	50000.0	8842.487581808335	74.55037380151217
Bhathia_01	R407F	283.0	303.0	50000.0	9152.676409296731	73.98376513392307
Bhathia_01	R407F	283.0	303.0	50000.0	9473.746463115214	73.40766718632783
Bhathia_01	R407F	283.0	303.0	50000.0	9806.07944974691	72.8214621314858
Bhathia_01	R407F	283.0	303.0	50000.0	10150.070465695051	72.22585451657677
Bhathia_01	R407F	283.0	303.0	50000.0	10506.128467196331	71.62090242147495
Bhathia_01	R407F	283.0	303.0	50000.0	10874.676756411529	71.00569125701716
Bhathia_01	R407F	283.0	303.0	50000.0	11256.153484671382	70.38024425457041
Bhathia_01	R407F	283.0	303.0	50000.0	11651.012173375993	69.74430861606818
Bhathia_01	R407F	283.0	303.0	50000.0	12059.722253167078	69.09794252243229
Bhathia_01	R407F	283.0	303.0	50000.0	12482.769622014002	68.44233150433016
Bhathia_01	R407F	283.0	303.0	50000.0	12920.657222877158	67.77606432299713
Bhathia_01	R407F	283.0	303.0	50000.0	13373.905641635398	67.09871271817558
Bhathia_01	R407F	283.0	303.0	50000.0	13843.053725988231	66.41030200852651
Bhathia_01	R407F	283.0	303.0	50000.0	14328.65922606916	65.71041417074973
Bhathia_01	R407F	283.0	303.0	50000.0	14831.299457530586	64.99972239075554
Bhathia_01	R407F	283.0	303.0	50000.0	15351.571987890213	64.27779175633779
Bhathia_01	R407F	283.0	303.0	50000.0	15890.095346953078	63.54437419303072
Bhathia_01	R407F	283.0	303.0	50000.0	16447.509762155743	62.79892978876699
Bhathia_01	R407F	283.0	303.0	50000.0	17024.47791970484	62.04122630979557
Bhathia_01	R407F	283.0	303.0	50000.0	17621.68575241697	61.2712772056978
Bhathia_01	R407F	283.0	303.0	50000.0	18239.84325519438	60.49109049671977
Bhathia_01	R407F	283.0	303.0	50000.0	18879.685329108175	59.697752411980666
Bhathia_01	R407F	283.0	303.0	50000.0	19541.972655090256	58.89176149359294
Bhathia_01	R407F	283.0	303.0	50000.0	20227.49259827501	58.07270873670654
Bhathia_01	R407F	283.0	303.0	50000.0	20937.060144063526	57.240153706873635
Bhathia_01	R407F	283.0	303.0	50000.0	21671.518867025392	56.39494883204673
Bhathia_01	R407F	283.0	303.0	50000.0	22431.741933788304	55.53807288947462
Bhathia_01	R407F	283.0	303.0	50000.0	23218.633141108625	54.66695576357025
Bhathia_01	R407F	283.0	303.0	50000.0	24033.127990356785	53.782456220933085
Bhathia_01	R407F	283.0	303.0	50000.0	24876.194799694935	52.88370098123417
Bhathia_01	R407F	283.0	303.0	50000.0	25748.835855269062	51.97065910021885
Bhathia_01	R407F	283.0	303.0	50000.0	26652.088602784228	51.044949581932066
Bhathia_01	R407F	283.0	303.0	50000.0	27587.026880879475	50.1045166398308
Bhathia_01	R407F	283.0	303.0	50000.0	28554.762197768767	49.14913997529247
Bhathia_01	R407F	283.0	303.0	50000.0	29556.445052665636	48.17836573401092
Bhathia_01	R407F	283.0	303.0	50000.0	30593.266303562625	47.19259088895047
Bhathia_01	R407F	283.0	303.0	50000.0	31666.458582991498	46.19254868795369
Bhathia_01	R407F	283.0	303.0	50000.0	32777.29776344747	45.178617089393555
Bhathia_01	R407F	283.0	303.0	50000.0	33927.104474219595	44.14922303238105
Bhathia_01	R407F	283.0	303.0	50000.0	35117.24567143027	43.103612427451004
Bhathia_01	R407F	283.0	303.0	50000.0	36349.13626315173	42.04166068919172
Bhathia_01	R407F	283.0	303.0	50000.0	37624.240791528864	40.96311198708129
Bhathia_01	R407F	283.0	303.0	50000.0	38944.07517391196	39.86988221325459
Bhathia_01	R407F	283.0	303.0	50000.0	40310.20850506498	38.76032668375529
Bhathia_01	R407F	283.0	303.0	50000.0	41724.264922596594	37.63437907942048
Bhathia_01	R407F	283.0	303.0	50000.0	43187.92553782676	36.49159789829981
Bhathia_01	R407F	283.0	303.0	50000.0	44702.93043438957	35.33208303536136
Bhathia_01	R407F	283.0	303.0	50000.0	46271.08073694302	34.15653461085594
Bhathia_01	R407F	283.0	303.0	50000.0	47894.24075245067	32.96579125901863
Bhathia_01	R407F	283.0	303.0	50000.0	49574.34018657513	31.75740106367268
Bhathia_01	R407F	283.0	303.0	50000.0	51313.376437824336	30.53118047164908
Bhathia_01	R407F	283.0	303.0	50000.0	53113.41697217184	29.287082375896176
Bhathia_01	R407F	283.0	303.0	50000.0	54976.60178098003	28.025173374861946
Bhathia_01	R407F	283.0	303.0	50000.0	56905.14592514396	26.74852133750664
Bhathia_01	R407F	283.0	303.0	50000.0	58901.34216848284	25.455464231866657
Bhathia_01	R407F	283.0	303.0	50000.0	60967.5637035091	24.145509117132296
Bhathia_01	R407F	283.0	303.0	50000.0	63106.2669728156	22.818213109956517
Bhathia_01	R407F	283.0	303.0	50000.0	65319.99458943548	21.4735903877746
Bhathia_01	R407F	283.0	303.0	50000.0	67611.3783596462	20.11251312075475
Bhathia_01	R407F	283.0	303.0	50000.0	69983.14241181171	18.736480785727842
Bhathia_01	R407F	283.0	303.0	50000.0	72438.10643498244	17.343319507945985
Bhathia_01	R407F	283.0	303.0	50000.0	74979.18903110319	15.933524796787415
Bhathia_01	R407F	283.0	303.0	50000.0	77609.41118481442	14.507558334648586
Bhathia_01	R407F	283.0	303.0	50000.0	80331.89985497203	13.065902718144848
Bhathia_01	R407F	283.0	303.0	50000.0	83149.89169215517	11.61246453811978
Bhathia_01	R407F	283.0	303.0	50000.0	86066.7368865822	10.305942134255629
Bhathia_01	R407F	283.0	303.0	50000.0	89085.903151008	9.22075946835584
Bhathia_01	R125	283.0	303.0	50000.0	100.0	31.450480493300855
Bhathia_01	R125	283.0	303.0	50000.0	103.5079362523115	31.450480493300855
Bhathia_01	R125	283.0	303.0	50000.0	107.13892867212581	31.450480493300855
Bhathia_01	R125	283.0	303.0	50000.0	110.89729399135348	31.450480493300855
Bhathia_01	R125	283.0	303.0	50000.0	114.78750037010863	31.450480493300855
Bhathia_01	R125	283.0	303.0	50000.0	118.81417270871387	31.450480493300855
Bhathia_01	R125	283.0	303.0	50000.0	122.98209814604685	31.450480493300855
Bhathia_01	R125	283.0	303.0	50000.0	127.29623175076546	31.450480493300855
Bhathia_01	R125	283.0	303.0	50000.0	131.76170241217702	31.450480493300855
Bhathia_01	R125	283.0	303.0	50000.0	136.3838189377566	31.450480493300855
Bhathia_01	R125	283.0	303.0	50000.0	141.16807636456102	31.450480493300855
Bhathia_01	R125	283.0	303.0	50000.0	146.12016249204424	31.450480493300855
Bhathia_01	R125	283.0	303.0	50000.0	151.24596464403913	31.450480493300855
Bhathia_01	R125	283.0	303.0	50000.0	156.55157666794562	31.450480493300855
Bhathia_01	R125	283.0	303.0	50000.0	162.04330617944572	31.450480493300855
Bhathia_01	R125	283.0	303.0	50000.0	167.72768206135862	31.450480493300855
Bhathia_01	R125	283.0	303.0	50000.0	173.6114622255508	31.450480493300855
Bhathia_01	R125	283.0	303.0	50000.0	179.70164164712898	31.450480493300855
Bhathia_01	R125	283.0	303.0	50000.0	186.00546068046754	31.450480493300855
Bhathia_01	R125	283.0	303.0	50000.0	192.53041366695666	31.450480493300855
Bhathia_01	R125	283.0	303.0	50000.0	199.28425784470534	31.450480493300855
Bhathia_01	R125	283.0	303.0	50000.0	206.27502257078967	31.450480493300855
Bhathia_01	R125	283.0	303.0	50000.0	213.51101886701414	31.450480493300855
Bhathia_01	R125	283.0	303.0	50000.0	221.00084930052978	31.450480493300855
Bhathia_01	R125	283.0	303.0	50000.0	228.7534182110594	31.450480493300855
Bhathia_01	R125	283.0	303.0	50000.0	236.77794229688686	31.450480493300855
Bhathia_01	R125	283.0	303.0	50000.0	245.08396157219659	31.450480493300855
Bhathia_01	R125	283.0	303.0	50000.0	253.68135070878884	31.450480493300855
Bhathia_01	R125	283.0	303.0	50000.0	262.58033077565597	31.450480493300855
Bhathia_01	R125	283.0	303.0	50000.0	271.7914813903746	31.450480493300855
Bhathia_01	R125	283.0	303.0	50000.0	281.32575329676206	31.45011042200015
Bhathia_01	R125	283.0	303.0	50000.0	291.1944813837476	31.41836395463745
Bhathia_01	R125	283.0	303.0	50000.0	301.4093981609385	31.38587216111247
Bhathia_01	R125	283.0	303.0	50000.0	311.9826477069	31.35261828965897
Bhathia_01	R125	283.0	303.0	50000.0	322.92680010673166	31.318585241100457
Bhathia_01	R125	283.0	303.0	50000.0	334.2548663961052	31.28379322302117
Bhathia_01	R125	283.0	303.0	50000.0	345.9803140295299	31.248202886941705
Bhathia_01	R125	283.0	303.0	50000.0	358.11708289123294	31.21178258554281
Bhathia_01	R125	283.0	303.0	50000.0	370.67960186769494	31.174513906386025
Bhathia_01	R125	283.0	303.0	50000.0	383.6828060015357	31.13637808870271
Bhathia_01	R125	283.0	303.0	50000.0	397.1421542471496	31.097368562607787
Bhathia_01	R125	283.0	303.0	50000.0	411.0736478491962	31.057500952787247
Bhathia_01	R125	283.0	303.0	50000.0	425.49384936579753	31.01671068036396
Bhathia_01	R125	283.0	303.0	50000.0	440.41990235905604	30.97497758331193
Bhathia_01	R125	283.0	303.0	50000.0	455.86955177630426	30.932281171174346
Bhathia_01	R125	283.0	303.0	50000.0	471.8611650463152	30.888600586086344
Bhathia_01	R125	283.0	303.0	50000.0	488.41375391555476	30.84396199533565
Bhathia_01	R125	283.0	303.0	50000.0	505.546997050434	30.79831957243751
Bhathia_01	R125	283.0	303.0	50000.0	523.2812634324383	30.751631396526122
Bhathia_01	R125	283.0	303.0	50000.0	541.6376365739385	30.703875188400286
Bhathia_01	R125	283.0	303.0	50000.0	560.6379395834789	30.65502823451296
Bhathia_01	R125	283.0	303.0	50000.0	580.30476111034	30.605825762071476
Bhathia_01	R125	283.0	303.0	50000.0	600.6614821992193	30.55616740630901
Bhathia_01	R125	283.0	303.0	50000.0	621.7323040869574	30.50562677861054
Bhathia_01	R125	283.0	303.0	50000.0	643.5422769743552	30.45405789381669
Bhathia_01	R125	283.0	303.0	50000.0	666.1173298072896	30.401404037563864
Bhathia_01	R125	283.0	303.0	50000.0	689.4843011025289	30.347560566043683
Bhathia_01	R125	283.0	303.0	50000.0	713.670970854901	30.29262335404159
Bhathia_01	R125	283.0	303.0	50000.0	738.7060935637436	30.236475650078592
Bhathia_01	R125	283.0	303.0	50000.0	764.6194324179003	30.17910576021117
Bhathia_01	R125	283.0	303.0	50000.0	791.4417946799063	30.12042618404169
Bhathia_01	R125	283.0	303.0	50000.0	819.2050683114275	30.060476823915184
Bhathia_01	R125	283.0	303.0	50000.0	847.9422598834972	29.999206764804978
Bhathia_01	R125	283.0	303.0	50000.0	877.6875338166207	29.936629211895074
Bhathia_01	R125	283.0	303.0	50000.0	908.4762529973926	29.8727390532643
Bhathia_01	R125	283.0	303.0	50000.0	940.3450208199293	29.807975244855534
Bhathia_01	R125	283.0	303.0	50000.0	973.3317247020778	29.742180353720286
Bhathia_01	R125	283.0	303.0	50000.0	1007.4755811281508	29.675156861867556
Bhathia_01	R125	283.0	303.0	50000.0	1042.817182271731	29.606847597627993
Bhathia_01	R125	283.0	303.0	50000.0	1079.3985442539745	29.537187326926098
Bhathia_01	R125	283.0	303.0	50000.0	1117.2631570947824	29.46610953364323
Bhathia_01	R125	283.0	303.0	50000.0	1156.4560364162314	29.393474622000788
Bhathia_01	R125	283.0	303.0	50000.0	1197.023776959721	29.319364769147803
Bhathia_01	R125	283.0	303.0	50000.0	1239.0146079804795	29.243631499516745
Bhathia_01	R125	283.0	303.0	50000.0	1282.478450585262	29.16635279827543
Bhathia_01	R125	283.0	303.0	50000.0	1327.4669770814253	29.087661748278403
Bhathia_01	R125	283.0	303.0	50000.0	1374.0336724079282	29.00763122639751
Bhathia_01	R125	283.0	303.0	50000.0	1422.2338977212928	28.92623049349146
Bhathia_01	R125	283.0	303.0	50000.0	1472.124956212121	28.843289259259794
Bhathia_01	R125	283.0	303.0	50000.0	1523.766161230411	28.758834298137415
Bhathia_01	R125	283.0	303.0	50000.0	1577.2189068006678	28.672659236157283
Bhathia_01	R125	283.0	303.0	50000.0	1632.5467406106395	28.584790746175447
Bhathia_01	R125	283.0	303.0	50000.0	1689.81543956045	28.495040523769724
Bhathia_01	R125	283.0	303.0	50000.0	1749.093087961948	28.403598282086463
Bhathia_01	R125	283.0	303.0	50000.0	1810.45015848124	28.310461244544452
Bhathia_01	R125	283.0	303.0	50000.0	1873.9595959206342	28.21585925901419
Bhathia_01	R125	283.0	303.0	50000.0	1939.6969039396042	28.119492255088588
Bhathia_01	R125	283.0	303.0	50000.0	2007.7402348178655	28.021276621843224
Bhathia_01	R125	283.0	303.0	50000.0	2078.1704823672853	27.921122390408087
Bhathia_01	R125	283.0	303.0	50000.0	2151.0713781030845	27.81907686444706
Bhathia_01	R125	283.0	303.0	50000.0	2226.529590788659	27.715128568932702
Bhathia_01	R125	283.0	303.0	50000.0	2304.63482947238	27.60939065959932
Bhathia_01	R125	283.0	303.0	50000.0	2385.479950138839	27.50192701905501
Bhathia_01	R125	283.0	303.0	50000.0	2469.161066101381	27.392260731643617
Bhathia_01	R125	283.0	303.0	50000.0	2555.7776622671126	27.280683713865184
Bhathia_01	R125	283.0	303.0	50000.0	2645.43271341026	27.167058963507806
Bhathia_01	R125	283.0	303.0	50000.0	2738.2328065944866	27.05148793882336
Bhathia_01	R125	283.0	303.0	50000.0	2834.2882678897013	26.933639906167965
Bhathia_01	R125	283.0	303.0	50000.0	2933.7132935340187	26.813812753319198
Bhathia_01	R125	283.0	303.0	50000.0	3036.6260856967806	26.692008228492394
Bhathia_01	R125	283.0	303.0	50000.0	3143.1489930040857	26.567770351129226
Bhathia_01	R125	283.0	303.0	50000.0	3253.4086559938396	26.441421243161255
Bhathia_01	R125	283.0	303.0	50000.0	3367.536157673288	26.313060960911994
Bhathia_01	R125	283.0	303.0	50000.0	3485.667179358007	26.18220506867491
Bhathia_01	R125	283.0	303.0	50000.0	3607.9421619776303	26.04923931585998
Bhathia_01	R125	283.0	303.0	50000.0	3734.506473040075	25.913991265852946
Bhathia_01	R125	283.0	303.0	50000.0	3865.5105794527676	25.77610829228829
Bhathia_01	R125	283.0	303.0	50000.0	4001.1102264063275	25.636042353018627
Bhathia_01	R125	283.0	303.0	50000.0	4141.466622533378	25.493298208344992
Bhathia_01	R125	283.0	303.0	50000.0	4286.746631562607	25.348233822500248
Bhathia_01	R125	283.0	303.0	50000.0	4437.122970695934	25.200635808695154
Bhathia_01	R125	283.0	303.0	50000.0	4592.774415944617	25.05062529777432
Bhathia_01	R125	283.0	303.0	50000.0	4753.8860146684265	24.898202295237414
Bhathia_01	R125	283.0	303.0	50000.0	4920.649305570547	24.743473975667193
Bhathia_01	R125	283.0	303.0	50000.0	5093.26254640977	24.585928543387958
Bhathia_01	R125	283.0	303.0	50000.0	5271.9309497006825	24.42549875377038
Bhathia_01	R125	283.0	303.0	50000.0	5456.8669266820625	24.262345546574803
Bhathia_01	R125	283.0	303.0	50000.0	5648.290339843539	24.09687330200482
Bhathia_01	R125	283.0	303.0	50000.0	5846.4287643107255	23.928953916233837
Bhathia_01	R125	283.0	303.0	50000.0	6051.517758399548	23.75772203864551
Bhathia_01	R125	283.0	303.0	50000.0	6263.801143661515	23.583802710302507
Bhathia_01	R125	283.0	303.0	50000.0	6483.531294752719	23.407524570574452
Bhathia_01	R125	283.0	303.0	50000.0	6710.9694394713115	23.227892637822617
Bhathia_01	R125	283.0	303.0	50000.0	6946.385969320071	23.045410225104757
Bhathia_01	R125	283.0	303.0	50000.0	7190.06076096333	22.8607025171593
Bhathia_01	R125	283.0	303.0	50000.0	7442.283508960394	22.672463557003365
Bhathia_01	R125	283.0	303.0	50000.0	7703.354070171016	22.481319072193653
Bhathia_01	R125	283.0	303.0	50000.0	7973.582820242459	22.287461396128005
Bhathia_01	R125	283.0	303.0	50000.0	8253.291022601827	22.089975021746522
Bhathia_01	R125	283.0	303.0	50000.0	8542.811210392447	21.89006345367227
Bhathia_01	R125	283.0	303.0	50000.0	8842.487581808335	21.68698693820236
Bhathia_01	R125	283.0	303.0	50000.0	9152.676409296731	21.48075048720326
Bhathia_01	R125	283.0	303.0	50000.0	9473.746463115214	21.27165732595149
Bhathia_01	R125	283.0	303.0	50000.0	9806.07944974691	21.058858971450242
Bhathia_01	R125	283.0	303.0	50000.0	10150.070465695051	20.84324097255123
Bhathia_01	R125	283.0	303.0	50000.0	10506.128467196331	20.624273321286324
Bhathia_01	R125	283.0	303.0	50000.0	10874.676756411529	20.402065560176197
Bhathia_01	R125	283.0	303.0	50000.0	11256.153484671382	20.176393681798686
Bhathia_01	R125	283.0	303.0	50000.0	11651.012173375993	19.947545820748946
Bhathia_01	R125	283.0	303.0	50000.0	12059.722253167078	19.715382899065222
Bhathia_01	R125	283.0	303.0	50000.0	12482.769622014002	19.480305945305947
Bhathia_01	R125	283.0	303.0	50000.0	12920.657222877158	19.241916562804708
Bhathia_01	R125	283.0	303.0	50000.0	13373.905641635398	18.99980166373825
Bhathia_01	R125	283.0	303.0	50000.0	13843.053725988231	18.754246187458236
Bhathia_01	R125	283.0	303.0	50000.0	14328.65922606916	18.50494561664149
Bhathia_01	R125	283.0	303.0	50000.0	14831.299457530586	18.25220162214154
Bhathia_01	R125	283.0	303.0	50000.0	15351.571987890213	17.99624199902652
Bhathia_01	R125	283.0	303.0	50000.0	15890.095346953078	17.736756346634618
Bhathia_01	R125	283.0	303.0	50000.0	16447.509762155743	17.473761378944413
Bhathia_01	R125	283.0	303.0	50000.0	17024.47791970484	17.207002385473643
Bhathia_01	R125	283.0	303.0	50000.0	17621.68575241697	16.936525170133322
Bhathia_01	R125	283.0	303.0	50000.0	18239.84325519438	16.663211258917077
Bhathia_01	R125	283.0	303.0	50000.0	18879.685329108175	16.38563023783403
Bhathia_01	R125	283.0	303.0	50000.0	19541.972655090256	16.104325100369675
Bhathia_01	R125	283.0	303.0	50000.0	20227.49259827501	15.819169591441856
Bhathia_01	R125	283.0	303.0	50000.0	20937.060144063526	15.530091676270205
Bhathia_01	R125	283.0	303.0	50000.0	21671.518867025392	15.23753653026222
Bhathia_01	R125	283.0	303.0	50000.0	22431.741933788304	14.941677346182452
Bhathia_01	R125	283.0	303.0	50000.0	23218.633141108625	14.642022083249058
Bhathia_01	R125	283.0	303.0	50000.0	24033.127990356785	14.338494001574729
Bhathia_01	R125	283.0	303.0	50000.0	24876.194799694935	14.030936357192557
Bhathia_01	R125	283.0	303.0	50000.0	25748.835855269062	13.719436512753433
Bhathia_01	R125	283.0	303.0	50000.0	26652.088602784228	13.40435716319479
Bhathia_01	R125	283.0	303.0	50000.0	27587.026880879475	13.085288344203942
Bhathia_01	R125	283.0	303.0	50000.0	28554.762197768767	12.762150032793095
Bhathia_01	R125	283.0	303.0	50000.0	29556.445052665636	12.435109598062635
Bhathia_01	R125	283.0	303.0	50000.0	30593.266303562625	12.1042169842177
Bhathia_01	R125	283.0	303.0	50000.0	31666.458582991498	11.769817000428052
Bhathia_01	R125	283.0	303.0	50000.0	32777.29776344747	11.432042110292935
Bhathia_01	R125	283.0	303.0	50000.0	33927.104474219595	11.090109367220933
Bhathia_01	R125	283.0	303.0	50000.0	35117.24567143027	10.74410291987108
Bhathia_01	R125	283.0	303.0	50000.0	36349.13626315173	10.393811488595789
Bhathia_01	R125	283.0	303.0	50000.0	37624.240791528864	10.039297467064035
Bhathia_01	R125	283.0	303.0	50000.0	38944.07517391196	9.68153931055548
Bhathia_01	R125	283.0	303.0	50000.0	40310.20850506498	9.320114491183682
Bhathia_01	R125	283.0	303.0	50000.0	41724.264922596594	8.954993907977244
Bhathia_01	R125	283.0	303.0	50000.0	43187.92553782676	8.586071574888901
Bhathia_01	R125	283.0	303.0	50000.0	44702.93043438957	8.213314437769093
Bhathia_01	R125	283.0	303.0	50000.0	46271.08073694302	7.837010335475878
Bhathia_01	R125	283.0	303.0	50000.0	47894.24075245067	7.457484408329014
Bhathia_01	R125	283.0	303.0	50000.0	49574.34018657513	7.073974047392515
Bhathia_01	R125	283.0	303.0	50000.0	51313.376437824336	6.686396287191062
Bhathia_01	R125	283.0	303.0	50000.0	53113.41697217184	6.295150889120041
Bhathia_01	R125	283.0	303.0	50000.0	54976.60178098003	5.9005685112714135
Bhathia_01	R125	283.0	303.0	50000.0	56905.14592514396	5.503861474036676
Bhathia_01	R125	283.0	303.0	50000.0	58901.34216848284	5.104190983652302
Bhathia_01	R125	283.0	303.0	50000.0	60967.5637035091	4.701286755785472
Bhathia_01	R125	283.0	303.0	50000.0	63106.2669728156	4.295091964737615
Bhathia_01	R125	283.0	303.0	50000.0	65319.99458943548	3.885612863543898
Bhathia_01	R125	283.0	303.0	50000.0	67611.3783596462	3.4733080224475565
Bhathia_01	R125	283.0	303.0	50000.0	69983.14241181171	3.0588011386484526
Bhathia_01	R125	283.0	303.0	50000.0	72438.10643498244	2.641680828694422
Bhathia_01	R125	283.0	303.0	50000.0	74979.18903110319	2.222603363004815
Bhathia_01	R125	283.0	303.0	50000.0	77609.41118481442	1.8015483578453808
Bhathia_01	R125	283.0	303.0	50000.0	80331.89985497203	1.378521384071573
Bhathia_01	R125	283.0	303.0	50000.0	83149.89169215517	0.9549065620345265
Bhathia_01	R125	283.0	303.0	50000.0	86066.7368865822	0.5297872181805037
Bhathia_01	R125	283.0	303.0	50000.0	89085.903151008	0.10285010874773623
Bhathia_01	R134a	283.0	303.0	50000.0	100.0	60.28740659141252
Bhathia_01	R134a	283.0	303.0	50000.0	103.5079362523115	60.28740659141252
Bhathia_01	R134a	283.0	303.0	50000.0	107.13892867212581	60.28740659141252
Bhathia_01	R134a	283.0	303.0	50000.0	110.89729399135348	60.28740659141252
Bhathia_01	R134a	283.0	303.0	50000.0	114.78750037010863	60.28740659141252
Bhathia_01	R134a	283.0	303.0	50000.0	118.81417270871387	60.28740659141252
Bhathia_01	R134a	283.0	303.0	50000.0	122.98209814604685	60.28740659141252
Bhathia_01	R134a	283.0	303.0	50000.0	127.29623175076546	60.28740659141252
Bhathia_01	R134a	283.0	303.0	50000.0	131.76170241217702	60.28740659141252
Bhathia_01	R134a	283.0	303.0	50000.0	136.3838189377566	60.28740659141252
Bhathia_01	R134a	283.0	303.0	50000.0	141.16807636456102	60.28740659141252
Bhathia_01	R134a	283.0	303.0	50000.0	146.12016249204424	60.28740659141252
Bhathia_01	R134a	283.0	303.0	50000.0	151.24596464403913	60.28740659141252
Bhathia_01	R134a	283.0	303.0	50000.0	156.55157666794562	60.28740659141252
Bhathia_01	R134a	283.0	303.0	50000.0	162.04330617944572	60.28740659141252
Bhathia_01	R134a	283.0	303.0	50000.0	167.72768206135862	60.28740659141252
Bhathia_01	R134a	283.0	303.0	50000.0	173.6114622255508	60.28740659141252
Bhathia_01	R134a	283.0	303.0	50000.0	179.70164164712898	60.28740659141252
Bhathia_01	R134a	283.0	303.0	50000.0	186.00546068046754	60.28740659141252
Bhathia_01	R134a	283.0	303.0	50000.0	192.53041366695666	60.28740659141252
Bhathia_01	R134a	283.0	303.0	50000.0	199.28425784470534	60.28740659141252
Bhathia_01	R134a	283.0	303.0	50000.0	206.27502257078967	60.28740659141252
Bhathia_01	R134a	283.0	303.0	50000.0	213.51101886701414	60.28740659141252
Bhathia_01	R134a	283.0	303.0	50000.0	221.00084930052978	60.28740659141252
Bhathia_01	R134a	283.0	303.0	50000.0	228.7534182110594	60.28740659141252
Bhathia_01	R134a	283.0	303.0	50000.0	236.77794229688686	60.28740659141252
Bhathia_01	R134a	283.0	303.0	50000.0	245.08396157219659	60.28740659141252
Bhathia_01	R134a	283.0	303.0	50000.0	253.68135070878884	60.28740659141252
Bhathia_01	R134a	283.0	303.0	50000.0	262.58033077565597	60.28740659141252
Bhathia_01	R134a	283.0	303.0	50000.0	271.7914813903746	60.28740659141252
Bhathia_01	R134a	283.0	303.0	50000.0	281.32575329676206	60.28740659141252
Bhathia_01	R134a	283.0	303.0	50000.0	291.1944813837476	60.28740659141252
Bhathia_01	R134a	283.0	303.0	50000.0	301.4093981609385	60.28740659141252
Bhathia_01	R134a	283.0	303.0	50000.0	311.9826477069	60.28740659141252
Bhathia_01	R134a	283.0	303.0	50000.0	322.92680010673166	60.28740659141252
Bhathia_01	R134a	283.0	303.0	50000.0	334.2548663961052	60.28740659141252
Bhathia_01	R134a	283.0	303.0	50000.0	345.9803140295299	60.28740659141252
Bhathia_01	R134a	283.0	303.0	50000.0	358.11708289123294	60.28740659141252
Bhathia_01	R134a	283.0	303.0	50000.0	370.67960186769494	60.28740659141252
Bhathia_01	R134a	283.0	303.0	50000.0	383.6828060015357	60.28740659141252
Bhathia_01	R134a	283.0	303.0	50000.0	397.1421542471496	60.28740659141252
Bhathia_01	R134a	283.0	303.0	50000.0	411.0736478491962	60.28740659141252
Bhathia_01	R134a	283.0	303.0	50000.0	425.49384936579753	60.28740659141252
Bhathia_01	R134a	283.0	303.0	50000.0	440.41990235905604	60.28740659141252
Bhathia_01	R134a	283.0	303.0	50000.0	455.86955177630426	60.28740659141252
Bhathia_01	R134a	283.0	303.0	50000.0	471.8611650463152	60.28740659141252
Bhathia_01	R134a	283.0	303.0	50000.0	488.41375391555476	60.28740659141252
Bhathia_01	R134a	283.0	303.0	50000.0	505.546997050434	60.28740659141252
Bhathia_01	R134a	283.0	303.0	50000.0	523.2812634324383	60.28740659141252
Bhathia_01	R134a	283.0	303.0	50000.0	541.6376365739385	60.28740659141252
Bhathia_01	R134a	283.0	303.0	50000.0	560.6379395834789	60.28740659141252
Bhathia_01	R134a	283.0	303.0	50000.0	580.30476111034	60.26779946864762
Bhathia_01	R134a	283.0	303.0	50000.0	600.6614821992193	60.189859540605674
Bhathia_01	R134a	283.0	303.0	50000.0	621.7323040869574	60.110249645030365
Bhathia_01	R134a	283.0	303.0	50000.0	643.5422769743552	60.02891207527519
Bhathia_01	R134a	283.0	303.0	50000.0	666.1173298072896	59.945735662049
Bhathia_01	R134a	283.0	303.0	50000.0	689.4843011025289	59.86093966935039
Bhathia_01	R134a	283.0	303.0	50000.0	713.670970854901	59.77458978297297
Bhathia_01	R134a	283.0	303.0	50000.0	738.7060935637436	59.68638894791375
Bhathia_01	R134a	283.0	303.0	50000.0	764.6194324179003	59.5968061753241
Bhathia_01	R134a	283.0	303.0	50000.0	791.4417946799063	59.506273446924446
Bhathia_01	R134a	283.0	303.0	50000.0	819.2050683114275	59.41374012791949
Bhathia_01	R134a	283.0	303.0	50000.0	847.9422598834972	59.319253839037955
Bhathia_01	R134a	283.0	303.0	50000.0	877.6875338166207	59.222774302200584
Bhathia_01	R134a	283.0	303.0	50000.0	908.4762529973926	59.12430080998593
Bhathia_01	R134a	283.0	303.0	50000.0	940.3450208199293	59.023760735587224
Bhathia_01	R134a	283.0	303.0	50000.0	973.3317247020778	58.921312943151044
Bhathia_01	R134a	283.0	303.0	50000.0	1007.4755811281508	58.8171358242433
Bhathia_01	R134a	283.0	303.0	50000.0	1042.817182271731	58.7107039831379
Bhathia_01	R134a	283.0	303.0	50000.0	1079.3985442539745	58.60204256933929
Bhathia_01	R134a	283.0	303.0	50000.0	1117.2631570947824	58.49104550351427
Bhathia_01	R134a	283.0	303.0	50000.0	1156.4560364162314	58.3777172785995
Bhathia_01	R134a	283.0	303.0	50000.0	1197.023776959721	58.26204484075435
Bhathia_01	R134a	283.0	303.0	50000.0	1239.0146079804795	58.14456136502682
Bhathia_01	R134a	283.0	303.0	50000.0	1282.478450585262	58.02564602401149
Bhathia_01	R134a	283.0	303.0	50000.0	1327.4669770814253	57.90454840734095
Bhathia_01	R134a	283.0	303.0	50000.0	1374.0336724079282	57.78087572396765
Bhathia_01	R134a	283.0	303.0	50000.0	1422.2338977212928	57.654613743788225
Bhathia_01	R134a	283.0	303.0	50000.0	1472.124956212121	57.52591290521529
Bhathia_01	R134a	283.0	303.0	50000.0	1523.766161230411	57.39544808080038
Bhathia_01	R134a	283.0	303.0	50000.0	1577.2189068006678	57.26293955593365
Bhathia_01	R134a	283.0	303.0	50000.0	1632.5467406106395	57.127564677653424
Bhathia_01	R134a	283.0	303.0	50000.0	1689.81543956045	56.98919078881905
Bhathia_01	R134a	283.0	303.0	50000.0	1749.093087961948	56.847996882876366
Bhathia_01	R134a	283.0	303.0	50000.0	1810.45015848124	56.70471067071566
Bhathia_01	R134a	283.0	303.0	50000.0	1873.9595959206342	56.55897634401207
Bhathia_01	R134a	283.0	303.0	50000.0	1939.6969039396042	56.410176183174016
Bhathia_01	R134a	283.0	303.0	50000.0	2007.7402348178655	56.25826685896012
Bhathia_01	R134a	283.0	303.0	50000.0	2078.1704823672853	56.10334602945065
Bhathia_01	R134a	283.0	303.0	50000.0	2151.0713781030845	55.94687211601966
Bhathia_01	R134a	283.0	303.0	50000.0	2226.529590788659	55.78739372841292
Bhathia_01	R134a	283.0	303.0	50000.0	2304.63482947238	55.62468016747992
Bhathia_01	R134a	283.0	303.0	50000.0	2385.479950138839	55.458556517423254
Bhathia_01	R134a	283.0	303.0	50000.0	2469.161066101381	55.290033940141065
Bhathia_01	R134a	283.0	303.0	50000.0	2555.7776622671126	55.11860241147582
Bhathia_01	R134a	283.0	303.0	50000.0	2645.43271341026	54.943767873359974
Bhathia_01	R134a	283.0	303.0	50000.0	2738.2328065944866	54.765616263255154
Bhathia_01	R134a	283.0	303.0	50000.0	2834.2882678897013	54.584293211170504
Bhathia_01	R134a	283.0	303.0	50000.0	2933.7132935340187	54.399880400000335
Bhathia_01	R134a	283.0	303.0	50000.0	3036.6260856967806	54.21208711771397
Bhathia_01	R134a	283.0	303.0	50000.0	3143.1489930040857	54.02081848886468
Bhathia_01	R134a	283.0	303.0	50000.0	3253.4086559938396	53.8265182216281
Bhathia_01	R134a	283.0	303.0	50000.0	3367.536157673288	53.628805602083155
Bhathia_01	R134a	283.0	303.0	50000.0	3485.667179358007	53.42705094397794
Bhathia_01	R134a	283.0	303.0	50000.0	3607.9421619776303	53.22193653737704
Bhathia_01	R134a	283.0	303.0	50000.0	3734.506473040075	53.013251174111474
Bhathia_01	R134a	283.0	303.0	50000.0	3865.5105794527676	52.80079293211966
Bhathia_01	R134a	283.0	303.0	50000.0	4001.1102264063275	52.58517069884457
Bhathia_01	R134a	283.0	303.0	50000.0	4141.466622533378	52.365841470168704
Bhathia_01	R134a	283.0	303.0	50000.0	4286.746631562607	52.14243684311712
Bhathia_01	R134a	283.0	303.0	50000.0	4437.122970695934	51.914953897714895
Bhathia_01	R134a	283.0	303.0	50000.0	4592.774415944617	51.68318805941372
Bhathia_01	R134a	283.0	303.0	50000.0	4753.8860146684265	51.44753126531777
Bhathia_01	R134a	283.0	303.0	50000.0	4920.649305570547	51.20832124978695
Bhathia_01	R134a	283.0	303.0	50000.0	5093.26254640977	50.965145085586975
Bhathia_01	R134a	283.0	303.0	50000.0	5271.9309497006825	50.717586217218845
Bhathia_01	R134a	283.0	303.0	50000.0	5456.8669266820625	50.4656686127842
Bhathia_01	R134a	283.0	303.0	50000.0	5648.290339843539	50.20930127165022
Bhathia_01	R134a	283.0	303.0	50000.0	5846.4287643107255	49.94873343114875
Bhathia_01	R134a	283.0	303.0	50000.0	6051.517758399548	49.683776694026605
Bhathia_01	R134a	283.0	303.0	50000.0	6263.801143661515	49.414894281357164
Bhathia_01	R134a	283.0	303.0	50000.0	6483.531294752719	49.14127794107538
Bhathia_01	R134a	283.0	303.0	50000.0	6710.9694394713115	48.86270177156027
Bhathia_01	R134a	283.0	303.0	50000.0	6946.385969320071	48.57997949292085
Bhathia_01	R134a	283.0	303.0	50000.0	7190.06076096333	48.29236679486843
Bhathia_01	R134a	283.0	303.0	50000.0	7442.283508960394	47.99980193760645
Bhathia_01	R134a	283.0	303.0	50000.0	7703.354070171016	47.70249448187476
Bhathia_01	R134a	283.0	303.0	50000.0	7973.582820242459	47.400553664087596
Bhathia_01	R134a	283.0	303.0	50000.0	8253.291022601827	47.093518384814516
Bhathia_01	R134a	283.0	303.0	50000.0	8542.811210392447	46.78188186040336
Bhathia_01	R134a	283.0	303.0	50000.0	8842.487581808335	46.464985272002494
Bhathia_01	R134a	283.0	303.0	50000.0	9152.676409296731	46.142736916442004
Bhathia_01	R134a	283.0	303.0	50000.0	9473.746463115214	45.81489946766515
Bhathia_01	R134a	283.0	303.0	50000.0	9806.07944974691	45.4817844014864
Bhathia_01	R134a	283.0	303.0	50000.0	10150.070465695051	45.143193999724595
Bhathia_01	R134a	283.0	303.0	50000.0	10506.128467196331	44.79958116751296
Bhathia_01	R134a	283.0	303.0	50000.0	10874.676756411529	44.45011298791258
Bhathia_01	R134a	283.0	303.0	50000.0	11256.153484671382	44.09507979002558
Bhathia_01	R134a	283.0	303.0	50000.0	11651.012173375993	43.73381083958996
Bhathia_01	R134a	283.0	303.0	50000.0	12059.722253167078	43.366650661068945
Bhathia_01	R134a	283.0	303.0	50000.0	12482.769622014002	42.994428467530575
Bhathia_01	R134a	283.0	303.0	50000.0	12920.657222877158	42.61594540395893
Bhathia_01	R134a	283.0	303.0	50000.0	13373.905641635398	42.231447754178475
Bhathia_01	R134a	283.0	303.0	50000.0	13843.053725988231	41.84066714238416
Bhathia_01	R134a	283.0	303.0	50000.0	14328.65922606916	41.4435044181637
Bhathia_01	R134a	283.0	303.0	50000.0	14831.299457530586	41.040385130413085
Bhathia_01	R134a	283.0	303.0	50000.0	15351.571987890213	40.63071086477584
Bhathia_01	R134a	283.0	303.0	50000.0	15890.095346953078	40.21459396948407
Bhathia_01	R134a	283.0	303.0	50000.0	16447.509762155743	39.79148315043105
Bhathia_01	R134a	283.0	303.0	50000.0	17024.47791970484	39.36150954521796
Bhathia_01	R134a	283.0	303.0	50000.0	17621.68575241697	38.92456379368339
Bhathia_01	R134a	283.0	303.0	50000.0	18239.84325519438	38.48186384127829
Bhathia_01	R134a	283.0	303.0	50000.0	18879.685329108175	38.031928245234894
Bhathia_01	R134a	283.0	303.0	50000.0	19541.972655090256	37.57481771868272
Bhathia_01	R134a	283.0	303.0	50000.0	20227.49259827501	37.11023420072516
Bhathia_01	R134a	283.0	303.0	50000.0	20937.060144063526	36.63787344494634
Bhathia_01	R134a	283.0	303.0	50000.0	21671.518867025392	36.15816187199302
Bhathia_01	R134a	283.0	303.0	50000.0	22431.741933788304	35.671945505309715
Bhathia_01	R134a	283.0	303.0	50000.0	23218.633141108625	35.177246398275244
Bhathia_01	R134a	283.0	303.0	50000.0	24033.127990356785	34.67506800482464
Bhathia_01	R134a	283.0	303.0	50000.0	24876.194799694935	34.164736403794336
Bhathia_01	R134a	283.0	303.0	50000.0	25748.835855269062	33.64616458716513
Bhathia_01	R134a	283.0	303.0	50000.0	26652.088602784228	33.12059108239643
Bhathia_01	R134a	283.0	303.0	50000.0	27587.026880879475	32.58647997188846
Bhathia_01	R134a	283.0	303.0	50000.0	28554.762197768767	32.04375361582762
Bhathia_01	R134a	283.0	303.0	50000.0	29556.445052665636	31.491824014306967
Bhathia_01	R134a	283.0	303.0	50000.0	30593.266303562625	30.931115742818502
Bhathia_01	R134a	283.0	303.0	50000.0	31666.458582991498	30.36206277860183
Bhathia_01	R134a	283.0	303.0	50000.0	32777.29776344747	29.784970189684426
Bhathia_01	R134a	283.0	303.0	50000.0	33927.104474219595	29.199151112146644
Bhathia_01	R134a	283.0	303.0	50000.0	35117.24567143027	28.603832898604473
Bhathia_01	R134a	283.0	303.0	50000.0	36349.13626315173	27.999160608209614
Bhathia_01	R134a	283.0	303.0	50000.0	37624.240791528864	27.38486807161325
Bhathia_01	R134a	283.0	303.0	50000.0	38944.07517391196	26.761865803613897
Bhathia_01	R134a	283.0	303.0	50000.0	40310.20850506498	26.129060964845095
Bhathia_01	R134a	283.0	303.0	50000.0	41724.264922596594	25.486497510481986
Bhathia_01	R134a	283.0	303.0	50000.0	43187.92553782676	24.833899220747398
Bhathia_01	R134a	283.0	303.0	50000.0	44702.93043438957	24.171461793989234
Bhathia_01	R134a	283.0	303.0	50000.0	46271.08073694302	23.4996135513316
Bhathia_01	R134a	283.0	303.0	50000.0	47894.24075245067	22.81887795853716
Bhathia_01	R134a	283.0	303.0	50000.0	49574.34018657513	22.127723428616637
Bhathia_01	R134a	283.0	303.0	50000.0	51313.376437824336	21.426153069751507
Bhathia_01	R134a	283.0	303.0	50000.0	53113.41697217184	20.713794168904375
Bhathia_01	R134a	283.0	303.0	50000.0	54976.60178098003	19.990452167802403
Bhathia_01	R134a	283.0	303.0	50000.0	56905.14592514396	19.257904543889776
Bhathia_01	R134a	283.0	303.0	50000.0	58901.34216848284	18.515492251721422
Bhathia_01	R134a	283.0	303.0	50000.0	60967.5637035091	17.763113671894537
Bhathia_01	R134a	283.0	303.0	50000.0	63106.2669728156	17.0004826457416
Bhathia_01	R134a	283.0	303.0	50000.0	65319.99458943548	16.227671543973443
Bhathia_01	R134a	283.0	303.0	50000.0	67611.3783596462	15.445095580483196
Bhathia_01	R134a	283.0	303.0	50000.0	69983.14241181171	14.653600014915177
Bhathia_01	R134a	283.0	303.0	50000.0	72438.10643498244	13.8515567100275
Bhathia_01	R134a	283.0	303.0	50000.0	74979.18903110319	13.038828862479567
Bhathia_01	R134a	283.0	303.0	50000.0	77609.41118481442	12.215947437965578
Bhathia_01	R134a	283.0	303.0	50000.0	80331.89985497203	11.383435632030059
Bhathia_01	R134a	283.0	303.0	50000.0	83149.89169215517	10.543704271971912
Bhathia_01	R134a	283.0	303.0	50000.0	86066.7368865822	9.69569972073846
Bhathia_01	R134a	283.0	303.0	50000.0	89085.903151008	8.838830039246238
Bhathia_01	R32	283.0	303.0	50000.0	100.0	7.731892483832741
Bhathia_01	R32	283.0	303.0	50000.0	103.5079362523115	7.731892483832741
Bhathia_01	R32	283.0	303.0	50000.0	107.13892867212581	7.731892483832741
Bhathia_01	R32	283.0	303.0	50000.0	110.89729399135348	7.731892483832741
Bhathia_01	R32	283.0	303.0	50000.0	114.78750037010863	7.731892483832741
Bhathia_01	R32	283.0	303.0	50000.0	118.81417270871387	7.731892483832741
Bhathia_01	R32	283.0	303.0	50000.0	122.98209814604685	7.731892483832741
Bhathia_01	R32	283.0	303.0	50000.0	127.29623175076546	7.731892483832741
Bhathia_01	R32	283.0	303.0	50000.0	131.76170241217702	7.731892483832741
Bhathia_01	R32	283.0	303.0	50000.0	136.3838189377566	7.731892483832741
Bhathia_01	R32	283.0	303.0	50000.0	141.16807636456102	7.731892483832741
Bhathia_01	R32	283.0	303.0	50000.0	146.12016249204424	7.731892483832741
Bhathia_01	R32	283.0	303.0	50000.0	151.24596464403913	7.731892483832741
Bhathia_01	R32	283.0	303.0	50000.0	156.55157666794562	7.731892483832741
Bhathia_01	R32	283.0	303.0	50000.0	162.04330617944572	7.731892483832741
Bhathia_01	R32	283.0	303.0	50000.0	167.72768206135862	7.731892483832741
Bhathia_01	R32	283.0	303.0	50000.0	173.6114622255508	7.731892483832741
Bhathia_01	R32	283.0	303.0	50000.0	179.70164164712898	7.731892483832741
Bhathia_01	R32	283.0	303.0	50000.0	186.00546068046754	7.731892483832741
Bhathia_01	R32	283.0	303.0	50000.0	192.53041366695666	7.731892483832741
Bhathia_01	R32	283.0	303.0	50000.0	199.28425784470534	7.731892483832741
Bhathia_01	R32	283.0	303.0	50000.0	206.27502257078967	7.731892483832741
Bhathia_01	R32	283.0	303.0	50000.0	213.51101886701414	7.731892483832741
Bhathia_01	R32	283.0	303.0	50000.0	221.00084930052978	7.731892483832741
Bhathia_01	R32	283.0	303.0	50000.0	228.7534182110594	7.731892483832741
Bhathia_01	R32	283.0	303.0	50000.0	236.77794229688686	7.731892483832741
Bhathia_01	R32	283.0	303.0	50000.0	245.08396157219659	7.731892483832741
Bhathia_01	R32	283.0	303.0	50000.0	253.68135070878884	7.731892483832741
Bhathia_01	R32	283.0	303.0	50000.0	262.58033077565597	7.730661612151839
Bhathia_01	R32	283.0	303.0	50000.0	271.7914813903746	7.72870451042145
Bhathia_01	R32	283.0	303.0	50000.0	281.32575329676206	7.726680251742672
Bhathia_01	R32	283.0	303.0	50000.0	291.1944813837476	7.724586420841537
Bhathia_01	R32	283.0	303.0	50000.0	301.4093981609385	7.722420678096023
Bhathia_01	R32	283.0	303.0	50000.0	311.9826477069	7.720180585813967
Bhathia_01	R32	283.0	303.0	50000.0	322.92680010673166	7.717863676486712
Bhathia_01	R32	283.0	303.0	50000.0	334.2548663961052	7.715467485047821
Bhathia_01	R32	283.0	303.0	50000.0	345.9803140295299	7.712989250037956
Bhathia_01	R32	283.0	303.0	50000.0	358.11708289123294	7.710426174378161
Bhathia_01	R32	283.0	303.0	50000.0	370.67960186769494	7.707775419699053
Bhathia_01	R32	283.0	303.0	50000.0	383.6828060015357	7.70503404456524
Bhathia_01	R32	283.0	303.0	50000.0	397.1421542471496	7.702199060664104
Bhathia_01	R32	283.0	303.0	50000.0	411.0736478491962	7.699267543900464
Bhathia_01	R32	283.0	303.0	50000.0	425.49384936579753	7.696236011314289
Bhathia_01	R32	283.0	303.0	50000.0	440.41990235905604	7.6931011613487925
Bhathia_01	R32	283.0	303.0	50000.0	455.86955177630426	7.689859535658327
Bhathia_01	R32	283.0	303.0	50000.0	471.8611650463152	7.686507563140857
Bhathia_01	R32	283.0	303.0	50000.0	488.41375391555476	7.683041948541444
Bhathia_01	R32	283.0	303.0	50000.0	505.546997050434	7.679458699759926
Bhathia_01	R32	283.0	303.0	50000.0	523.2812634324383	7.675783037143162
Bhathia_01	R32	283.0	303.0	50000.0	541.6376365739385	7.672083754941726
Bhathia_01	R32	283.0	303.0	50000.0	560.6379395834789	7.668259075240049
Bhathia_01	R32	283.0	303.0	50000.0	580.30476111034	7.664304931891776
Bhathia_01	R32	283.0	303.0	50000.0	600.6614821992193	7.660217447579847
Bhathia_01	R32	283.0	303.0	50000.0	621.7323040869574	7.6559918030310525
Bhathia_01	R32	283.0	303.0	50000.0	643.5422769743552	7.651623473961083
Bhathia_01	R32	283.0	303.0	50000.0	666.1173298072896	7.64710778186996
Bhathia_01	R32	283.0	303.0	50000.0	689.4843011025289	7.642439900702877
Bhathia_01	R32	283.0	303.0	50000.0	713.670970854901	7.637615349995245
Bhathia_01	R32	283.0	303.0	50000.0	738.7060935637436	7.63262886341807
Bhathia_01	R32	283.0	303.0	50000.0	764.6194324179003	7.627474893130477
Bhathia_01	R32	283.0	303.0	50000.0	791.4417946799063	7.622148026419892
Bhathia_01	R32	283.0	303.0	50000.0	819.2050683114275	7.616642652980567
Bhathia_01	R32	283.0	303.0	50000.0	847.9422598834972	7.610953185030562
Bhathia_01	R32	283.0	303.0	50000.0	877.6875338166207	7.605091849125902
Bhathia_01	R32	283.0	303.0	50000.0	908.4762529973926	7.599039496946867
Bhathia_01	R32	283.0	303.0	50000.0	940.3450208199293	7.5927853664740415
Bhathia_01	R32	283.0	303.0	50000.0	973.3317247020778	7.586323014639056
Bhathia_01	R32	283.0	303.0	50000.0	1007.4755811281508	7.579645794269913
Bhathia_01	R32	283.0	303.0	50000.0	1042.817182271731	7.572747698612715
Bhathia_01	R32	283.0	303.0	50000.0	1079.3985442539745	7.565621434062646
Bhathia_01	R32	283.0	303.0	50000.0	1117.2631570947824	7.558259299115726
Bhathia_01	R32	283.0	303.0	50000.0	1156.4560364162314	7.550653805021819
Bhathia_01	R32	283.0	303.0	50000.0	1197.023776959721	7.542797612415795
Bhathia_01	R32	283.0	303.0	50000.0	1239.0146079804795	7.534683448049481
Bhathia_01	R32	283.0	303.0	50000.0	1282.478450585262	7.526304027188566
Bhathia_01	R32	283.0	303.0	50000.0	1327.4669770814253	7.517654958339904
Bhathia_01	R32	283.0	303.0	50000.0	1374.0336724079282	7.5087245605055974
Bhathia_01	R32	283.0	303.0	50000.0	1422.2338977212928	7.499501889817376
Bhathia_01	R32	283.0	303.0	50000.0	1472.124956212121	7.489977940530412
Bhathia_01	R32	283.0	303.0	50000.0	1523.766161230411	7.480144888297592
Bhathia_01	R32	283.0	303.0	50000.0	1577.2189068006678	7.469992900754551
Bhathia_01	R32	283.0	303.0	50000.0	1632.5467406106395	7.459511201683882
Bhathia_01	R32	283.0	303.0	50000.0	1689.81543956045	7.448689708363077
Bhathia_01	R32	283.0	303.0	50000.0	1749.093087961948	7.437656813556884
Bhathia_01	R32	283.0	303.0	50000.0	1810.45015848124	7.4265406479034715
Bhathia_01	R32	283.0	303.0	50000.0	1873.9595959206342	7.415068632612619
Bhathia_01	R32	283.0	303.0	50000.0	1939.6969039396042	7.4032310058923
Bhathia_01	R32	283.0	303.0	50000.0	2007.7402348178655	7.391015586601904
Bhathia_01	R32	283.0	303.0	50000.0	2078.1704823672853	7.378408390388957
Bhathia_01	R32	283.0	303.0	50000.0	2151.0713781030845	7.365397764495678
Bhathia_01	R32	283.0	303.0	50000.0	2226.529590788659	7.351974238988244
Bhathia_01	R32	283.0	303.0	50000.0	2304.63482947238	7.338178344449436
Bhathia_01	R32	283.0	303.0	50000.0	2385.479950138839	7.323945607748049
Bhathia_01	R32	283.0	303.0	50000.0	2469.161066101381	7.309261715168209
Bhathia_01	R32	283.0	303.0	50000.0	2555.7776622671126	7.294114189210199
Bhathia_01	R32	283.0	303.0	50000.0	2645.43271341026	7.278489664730518
Bhathia_01	R32	283.0	303.0	50000.0	2738.2328065944866	7.262379137104426
Bhathia_01	R32	283.0	303.0	50000.0	2834.2882678897013	7.245763443540305
Bhathia_01	R32	283.0	303.0	50000.0	2933.7132935340187	7.228636215123333
Bhathia_01	R32	283.0	303.0	50000.0	3036.6260856967806	7.211627722683507
Bhathia_01	R32	283.0	303.0	50000.0	3143.1489930040857	7.194115342728188
Bhathia_01	R32	283.0	303.0	50000.0	3253.4086559938396	7.1760616268848425
Bhathia_01	R32	283.0	303.0	50000.0	3367.536157673288	7.157450957750377
Bhathia_01	R32	283.0	303.0	50000.0	3485.667179358007	7.138264363467043
Bhathia_01	R32	283.0	303.0	50000.0	3607.9421619776303	7.118493231123293
Bhathia_01	R32	283.0	303.0	50000.0	3734.506473040075	7.098190868494906
Bhathia_01	R32	283.0	303.0	50000.0	3865.5105794527676	7.077273823092007
Bhathia_01	R32	283.0	303.0	50000.0	4001.1102264063275	7.055730301690492
Bhathia_01	R32	283.0	303.0	50000.0	4141.466622533378	7.0335583503597725
Bhathia_01	R32	283.0	303.0	50000.0	4286.746631562607	7.01160213724696
Bhathia_01	R32	283.0	303.0	50000.0	4437.122970695934	6.988977540958497
Bhathia_01	R32	283.0	303.0	50000.0	4592.774415944617	6.9656868166080095
Bhathia_01	R32	283.0	303.0	50000.0	4753.8860146684265	6.941700059099342
Bhathia_01	R32	283.0	303.0	50000.0	4920.649305570547	6.91699564010603
Bhathia_01	R32	283.0	303.0	50000.0	5093.26254640977	6.89164255357617
Bhathia_01	R32	283.0	303.0	50000.0	5271.9309497006825	6.865548031067252
Bhathia_01	R32	283.0	303.0	50000.0	5456.8669266820625	6.839504966763442
Bhathia_01	R32	283.0	303.0	50000.0	5648.290339843539	6.8129962468163745
Bhathia_01	R32	283.0	303.0	50000.0	5846.4287643107255	6.785722370848141
Bhathia_01	R32	283.0	303.0	50000.0	6051.517758399548	6.757642443868173
Bhathia_01	R32	283.0	303.0	50000.0	6263.801143661515	6.728751528667544
Bhathia_01	R32	283.0	303.0	50000.0	6483.531294752719	6.699133821410138
Bhathia_01	R32	283.0	303.0	50000.0	6710.9694394713115	6.669317035071381
Bhathia_01	R32	283.0	303.0	50000.0	6946.385969320071	6.6386403981217805
Bhathia_01	R32	283.0	303.0	50000.0	7190.06076096333	6.607070448006417
Bhathia_01	R32	283.0	303.0	50000.0	7442.283508960394	6.574576269483758
Bhathia_01	R32	283.0	303.0	50000.0	7703.354070171016	6.5412514785745435
Bhathia_01	R32	283.0	303.0	50000.0	7973.582820242459	6.507050086755852
Bhathia_01	R32	283.0	303.0	50000.0	8253.291022601827	6.471850323648
Bhathia_01	R32	283.0	303.0	50000.0	8542.811210392447	6.43564988157182
Bhathia_01	R32	283.0	303.0	50000.0	8842.487581808335	6.398401591307302
Bhathia_01	R32	283.0	303.0	50000.0	9152.676409296731	6.3602777302777955
Bhathia_01	R32	283.0	303.0	50000.0	9473.746463115214	6.321110392711191
Bhathia_01	R32	283.0	303.0	50000.0	9806.07944974691	6.280818758549156
Bhathia_01	R32	283.0	303.0	50000.0	10150.070465695051	6.239419544300961
Bhathia_01	R32	283.0	303.0	50000.0	10506.128467196331	6.197047932675654
Bhathia_01	R32	283.0	303.0	50000.0	10874.676756411529	6.153512708928387
Bhathia_01	R32	283.0	303.0	50000.0	11256.153484671382	6.108770782746145
Bhathia_01	R32	283.0	303.0	50000.0	11651.012173375993	6.062951955729269
Bhathia_01	R32	283.0	303.0	50000.0	12059.722253167078	6.015908962298129
Bhathia_01	R32	283.0	303.0	50000.0	12482.769622014002	5.967597091493626
Bhathia_01	R32	283.0	303.0	50000.0	12920.657222877158	5.918202356233494
Bhathia_01	R32	283.0	303.0	50000.0	13373.905641635398	5.867463300258847
Bhathia_01	R32	283.0	303.0	50000.0	13843.053725988231	5.81538867868412
Bhathia_01	R32	283.0	303.0	50000.0	14328.65922606916	5.761964135944534
Bhathia_01	R32	283.0	303.0	50000.0	14831.299457530586	5.707135638200916
Bhathia_01	R32	283.0	303.0	50000.0	15351.571987890213	5.65083889253544
Bhathia_01	R32	283.0	303.0	50000.0	15890.095346953078	5.593023876912027
Bhathia_01	R32	283.0	303.0	50000.0	16447.509762155743	5.533685259391524
Bhathia_01	R32	283.0	303.0	50000.0	17024.47791970484	5.4727143791039605
Bhathia_01	R32	283.0	303.0	50000.0	17621.68575241697	5.410188241881085
Bhathia_01	R32	283.0	303.0	50000.0	18239.84325519438	5.346015396524402
Bhathia_01	R32	283.0	303.0	50000.0	18879.685329108175	5.280193928911744
Bhathia_01	R32	283.0	303.0	50000.0	19541.972655090256	5.212618674540539
Bhathia_01	R32	283.0	303.0	50000.0	20227.49259827501	5.143304944539525
Bhathia_01	R32	283.0	303.0	50000.0	20937.060144063526	5.072188585657098
Bhathia_01	R32	283.0	303.0	50000.0	21671.518867025392	4.99925042979149
Bhathia_01	R32	283.0	303.0	50000.0	22431.741933788304	4.924450037982451
Bhathia_01	R32	283.0	303.0	50000.0	23218.633141108625	4.847687282045944
Bhathia_01	R32	283.0	303.0	50000.0	24033.127990356785	4.768894214533717
Bhathia_01	R32	283.0	303.0	50000.0	24876.194799694935	4.688028220247277
Bhathia_01	R32	283.0	303.0	50000.0	25748.835855269062	4.60505800030029
Bhathia_01	R32	283.0	303.0	50000.0	26652.088602784228	4.520001336340847
Bhathia_01	R32	283.0	303.0	50000.0	27587.026880879475	4.4327483237384
Bhathia_01	R32	283.0	303.0	50000.0	28554.762197768767	4.34323632667176
Bhathia_01	R32	283.0	303.0	50000.0	29556.445052665636	4.251432121641313
Bhathia_01	R32	283.0	303.0	50000.0	30593.266303562625	4.157258161914264
Bhathia_01	R32	283.0	303.0	50000.0	31666.458582991498	4.060668908923811
Bhathia_01	R32	283.0	303.0	50000.0	32777.29776344747	3.9616047894161923
Bhathia_01	R32	283.0	303.0	50000.0	33927.104474219595	3.859962553013472
Bhathia_01	R32	283.0	303.0	50000.0	35117.24567143027	3.7556766089754468
Bhathia_01	R32	283.0	303.0	50000.0	36349.13626315173	3.648688592386324
Bhathia_01	R32	283.0	303.0	50000.0	37624.240791528864	3.5389464484040047
Bhathia_01	R32	283.0	303.0	50000.0	38944.07517391196	3.426477099085211
Bhathia_01	R32	283.0	303.0	50000.0	40310.20850506498	3.311151227726509
Bhathia_01	R32	283.0	303.0	50000.0	41724.264922596594	3.1928876609612513
Bhathia_01	R32	283.0	303.0	50000.0	43187.92553782676	3.0716271026635082
Bhathia_01	R32	283.0	303.0	50000.0	44702.93043438957	2.9473068036030323
Bhathia_01	R32	283.0	303.0	50000.0	46271.08073694302	2.8199107240484684
Bhathia_01	R32	283.0	303.0	50000.0	47894.24075245067	2.6894288921524563
Bhathia_01	R32	283.0	303.0	50000.0	49574.34018657513	2.555703587663531
Bhathia_01	R32	283.0	303.0	50000.0	51313.376437824336	2.418631114706511
Bhathia_01	R32	283.0	303.0	50000.0	53113.41697217184	2.278137317871759
Bhathia_01	R32	283.0	303.0	50000.0	54976.60178098003	2.1341526957881323
Bhathia_01	R32	283.0	303.0	50000.0	56905.14592514396	1.9867553195801897
Bhathia_01	R32	283.0	303.0	50000.0	58901.34216848284	1.8357809964929312
Bhathia_01	R32	283.0	303.0	50000.0	60967.5637035091	1.6811086894522886
Bhathia_01	R32	283.0	303.0	50000.0	63106.2669728156	1.5226384994773046
Bhathia_01	R32	283.0	303.0	50000.0	65319.99458943548	1.360305980257258
Bhathia_01	R32	283.0	303.0	50000.0	67611.3783596462	1.194109517823997
Bhathia_01	R32	283.0	303.0	50000.0	69983.14241181171	1.0240796321642134
Bhathia_01	R32	283.0	303.0	50000.0	72438.10643498244	0.8500819692240651
Bhathia_01	R32	283.0	303.0	50000.0	74979.18903110319	0.6720925713030322
Bhathia_01	R32	283.0	303.0	50000.0	77609.41118481442	0.49006253883762746
Bhathia_01	R32	283.0	303.0	50000.0	80331.89985497203	0.30394570204321436
Bhathia_01	R32	283.0	303.0	50000.0	83149.89169215517	0.11385370411334331
Bhathia_01	R32	283.0	303.0	50000.0	86066.7368865822	0.08045519533666527
Bhathia_01	R32	283.0	303.0	50000.0	89085.903151008	0.2790793203618669
