framework	molecule	T_ads_K	T_des_K	P_ads_Pa	P_des_Pa	SD
Bhathia_01	R407F	283.0	283.0	50000.0	100.0	101.21977253631056
Bhathia_01	R407F	283.0	283.0	50000.0	103.5079362523115	101.21977253631056
Bhathia_01	R407F	283.0	283.0	50000.0	107.13892867212581	101.21977253631056
Bhathia_01	R407F	283.0	283.0	50000.0	110.89729399135348	101.21977253631056
Bhathia_01	R407F	283.0	283.0	50000.0	114.78750037010863	101.21977253631056
Bhathia_01	R407F	283.0	283.0	50000.0	118.81417270871387	101.21977253631056
Bhathia_01	R407F	283.0	283.0	50000.0	122.98209814604685	101.21977253631056
Bhathia_01	R407F	283.0	283.0	50000.0	127.29623175076546	101.21977253631056
Bhathia_01	R407F	283.0	283.0	50000.0	131.76170241217702	101.1923265624228
Bhathia_01	R407F	283.0	283.0	50000.0	136.3838189377566	101.10494487627314
Bhathia_01	R407F	283.0	283.0	50000.0	141.16807636456102	101.01452291255654
Bhathia_01	R407F	283.0	283.0	50000.0	146.12016249204424	100.92095580616844
Bhathia_01	R407F	283.0	283.0	50000.0	151.24596464403913	100.82420741413044
Bhathia_01	R407F	283.0	283.0	50000.0	156.55157666794562	100.72448421731796
Bhathia_01	R407F	283.0	283.0	50000.0	162.04330617944572	100.62131215892335
Bhathia_01	R407F	283.0	283.0	50000.0	167.72768206135862	100.51455787643478
Bhathia_01	R407F	283.0	283.0	50000.0	173.6114622255508	100.40409562473302
Bhathia_01	R407F	283.0	283.0	50000.0	179.70164164712898	100.29655474296956
Bhathia_01	R407F	283.0	283.0	50000.0	186.00546068046754	100.192268561131
Bhathia_01	R407F	283.0	283.0	50000.0	192.53041366695666	100.0843627248838
Bhathia_01	R407F	283.0	283.0	50000.0	199.28425784470534	99.97289285181992
Bhathia_01	R407F	283.0	283.0	50000.0	206.27502257078967	99.85757352582985
Bhathia_01	R407F	283.0	283.0	50000.0	213.51101886701414	99.73826224774758
Bhathia_01	R407F	283.0	283.0	50000.0	221.00084930052978	99.61486880181585
Bhathia_01	R407F	283.0	283.0	50000.0	228.7534182110594	99.48730233960089
Bhathia_01	R407F	283.0	283.0	50000.0	236.77794229688686	99.3554094888943
Bhathia_01	R407F	283.0	283.0	50000.0	245.08396157219659	99.22890772975063
Bhathia_01	R407F	283.0	283.0	50000.0	253.68135070878884	99.10352743520187
Bhathia_01	R407F	283.0	283.0	50000.0	262.58033077565597	98.97380960867527
Bhathia_01	R407F	283.0	283.0	50000.0	271.7914813903746	98.83961994108685
Bhathia_01	R407F	283.0	283.0	50000.0	281.32575329676206	98.70116700829213
Bhathia_01	R407F	283.0	283.0	50000.0	291.1944813837476	98.5581673843668
Bhathia_01	R407F	283.0	283.0	50000.0	301.4093981609385	98.4102174583134
Bhathia_01	R407F	283.0	283.0	50000.0	311.9826477069	98.25714829077482
Bhathia_01	R407F	283.0	283.0	50000.0	322.92680010673166	98.09878535264438
Bhathia_01	R407F	283.0	283.0	50000.0	334.2548663961052	97.95183456067848
Bhathia_01	R407F	283.0	283.0	50000.0	345.9803140295299	97.80315290834643
Bhathia_01	R407F	283.0	283.0	50000.0	358.11708289123294	97.6493462509965
Bhathia_01	R407F	283.0	283.0	50000.0	370.67960186769494	97.49022220240799
Bhathia_01	R407F	283.0	283.0	50000.0	383.6828060015357	97.32583682229834
Bhathia_01	R407F	283.0	283.0	50000.0	397.1421542471496	97.156041943588
Bhathia_01	R407F	283.0	283.0	50000.0	411.0736478491962	96.98046276654667
Bhathia_01	R407F	283.0	283.0	50000.0	425.49384936579753	96.79853224093091
Bhathia_01	R407F	283.0	283.0	50000.0	440.41990235905604	96.6103200344686
Bhathia_01	R407F	283.0	283.0	50000.0	455.86955177630426	96.43882118954713
Bhathia_01	R407F	283.0	283.0	50000.0	471.8611650463152	96.26141135579304
Bhathia_01	R407F	283.0	283.0	50000.0	488.41375391555476	96.07796945534373
Bhathia_01	R407F	283.0	283.0	50000.0	505.546997050434	95.88878956236083
Bhathia_01	R407F	283.0	283.0	50000.0	523.2812634324383	95.69322855368732
Bhathia_01	R407F	283.0	283.0	50000.0	541.6376365739385	95.4910992947639
Bhathia_01	R407F	283.0	283.0	50000.0	560.6379395834789	95.28297370068597
Bhathia_01	R407F	283.0	283.0	50000.0	580.30476111034	95.06768028605647
Bhathia_01	R407F	283.0	283.0	50000.0	600.6614821992193	94.85032042787509
Bhathia_01	R407F	283.0	283.0	50000.0	621.7323040869574	94.64799461665704
Bhathia_01	R407F	283.0	283.0	50000.0	643.5422769743552	94.43869827320954
Bhathia_01	R407F	283.0	283.0	50000.0	666.1173298072896	94.22255884681206
Bhathia_01	R407F	283.0	283.0	50000.0	689.4843011025289	93.99904003844499
Bhathia_01	R407F	283.0	283.0	50000.0	713.670970854901	93.76828204682658
Bhathia_01	R407F	283.0	283.0	50000.0	738.7060935637436	93.5297831778726
Bhathia_01	R407F	283.0	283.0	50000.0	764.6194324179003	93.28395533637321
Bhathia_01	R407F	283.0	283.0	50000.0	791.4417946799063	93.03012845517658
Bhathia_01	R407F	283.0	283.0	50000.0	819.2050683114275	92.77986135742574
Bhathia_01	R407F	283.0	283.0	50000.0	847.9422598834972	92.5419715334204
Bhathia_01	R407F	283.0	283.0	50000.0	877.6875338166207	92.29612831606272
Bhathia_01	R407F	283.0	283.0	50000.0	908.4762529973926	92.0420156542657
Bhathia_01	R407F	283.0	283.0	50000.0	940.3450208199293	91.7793538797925
Bhathia_01	R407F	283.0	283.0	50000.0	973.3317247020778	91.50816285956455
Bhathia_01	R407F	283.0	283.0	50000.0	1007.4755811281508	91.22822573953603
Bhathia_01	R407F	283.0	283.0	50000.0	1042.817182271731	90.93961637938645
Bhathia_01	R407F	283.0	283.0	50000.0	1079.3985442539745	90.64251153023153
Bhathia_01	R407F	283.0	283.0	50000.0	1117.2631570947824	90.35543882841368
Bhathia_01	R407F	283.0	283.0	50000.0	1156.4560364162314	90.07655478997451
Bhathia_01	R407F	283.0	283.0	50000.0	1197.023776959721	89.78827512491289
Bhathia_01	R407F	283.0	283.0	50000.0	1239.0146079804795	89.49042552097468
Bhathia_01	R407F	283.0	283.0	50000.0	1282.478450585262	89.18289044996173
Bhathia_01	R407F	283.0	283.0	50000.0	1327.4669770814253	88.86581700047834
Bhathia_01	R407F	283.0	283.0	50000.0	1374.0336724079282	88.53976582946544
Bhathia_01	R407F	283.0	283.0	50000.0	1422.2338977212928	88.20303800453982
Bhathia_01	R407F	283.0	283.0	50000.0	1472.124956212121	87.85488247062514
Bhathia_01	R407F	283.0	283.0	50000.0	1523.766161230411	87.52555470070968
Bhathia_01	R407F	283.0	283.0	50000.0	1577.2189068006678	87.1987262623014
Bhathia_01	R407F	283.0	283.0	50000.0	1632.5467406106395	86.86170433772564
Bhathia_01	R407F	283.0	283.0	50000.0	1689.81543956045	86.5154674338994
Bhathia_01	R407F	283.0	283.0	50000.0	1749.093087961948	86.15766183584698
Bhathia_01	R407F	283.0	283.0	50000.0	1810.45015848124	85.78761312911068
Bhathia_01	R407F	283.0	283.0	50000.0	1873.9595959206342	85.40493443862151
Bhathia_01	R407F	283.0	283.0	50000.0	1939.6969039396042	85.00935017059754
Bhathia_01	R407F	283.0	283.0	50000.0	2007.7402348178655	84.60318739290005
Bhathia_01	R407F	283.0	283.0	50000.0	2078.1704823672853	84.22900658156145
Bhathia_01	R407F	283.0	283.0	50000.0	2151.0713781030845	83.84874367480319
Bhathia_01	R407F	283.0	283.0	50000.0	2226.529590788659	83.45544862874982
Bhathia_01	R407F	283.0	283.0	50000.0	2304.63482947238	83.04868621798303
Bhathia_01	R407F	283.0	283.0	50000.0	2385.479950138839	82.6293311898943
Bhathia_01	R407F	283.0	283.0	50000.0	2469.161066101381	82.19772554894166
Bhathia_01	R407F	283.0	283.0	50000.0	2555.7776622671126	81.75172427306283
Bhathia_01	R407F	283.0	283.0	50000.0	2645.43271341026	81.29058271717021
Bhathia_01	R407F	283.0	283.0	50000.0	2738.2328065944866	80.81672826551937
Bhathia_01	R407F	283.0	283.0	50000.0	2834.2882678897013	80.38619329106304
Bhathia_01	R407F	283.0	283.0	50000.0	2933.7132935340187	79.94162080874466
Bhathia_01	R407F	283.0	283.0	50000.0	3036.6260856967806	79.48211882524612
Bhathia_01	R407F	283.0	283.0	50000.0	3143.1489930040857	79.00721544539572
Bhathia_01	R407F	283.0	283.0	50000.0	3253.4086559938396	78.51746929250125
Bhathia_01	R407F	283.0	283.0	50000.0	3367.536157673288	78.01184046388641
Bhathia_01	R407F	283.0	283.0	50000.0	3485.667179358007	77.48938155412341
Bhathia_01	R407F	283.0	283.0	50000.0	3607.9421619776303	76.94985395871264
Bhathia_01	R407F	283.0	283.0	50000.0	3734.506473040075	76.40809184723636
Bhathia_01	R407F	283.0	283.0	50000.0	3865.5105794527676	75.90432353464651
Bhathia_01	R407F	283.0	283.0	50000.0	4001.1102264063275	75.38363200301322
Bhathia_01	R407F	283.0	283.0	50000.0	4141.466622533378	74.84614368500696
Bhathia_01	R407F	283.0	283.0	50000.0	4286.746631562607	74.29106344266519
Bhathia_01	R407F	283.0	283.0	50000.0	4437.122970695934	73.71749690884201
Bhathia_01	R407F	283.0	283.0	50000.0	4592.774415944617	73.12521065398279
Bhathia_01	R407F	283.0	283.0	50000.0	4753.8860146684265	72.51354963105872
Bhathia_01	R407F	283.0	283.0	50000.0	4920.649305570547	71.88157423718457
Bhathia_01	R407F	283.0	283.0	50000.0	5093.26254640977	71.26095015020987
Bhathia_01	R407F	283.0	283.0	50000.0	5271.9309497006825	70.67164971445405
Bhathia_01	R407F	283.0	283.0	50000.0	5456.8669266820625	70.06271593291856
Bhathia_01	R407F	283.0	283.0	50000.0	5648.290339843539	69.4336558766817
Bhathia_01	R407F	283.0	283.0	50000.0	5846.4287643107255	68.78376186236585
Bhathia_01	R407F	283.0	283.0	50000.0	6051.517758399548	68.1121633222555
Bhathia_01	R407F	283.0	283.0	50000.0	6263.801143661515	67.41841022759513
Bhathia_01	R407F	283.0	283.0	50000.0	6483.531294752719	66.70160226281611
Bhathia_01	R407F	283.0	283.0	50000.0	6710.9694394713115	65.96109777454967
Bhathia_01	R407F	283.0	283.0	50000.0	6946.385969320071	65.25151895799996
Bhathia_01	R407F	283.0	283.0	50000.0	7190.06076096333	64.5627961669705
Bhathia_01	R407F	283.0	283.0	50000.0	7442.283508960394	63.8511316653652
Bhathia_01	R407F	283.0	283.0	50000.0	7703.354070171016	63.11564489608624
Bhathia_01	R407F	283.0	283.0	50000.0	7973.582820242459	62.35559119471631
Bhathia_01	R407F	283.0	283.0	50000.0	8253.291022601827	61.57012874377454
Bhathia_01	R407F	283.0	283.0	50000.0	8542.811210392447	60.75831805175864
Bhathia_01	R407F	283.0	283.0	50000.0	8842.487581808335	59.91941113548353
Bhathia_01	R407F	283.0	283.0	50000.0	9152.676409296731	59.05246933583654
Bhathia_01	R407F	283.0	283.0	50000.0	9473.746463115214	58.2445527813354
Bhathia_01	R407F	283.0	283.0	50000.0	9806.07944974691	57.442376693207
Bhathia_01	R407F	283.0	283.0	50000.0	10150.070465695051	56.61329020055942
Bhathia_01	R407F	283.0	283.0	50000.0	10506.128467196331	55.756305643597976
Bhathia_01	R407F	283.0	283.0	50000.0	10874.676756411529	54.87024637002349
Bhathia_01	R407F	283.0	283.0	50000.0	11256.153484671382	53.95456363931797
Bhathia_01	R407F	283.0	283.0	50000.0	11651.012173375993	53.007943034630834
Bhathia_01	R407F	283.0	283.0	50000.0	12059.722253167078	52.02941000771982
Bhathia_01	R407F	283.0	283.0	50000.0	12482.769622014002	51.017850426513476
Bhathia_01	R407F	283.0	283.0	50000.0	12920.657222877158	50.1056365982685
Bhathia_01	R407F	283.0	283.0	50000.0	13373.905641635398	49.17717595767699
Bhathia_01	R407F	283.0	283.0	50000.0	13843.053725988231	48.2172060086785
Bhathia_01	R407F	283.0	283.0	50000.0	14328.65922606916	47.224610213970365
Bhathia_01	R407F	283.0	283.0	50000.0	14831.299457530586	46.198318648436235
Bhathia_01	R407F	283.0	283.0	50000.0	15351.571987890213	45.13719659866238
Bhathia_01	R407F	283.0	283.0	50000.0	15890.095346953078	44.04001469570504
Bhathia_01	R407F	283.0	283.0	50000.0	16447.509762155743	42.90554434050534
Bhathia_01	R407F	283.0	283.0	50000.0	17024.47791970484	41.74601455890006
Bhathia_01	R407F	283.0	283.0	50000.0	17621.68575241697	40.716967959211914
Bhathia_01	R407F	283.0	283.0	50000.0	18239.84325519438	39.65278800653877
Bhathia_01	R407F	283.0	283.0	50000.0	18879.685329108175	38.55227677938655
Bhathia_01	R407F	283.0	283.0	50000.0	19541.972655090256	37.41414005001981
Bhathia_01	R407F	283.0	283.0	50000.0	20227.49259827501	36.237108839058415
Bhathia_01	R407F	283.0	283.0	50000.0	20937.060144063526	35.01986793329444
Bhathia_01	R407F	283.0	283.0	50000.0	21671.518867025392	33.760991714224254
Bhathia_01	R407F	283.0	283.0	50000.0	22431.741933788304	32.45908299139678
Bhathia_01	R407F	283.0	283.0	50000.0	23218.633141108625	31.168438428147553
Bhathia_01	R407F	283.0	283.0	50000.0	24033.127990356785	30.006820659976338
Bhathia_01	R407F	283.0	283.0	50000.0	24876.194799694935	28.80532318715178
Bhathia_01	R407F	283.0	283.0	50000.0	25748.835855269062	27.562545230111397
Bhathia_01	R407F	283.0	283.0	50000.0	26652.088602784228	26.277046599413744
Bhathia_01	R407F	283.0	283.0	50000.0	27587.026880879475	24.947387390249165
Bhathia_01	R407F	283.0	283.0	50000.0	28554.762197768767	23.571973398509137
Bhathia_01	R407F	283.0	283.0	50000.0	29556.445052665636	22.1492351395308
Bhathia_01	R407F	283.0	283.0	50000.0	30593.266303562625	20.67754293596393
Bhathia_01	R407F	283.0	283.0	50000.0	31666.458582991498	19.274187140253602
Bhathia_01	R407F	283.0	283.0	50000.0	32777.29776344747	17.990399145640787
Bhathia_01	R407F	283.0	283.0	50000.0	33927.104474219595	16.66229446981193
Bhathia_01	R407F	283.0	283.0	50000.0	35117.24567143027	15.288360585165014
Bhathia_01	R407F	283.0	283.0	50000.0	36349.13626315173	13.866967765301093
Bhathia_01	R407F	283.0	283.0	50000.0	37624.240791528864	12.396451214527826
Bhathia_01	R407F	283.0	283.0	50000.0	38944.07517391196	10.8750897777275
Bhathia_01	R407F	283.0	283.0	50000.0	40310.20850506498	9.301053647492104
Bhathia_01	R407F	283.0	283.0	50000.0	41724.264922596594	7.672534772085139
Bhathia_01	R407F	283.0	283.0	50000.0	43187.92553782676	6.197127335190871
Bhathia_01	R407F	283.0	283.0	50000.0	44702.93043438957	4.8181085520620055
Bhathia_01	R407F	283.0	283.0	50000.0	46271.08073694302	3.3912171639058464
Bhathia_01	R407F	283.0	283.0	50000.0	47894.24075245067	1.914800022611579
Bhathia_01	R407F	283.0	283.0	50000.0	49574.34018657513	0.3870149212699701
Bhathia_01	R407F	283.0	283.0	50000.0	51313.376437824336	1.1939960333918804
Bhathia_01	R407F	283.0	283.0	50000.0	53113.41697217184	2.830204825805483
Bhathia_01	R407F	283.0	283.0	50000.0	54976.60178098003	4.523665898379225
Bhathia_01	R407F	283.0	283.0	50000.0	56905.14592514396	6.276417243255992
Bhathia_01	R407F	283.0	283.0	50000.0	58901.34216848284	7.760018965571652
Bhathia_01	R407F	283.0	283.0	50000.0	60967.5637035091	9.191140818171167
Bhathia_01	R407F	283.0	283.0	50000.0	63106.2669728156	10.672481613558404
Bhathia_01	R407F	283.0	283.0	50000.0	65319.99458943548	12.205875491554277
Bhathia_01	R407F	283.0	283.0	50000.0	67611.3783596462	13.793399489317519
Bhathia_01	R407F	283.0	283.0	50000.0	69983.14241181171	15.437066919707805
Bhathia_01	R407F	283.0	283.0	50000.0	72438.10643498244	17.13922849393496
Bhathia_01	R407F	283.0	283.0	50000.0	74979.18903110319	18.902079296661295
Bhathia_01	R407F	283.0	283.0	50000.0	77609.41118481442	20.72797624122054
Bhathia_01	R407F	283.0	283.0	50000.0	80331.89985497203	22.142373010061007
Bhathia_01	R407F	283.0	283.0	50000.0	83149.89169215517	23.57348307660472
Bhathia_01	R407F	283.0	283.0	50000.0	86066.7368865822	25.0556663298596
Bhathia_01	R407F	283.0	283.0	50000.0	89085.903151008	26.59101819544847
Bhathia_01	R407F	283.0	283.0	50000.0	92210.9798433415	28.181572160453094
Bhathia_01	R407F	283.0	283.0	50000.0	95445.68223387754	29.82972098462219
Bhathia_01	R407F	283.0	283.0	50000.0	98793.85592222596	31.537852352119916
Bhathia_01	R407F	283.0	283.0	50000.0	102259.48140917791	33.30843010687619
Bhathia_01	R407F	283.0	283.0	50000.0	105846.67882895643	35.084101892879644
Bhathia_01	R407F	283.0	283.0	50000.0	109559.71284746489	36.41621079485972
Bhathia_01	R407F	283.0	283.0	50000.0	113402.99773236972	37.79674390725474
Bhathia_01	R407F	283.0	283.0	50000.0	117381.10260103126	39.227637499503395
Bhathia_01	R407F	283.0	283.0	50000.0	121498.75685253605	40.71101919917108
Bhathia_01	R407F	283.0	283.0	50000.0	125760.85579027371	42.24890012111068
Bhathia_01	R407F	283.0	283.0	50000.0	130172.46644175818	43.843934688113876
Bhathia_01	R407F	283.0	283.0	50000.0	134738.83358259665	45.49837123288139
Bhathia_01	R407F	283.0	283.0	50000.0	139465.3859717822	47.21491324086427
Bhathia_01	R407F	283.0	283.0	50000.0	144357.7428057125	48.83194064394345
Bhathia_01	R407F	283.0	283.0	50000.0	149421.7203986127	50.07749752543659
Bhathia_01	R407F	283.0	283.0	50000.0	154663.33909730316	51.36918853010849
Bhathia_01	R407F	283.0	283.0	50000.0	160088.83043853292	52.70898301728645
Bhathia_01	R407F	283.0	283.0	50000.0	165704.6445573877	54.09898306290375
Bhathia_01	R407F	283.0	283.0	50000.0	171517.45785558026	55.54109771037324
Bhathia_01	R407F	283.0	283.0	50000.0	177534.18093873924	57.037952197219276
Bhathia_01	R407F	283.0	283.0	50000.0	183761.96683213356	58.591792601761085
Bhathia_01	R407F	283.0	283.0	50000.0	190208.21948459864	60.205132641807346
Bhathia_01	R407F	283.0	283.0	50000.0	196880.60257077508	61.617463359384026
Bhathia_01	R407F	283.0	283.0	50000.0	203787.04860212465	62.75696590636914
Bhathia_01	R407F	283.0	283.0	50000.0	210935.76835755422	63.938958724066566
Bhathia_01	R407F	283.0	283.0	50000.0	218335.26064486115	65.1650704372532
Bhathia_01	R407F	283.0	283.0	50000.0	225994.32240460056	66.43661548653188
Bhathia_01	R407F	283.0	283.0	50000.0	233922.05916839777	67.7548270939457
Bhathia_01	R407F	283.0	283.0	50000.0	242127.89588411906	69.05756890146138
Bhathia_01	R407F	283.0	283.0	50000.0	250621.58812079762	69.05756890146138
Bhathia_01	R407F	283.0	283.0	50000.0	259413.23366660537	69.05756890146138
Bhathia_01	R407F	283.0	283.0	50000.0	268513.2845336903	69.05756890146138
Bhathia_01	R407F	283.0	283.0	50000.0	277932.5593841194	69.05756890146138
Bhathia_01	R407F	283.0	283.0	50000.0	287682.2563917327	69.05756890146138
Bhathia_01	R407F	283.0	283.0	50000.0	297773.9665551654	69.05756890146138
Bhathia_01	R407F	283.0	283.0	50000.0	308219.6874779006	69.05756890146138
Bhathia_01	R407F	283.0	283.0	50000.0	319031.83763169846	69.05756890146138
Bhathia_01	R407F	283.0	283.0	50000.0	330223.271120397	69.05756890146138
Bhathia_01	R407F	283.0	283.0	50000.0	341807.2929615984	69.05756890146138
Bhathia_01	R407F	283.0	283.0	50000.0	353797.67490444286	69.05756890146138
Bhathia_01	R407F	283.0	283.0	50000.0	366208.67180225096	69.05756890146138
Bhathia_01	R407F	283.0	283.0	50000.0	379055.0385595106	69.05756890146138
Bhathia_01	R407F	283.0	283.0	50000.0	392352.047673353	69.05756890146138
Bhathia_01	R407F	283.0	283.0	50000.0	406115.50739037304	69.05756890146138
Bhathia_01	R407F	283.0	283.0	50000.0	420361.78050037875	69.05756890146138
Bhathia_01	R407F	283.0	283.0	50000.0	435107.80378941365	69.05756890146138
Bhathia_01	R407F	283.0	283.0	50000.0	450371.1081751789	69.05756890146138
Bhathia_01	R407F	283.0	283.0	50000.0	466169.83954879304	69.05756890146138
Bhathia_01	R407F	283.0	283.0	50000.0	482522.7803476675	69.05756890146138
Bhathia_01	R407F	283.0	283.0	50000.0	499449.37188514473	69.05756890146138
Bhathia_01	R407F	283.0	283.0	50000.0	516969.7374634458	69.05756890146138
Bhathia_01	R407F	283.0	283.0	50000.0	535104.7062974056	69.05756890146138
Bhathia_01	R407F	283.0	283.0	50000.0	553875.8382774384	69.05756890146138
Bhathia_01	R407F	283.0	283.0	50000.0	573305.4496011657	69.05756890146138
Bhathia_01	R407F	283.0	283.0	50000.0	593416.6393042037	69.05756890146138
Bhathia_01	R407F	283.0	283.0	50000.0	614233.3167216032	69.05756890146138
Bhathia_01	R407F	283.0	283.0	50000.0	635780.2299126569	69.05756890146138
Bhathia_01	R407F	283.0	283.0	50000.0	658082.9950827911	69.05756890146138
Bhathia_01	R407F	283.0	283.0	50000.0	681168.127037599	69.05756890146138
Bhathia_01	R407F	283.0	283.0	50000.0	705063.0707051408	69.05756890146138
Bhathia_01	R407F	283.0	283.0	50000.0	729796.2337640686	69.05756890146138
Bhathia_01	R407F	283.0	283.0	50000.0	755397.0204162808	69.05756890146138
Bhathia_01	R407F	283.0	283.0	50000.0	781895.866344346	69.05756890146138
Bhathia_01	R407F	283.0	283.0	50000.0	809324.2748951628	69.05756890146138
Bhathia_01	R407F	283.0	283.0	50000.0	837714.8545329691	69.05756890146138
Bhathia_01	R407F	283.0	283.0	50000.0	867101.3576061296	69.05756890146138
Bhathia_01	R407F	283.0	283.0	50000.0	897518.7204738803	69.05756890146138
Bhathia_01	R407F	283.0	283.0	50000.0	929003.1050406658	69.05756890146138
Bhathia_01	R407F	283.0	283.0	50000.0	961591.9417474868	69.05756890146138
Bhathia_01	R407F	283.0	283.0	50000.0	995323.9740713531	69.05756890146138
Bhathia_01	R407F	283.0	283.0	50000.0	1030239.3045857496	69.05756890146138
Bhathia_01	R407F	283.0	283.0	50000.0	1066379.442636875	69.05756890146138
Bhathia_01	R407F	283.0	283.0	50000.0	1103787.3536923314	69.05756890146138
Bhathia_01	R407F	283.0	283.0	50000.0	1142507.5104209343	69.05756890146138
Bhathia_01	R407F	283.0	283.0	50000.0	1182585.945564372	69.05756890146138
Bhathia_01	R407F	283.0	283.0	50000.0	1224070.3066635653	69.05756890146138
Bhathia_01	R407F	283.0	283.0	50000.0	1267009.912704797	69.05756890146138
Bhathia_01	R407F	283.0	283.0	50000.0	1311455.8127529488	69.05756890146138
Bhathia_01	R407F	283.0	283.0	50000.0	1357460.8466415561	69.05756890146138
Bhathia_01	R407F	283.0	283.0	50000.0	1405079.70779183	69.05756890146138
Bhathia_01	R407F	283.0	283.0	50000.0	1454369.008235332	69.05756890146138
Bhathia_01	R407F	283.0	283.0	50000.0	1505387.3459176025	69.05756890146138
Bhathia_01	R407F	283.0	283.0	50000.0	1558195.374362756	69.05756890146138
Bhathia_01	R407F	283.0	283.0	50000.0	1612855.874781868	69.05756890146138
Bhathia_01	R407F	283.0	283.0	50000.0	1669433.830710877	69.05756890146138
Bhathia_01	R407F	283.0	283.0	50000.0	1727996.50526674	69.05756890146138
Bhathia_01	R407F	283.0	283.0	50000.0	1788613.5211136676	69.05756890146138
Bhathia_01	R407F	283.0	283.0	50000.0	1851356.9432345594	69.05756890146138
Bhathia_01	R407F	283.0	283.0	50000.0	1916301.3646059704	69.05756890146138
Bhathia_01	R407F	283.0	283.0	50000.0	1983523.9948785233	69.05756890146138
Bhathia_01	R407F	283.0	283.0	50000.0	2053104.7521681644	69.05756890146138
Bhathia_01	R407F	283.0	283.0	50000.0	2125126.3580674017	69.05756890146138
Bhathia_01	R407F	283.0	283.0	50000.0	2199674.4359894753	69.05756890146138
Bhathia_01	R407F	283.0	283.0	50000.0	2276837.6129623787	69.05756890146138
Bhathia_01	R407F	283.0	283.0	50000.0	2356707.6249937494	69.05756890146138
Bhathia_01	R407F	283.0	283.0	50000.0	2439379.426131895	69.05756890146138
Bhathia_01	R407F	283.0	283.0	50000.0	2524951.301352604	69.05756890146138
Bhathia_01	R407F	283.0	283.0	50000.0	2613524.9834059626	69.05756890146138
Bhathia_01	R407F	283.0	283.0	50000.0	2705205.773762079	69.05756890146138
Bhathia_01	R407F	283.0	283.0	50000.0	2800102.6677995026	69.05756890146138
Bhathia_01	R407F	283.0	283.0	50000.0	2898328.4843851826	69.05756890146138
Bhathia_01	R407F	283.0	303.0	50000.0	100.0	101.21977253631056
Bhathia_01	R407F	283.0	303.0	50000.0	103.5079362523115	101.21977253631056
Bhathia_01	R407F	283.0	303.0	50000.0	107.13892867212581	101.21977253631056
Bhathia_01	R407F	283.0	303.0	50000.0	110.89729399135348	101.21977253631056
Bhathia_01	R407F	283.0	303.0	50000.0	114.78750037010863	101.21977253631056
Bhathia_01	R407F	283.0	303.0	50000.0	118.81417270871387	101.21977253631056
Bhathia_01	R407F	283.0	303.0	50000.0	122.98209814604685	101.21977253631056
Bhathia_01	R407F	283.0	303.0	50000.0	127.29623175076546	101.21977253631056
Bhathia_01	R407F	283.0	303.0	50000.0	131.76170241217702	101.21977253631056
Bhathia_01	R407F	283.0	303.0	50000.0	136.3838189377566	101.21977253631056
Bhathia_01	R407F	283.0	303.0	50000.0	141.16807636456102	101.21977253631056
Bhathia_01	R407F	283.0	303.0	50000.0	146.12016249204424	101.21977253631056
Bhathia_01	R407F	283.0	303.0	50000.0	151.24596464403913	101.21977253631056
Bhathia_01	R407F	283.0	303.0	50000.0	156.55157666794562	101.21977253631056
Bhathia_01	R407F	283.0	303.0	50000.0	162.04330617944572	101.21977253631056
Bhathia_01	R407F	283.0	303.0	50000.0	167.72768206135862	101.21977253631056
Bhathia_01	R407F	283.0	303.0	50000.0	173.6114622255508	101.21977253631056
Bhathia_01	R407F	283.0	303.0	50000.0	179.70164164712898	101.21977253631056
Bhathia_01	R407F	283.0	303.0	50000.0	186.00546068046754	101.21977253631056
Bhathia_01	R407F	283.0	303.0	50000.0	192.53041366695666	101.21977253631056
Bhathia_01	R407F	283.0	303.0	50000.0	199.28425784470534	101.21977253631056
Bhathia_01	R407F	283.0	303.0	50000.0	206.27502257078967	101.21977253631056
Bhathia_01	R407F	283.0	303.0	50000.0	213.51101886701414	101.21977253631056
Bhathia_01	R407F	283.0	303.0	50000.0	221.00084930052978	101.21977253631056
Bhathia_01	R407F	283.0	303.0	50000.0	228.7534182110594	101.21977253631056
Bhathia_01	R407F	283.0	303.0	50000.0	236.77794229688686	101.21977253631056
Bhathia_01	R407F	283.0	303.0	50000.0	245.08396157219659	101.21977253631056
Bhathia_01	R407F	283.0	303.0	50000.0	253.68135070878884	101.21977253631056
Bhathia_01	R407F	283.0	303.0	50000.0	262.58033077565597	101.21977253631056
Bhathia_01	R407F	283.0	303.0	50000.0	271.7914813903746	101.21977253631056
Bhathia_01	R407F	283.0	303.0	50000.0	281.32575329676206	101.21977253631056
Bhathia_01	R407F	283.0	303.0	50000.0	291.1944813837476	101.21977253631056
Bhathia_01	R407F	283.0	303.0	50000.0	301.4093981609385	101.21977253631056
Bhathia_01	R407F	283.0	303.0	50000.0	311.9826477069	101.21977253631056
Bhathia_01	R407F	283.0	303.0	50000.0	322.92680010673166	101.21977253631056
Bhathia_01	R407F	283.0	303.0	50000.0	334.2548663961052	101.21977253631056
Bhathia_01	R407F	283.0	303.0	50000.0	345.9803140295299	101.21977253631056
Bhathia_01	R407F	283.0	303.0	50000.0	358.11708289123294	101.21977253631056
Bhathia_01	R407F	283.0	303.0	50000.0	370.67960186769494	101.21977253631056
Bhathia_01	R407F	283.0	303.0	50000.0	383.6828060015357	101.21977253631056
Bhathia_01	R407F	283.0	303.0	50000.0	397.1421542471496	101.21977253631056
Bhathia_01	R407F	283.0	303.0	50000.0	411.0736478491962	101.21977253631056
Bhathia_01	R407F	283.0	303.0	50000.0	425.49384936579753	101.21977253631056
Bhathia_01	R407F	283.0	303.0	50000.0	440.41990235905604	101.21977253631056
Bhathia_01	R407F	283.0	303.0	50000.0	455.86955177630426	101.1170299992807
Bhathia_01	R407F	283.0	303.0	50000.0	471.8611650463152	101.00846332579032
Bhathia_01	R407F	283.0	303.0	50000.0	488.41375391555476	100.89746294981964
Bhathia_01	R407F	283.0	303.0	50000.0	505.546997050434	100.78416409876678
Bhathia_01	R407F	283.0	303.0	50000.0	523.2812634324383	100.66851144348318
Bhathia_01	R407F	283.0	303.0	50000.0	541.6376365739385	100.55016291250676
Bhathia_01	R407F	283.0	303.0	50000.0	560.6379395834789	100.4290520970204
Bhathia_01	R407F	283.0	303.0	50000.0	580.30476111034	100.30525042656559
Bhathia_01	R407F	283.0	303.0	50000.0	600.6614821992193	100.17882233759711
Bhathia_01	R407F	283.0	303.0	50000.0	621.7323040869574	100.04950660308631
Bhathia_01	R407F	283.0	303.0	50000.0	643.5422769743552	99.91738847353653
Bhathia_01	R407F	283.0	303.0	50000.0	666.1173298072896	99.78220992449762
Bhathia_01	R407F	283.0	303.0	50000.0	689.4843011025289	99.64396719118531
Bhathia_01	R407F	283.0	303.0	50000.0	713.670970854901	99.50275728091479
Bhathia_01	R407F	283.0	303.0	50000.0	738.7060935637436	99.35855235433851
Bhathia_01	R407F	283.0	303.0	50000.0	764.6194324179003	99.21012425576943
Bhathia_01	R407F	283.0	303.0	50000.0	791.4417946799063	99.05829229251061
Bhathia_01	R407F	283.0	303.0	50000.0	819.2050683114275	98.90299712848004
Bhathia_01	R407F	283.0	303.0	50000.0	847.9422598834972	98.74439890790865
Bhathia_01	R407F	283.0	303.0	50000.0	877.6875338166207	98.58292106687445
Bhathia_01	R407F	283.0	303.0	50000.0	908.4762529973926	98.4177652130706
Bhathia_01	R407F	283.0	303.0	50000.0	940.3450208199293	98.24885416470092
Bhathia_01	R407F	283.0	303.0	50000.0	973.3317247020778	98.07616024521506
Bhathia_01	R407F	283.0	303.0	50000.0	1007.4755811281508	97.9004336898707
Bhathia_01	R407F	283.0	303.0	50000.0	1042.817182271731	97.7210210738338
Bhathia_01	R407F	283.0	303.0	50000.0	1079.3985442539745	97.53767687035722
Bhathia_01	R407F	283.0	303.0	50000.0	1117.2631570947824	97.350406563434
Bhathia_01	R407F	283.0	303.0	50000.0	1156.4560364162314	97.15927876291094
Bhathia_01	R407F	283.0	303.0	50000.0	1197.023776959721	96.96399386060239
Bhathia_01	R407F	283.0	303.0	50000.0	1239.0146079804795	96.76397158315372
Bhathia_01	R407F	283.0	303.0	50000.0	1282.478450585262	96.5597414789645
Bhathia_01	R407F	283.0	303.0	50000.0	1327.4669770814253	96.35129401799665
Bhathia_01	R407F	283.0	303.0	50000.0	1374.0336724079282	96.13830403108823
Bhathia_01	R407F	283.0	303.0	50000.0	1422.2338977212928	95.9211072852829
Bhathia_01	R407F	283.0	303.0	50000.0	1472.124956212121	95.6994864142954
Bhathia_01	R407F	283.0	303.0	50000.0	1523.766161230411	95.47347664873924
Bhathia_01	R407F	283.0	303.0	50000.0	1577.2189068006678	95.24363815188687
Bhathia_01	R407F	283.0	303.0	50000.0	1632.5467406106395	95.00877081931263
Bhathia_01	R407F	283.0	303.0	50000.0	1689.81543956045	94.76948151460773
Bhathia_01	R407F	283.0	303.0	50000.0	1749.093087961948	94.5250284667704
Bhathia_01	R407F	283.0	303.0	50000.0	1810.45015848124	94.2755691485135
Bhathia_01	R407F	283.0	303.0	50000.0	1873.9595959206342	94.02129791956112
Bhathia_01	R407F	283.0	303.0	50000.0	1939.6969039396042	93.76201257421711
Bhathia_01	R407F	283.0	303.0	50000.0	2007.7402348178655	93.49740716022929
Bhathia_01	R407F	283.0	303.0	50000.0	2078.1704823672853	93.22819588285107
Bhathia_01	R407F	283.0	303.0	50000.0	2151.0713781030845	92.95394321082364
Bhathia_01	R407F	283.0	303.0	50000.0	2226.529590788659	92.67490789826748
Bhathia_01	R407F	283.0	303.0	50000.0	2304.63482947238	92.39054194348881
Bhathia_01	R407F	283.0	303.0	50000.0	2385.479950138839	92.10032962729755
Bhathia_01	R407F	283.0	303.0	50000.0	2469.161066101381	91.80424984045557
Bhathia_01	R407F	283.0	303.0	50000.0	2555.7776622671126	91.5024667707194
Bhathia_01	R407F	283.0	303.0	50000.0	2645.43271341026	91.19504981070325
Bhathia_01	R407F	283.0	303.0	50000.0	2738.2328065944866	90.88283598567922
Bhathia_01	R407F	283.0	303.0	50000.0	2834.2882678897013	90.56574541993935
Bhathia_01	R407F	283.0	303.0	50000.0	2933.7132935340187	90.24247495157695
Bhathia_01	R407F	283.0	303.0	50000.0	3036.6260856967806	89.91267905149215
Bhathia_01	R407F	283.0	303.0	50000.0	3143.1489930040857	89.57636604151487
Bhathia_01	R407F	283.0	303.0	50000.0	3253.4086559938396	89.23409394962061
Bhathia_01	R407F	283.0	303.0	50000.0	3367.536157673288	88.88610061984272
Bhathia_01	R407F	283.0	303.0	50000.0	3485.667179358007	88.53321836462798
Bhathia_01	R407F	283.0	303.0	50000.0	3607.9421619776303	88.17368493758194
Bhathia_01	R407F	283.0	303.0	50000.0	3734.506473040075	87.806963269351
Bhathia_01	R407F	283.0	303.0	50000.0	3865.5105794527676	87.43308105896037
Bhathia_01	R407F	283.0	303.0	50000.0	4001.1102264063275	87.05296679293897
Bhathia_01	R407F	283.0	303.0	50000.0	4141.466622533378	86.66746859715505
Bhathia_01	R407F	283.0	303.0	50000.0	4286.746631562607	86.27580527151957
Bhathia_01	R407F	283.0	303.0	50000.0	4437.122970695934	85.87632913925206
Bhathia_01	R407F	283.0	303.0	50000.0	4592.774415944617	85.46893888796966
Bhathia_01	R407F	283.0	303.0	50000.0	4753.8860146684265	85.05402822571018
Bhathia_01	R407F	283.0	303.0	50000.0	4920.649305570547	84.63402066721079
Bhathia_01	R407F	283.0	303.0	50000.0	5093.26254640977	84.20763892383926
Bhathia_01	R407F	283.0	303.0	50000.0	5271.9309497006825	83.77290017589823
Bhathia_01	R407F	283.0	303.0	50000.0	5456.8669266820625	83.3296773997568
Bhathia_01	R407F	283.0	303.0	50000.0	5648.290339843539	82.87787967030133
Bhathia_01	R407F	283.0	303.0	50000.0	5846.4287643107255	82.42107579855569
Bhathia_01	R407F	283.0	303.0	50000.0	6051.517758399548	81.95653172228742
Bhathia_01	R407F	283.0	303.0	50000.0	6263.801143661515	81.48327490222258
Bhathia_01	R407F	283.0	303.0	50000.0	6483.531294752719	81.00110713014253
Bhathia_01	R407F	283.0	303.0	50000.0	6710.9694394713115	80.51155228261652
Bhathia_01	R407F	283.0	303.0	50000.0	6946.385969320071	80.01443479855628
Bhathia_01	R407F	283.0	303.0	50000.0	7190.06076096333	79.50889132539285
Bhathia_01	R407F	283.0	303.0	50000.0	7442.283508960394	78.9942323560368
Bhathia_01	R407F	283.0	303.0	50000.0	7703.354070171016	78.47149761500415
Bhathia_01	R407F	283.0	303.0	50000.0	7973.582820242459	77.93992784511407
Bhathia_01	R407F	283.0	303.0	50000.0	8253.291022601827	77.39890636674086
Bhathia_01	R407F	283.0	303.0	50000.0	8542.811210392447	76.84999399247837
Bhathia_01	R407F	283.0	303.0	50000.0	8842.487581808335	76.29215920492513
Bhathia_01	R407F	283.0	303.0	50000.0	9152.676409296731	75.72473088626833
Bhathia_01	R407F	283.0	303.0	50000.0	9473.746463115214	75.14756349554524
Bhathia_01	R407F	283.0	303.0	50000.0	9806.07944974691	74.56105109748529
Bhathia_01	R407F	283.0	303.0	50000.0	10150.070465695051	73.96524956347301
Bhathia_01	R407F	283.0	303.0	50000.0	10506.128467196331	73.36006266424674
Bhathia_01	R407F	283.0	303.0	50000.0	10874.676756411529	72.74500784072112
Bhathia_01	R407F	283.0	303.0	50000.0	11256.153484671382	72.11967504102391
Bhathia_01	R407F	283.0	303.0	50000.0	11651.012173375993	71.48383386915684
Bhathia_01	R407F	283.0	303.0	50000.0	12059.722253167078	70.83763287294768
Bhathia_01	R407F	283.0	303.0	50000.0	12482.769622014002	70.18198769777187
Bhathia_01	R407F	283.0	303.0	50000.0	12920.657222877158	69.51567272436483
Bhathia_01	R407F	283.0	303.0	50000.0	13373.905641635398	68.8384799885976
Bhathia_01	R407F	283.0	303.0	50000.0	13843.053725988231	68.15001079805803
Bhathia_01	R407F	283.0	303.0	50000.0	14328.65922606916	67.45035070078774
Bhathia_01	R407F	283.0	303.0	50000.0	14831.299457530586	66.73988743517262
Bhathia_01	R407F	283.0	303.0	50000.0	15351.571987890213	66.01881005999648
Bhathia_01	R407F	283.0	303.0	50000.0	15890.095346953078	65.28595773243256
Bhathia_01	R407F	283.0	303.0	50000.0	16447.509762155743	64.54108580739565
Bhathia_01	R407F	283.0	303.0	50000.0	17024.47791970484	63.784214220119324
Bhathia_01	R407F	283.0	303.0	50000.0	17621.68575241697	63.0150376337715
Bhathia_01	R407F	283.0	303.0	50000.0	18239.84325519438	62.234998970252654
Bhathia_01	R407F	283.0	303.0	50000.0	18879.685329108175	61.44259382797091
Bhathia_01	R407F	283.0	303.0	50000.0	19541.972655090256	60.637338873609266
Bhathia_01	R407F	283.0	303.0	50000.0	20227.49259827501	59.81916927002119
Bhathia_01	R407F	283.0	303.0	50000.0	20937.060144063526	58.98788895224065
Bhathia_01	R407F	283.0	303.0	50000.0	21671.518867025392	58.14403682264983
Bhathia_01	R407F	283.0	303.0	50000.0	22431.741933788304	57.28778639147113
Bhathia_01	R407F	283.0	303.0	50000.0	23218.633141108625	56.41793395035416
Bhathia_01	R407F	283.0	303.0	50000.0	24033.127990356785	55.534309993843294
Bhathia_01	R407F	283.0	303.0	50000.0	24876.194799694935	54.63647498993933
Bhathia_01	R407F	283.0	303.0	50000.0	25748.835855269062	53.724415125301746
Bhathia_01	R407F	283.0	303.0	50000.0	26652.088602784228	52.79987626067741
Bhathia_01	R407F	283.0	303.0	50000.0	27587.026880879475	51.860974590029606
Bhathia_01	R407F	283.0	303.0	50000.0	28554.762197768767	50.90722393779079
Bhathia_01	R407F	283.0	303.0	50000.0	29556.445052665636	49.93847866955661
Bhathia_01	R407F	283.0	303.0	50000.0	30593.266303562625	48.95454749523202
Bhathia_01	R407F	283.0	303.0	50000.0	31666.458582991498	47.95605103993918
Bhathia_01	R407F	283.0	303.0	50000.0	32777.29776344747	46.943497607137616
Bhathia_01	R407F	283.0	303.0	50000.0	33927.104474219595	45.91521851519332
Bhathia_01	R407F	283.0	303.0	50000.0	35117.24567143027	44.871020207522484
Bhathia_01	R407F	283.0	303.0	50000.0	36349.13626315173	43.810689309723365
Bhathia_01	R407F	283.0	303.0	50000.0	37624.240791528864	42.734048371457625
Bhathia_01	R407F	283.0	303.0	50000.0	38944.07517391196	41.64323291179456
Bhathia_01	R407F	283.0	303.0	50000.0	40310.20850506498	40.53625594013481
Bhathia_01	R407F	283.0	303.0	50000.0	41724.264922596594	39.412597029366445
Bhathia_01	R407F	283.0	303.0	50000.0	43187.92553782676	38.272084683912475
Bhathia_01	R407F	283.0	303.0	50000.0	44702.93043438957	37.11454439692655
Bhathia_01	R407F	283.0	303.0	50000.0	46271.08073694302	35.94087857165978
Bhathia_01	R407F	283.0	303.0	50000.0	47894.24075245067	34.75204470572452
Bhathia_01	R407F	283.0	303.0	50000.0	49574.34018657513	33.54596406682487
Bhathia_01	R407F	283.0	303.0	50000.0	51313.376437824336	32.32257365114134
Bhathia_01	R407F	283.0	303.0	50000.0	53113.41697217184	31.081806931370885
Bhathia_01	R407F	283.0	303.0	50000.0	54976.60178098003	29.823604025816582
Bhathia_01	R407F	283.0	303.0	50000.0	56905.14592514396	28.550802510222017
Bhathia_01	R407F	283.0	303.0	50000.0	58901.34216848284	27.261295035215436
Bhathia_01	R407F	283.0	303.0	50000.0	60967.5637035091	25.95451561401424
Bhathia_01	R407F	283.0	303.0	50000.0	63106.2669728156	24.63051496296569
Bhathia_01	R407F	283.0	303.0	50000.0	65319.99458943548	23.28931454732916
Bhathia_01	R407F	283.0	303.0	50000.0	67611.3783596462	21.93222904248773
Bhathia_01	R407F	283.0	303.0	50000.0	69983.14241181171	20.561054713621303
Bhathia_01	R407F	283.0	303.0	50000.0	72438.10643498244	19.173333272066245
Bhathia_01	R407F	283.0	303.0	50000.0	74979.18903110319	17.76928975199706
Bhathia_01	R407F	283.0	303.0	50000.0	77609.41118481442	16.349180201912496
Bhathia_01	R407F	283.0	303.0	50000.0	80331.89985497203	14.913303507012783
Bhathia_01	R407F	283.0	303.0	50000.0	83149.89169215517	13.465532636189689
Bhathia_01	R407F	283.0	303.0	50000.0	86066.7368865822	12.003790556324855
Bhathia_01	R407F	283.0	303.0	50000.0	89085.903151008	10.527487746154035
Bhathia_01	R407F	283.0	303.0	50000.0	92210.9798433415	9.037038521255038
Bhathia_01	R407F	283.0	303.0	50000.0	95445.68223387754	7.532940193430544
Bhathia_01	R407F	283.0	303.0	50000.0	98793.85592222596	6.017157317551404
Bhathia_01	R407F	283.0	303.0	50000.0	102259.48140917791	4.492805048966149
Bhathia_01	R407F	283.0	303.0	50000.0	105846.67882895643	2.956757142158977
Bhathia_01	R407F	283.0	303.0	50000.0	109559.71284746489	1.4096500349273098
Bhathia_01	R407F	283.0	303.0	50000.0	113402.99773236972	0.14799291390857214
Bhathia_01	R407F	283.0	303.0	50000.0	117381.10260103126	1.715486557889779
Bhathia_01	R407F	283.0	303.0	50000.0	121498.75685253605	3.2876140739259907
Bhathia_01	R407F	283.0	303.0	50000.0	125760.85579027371	4.866543121233987
Bhathia_01	R407F	283.0	303.0	50000.0	130172.46644175818	6.452934850367161
Bhathia_01	R407F	283.0	303.0	50000.0	134738.83358259665	8.045960962099844
Bhathia_01	R407F	283.0	303.0	50000.0	139465.3859717822	9.644798586642942
Bhathia_01	R407F	283.0	303.0	50000.0	144357.7428057125	11.246927446414619
Bhathia_01	R407F	283.0	303.0	50000.0	149421.7203986127	12.84794056539775
Bhathia_01	R407F	283.0	303.0	50000.0	154663.33909730316	14.45214678142742
Bhathia_01	R407F	283.0	303.0	50000.0	160088.83043853292	16.058815128908723
Bhathia_01	R407F	283.0	303.0	50000.0	165704.6445573877	17.667228984646638
Bhathia_01	R407F	283.0	303.0	50000.0	171517.45785558026	19.27651155039227
Bhathia_01	R407F	283.0	303.0	50000.0	177534.18093873924	20.880258117577505
Bhathia_01	R407F	283.0	303.0	50000.0	183761.96683213356	22.480816589743995
Bhathia_01	R407F	283.0	303.0	50000.0	190208.21948459864	24.079331360634967
Bhathia_01	R407F	283.0	303.0	50000.0	196880.60257077508	25.674976482098398
Bhathia_01	R407F	283.0	303.0	50000.0	203787.04860212465	27.26707878655562
Bhathia_01	R407F	283.0	303.0	50000.0	210935.76835755422	28.85315083435916
Bhathia_01	R407F	283.0	303.0	50000.0	218335.26064486115	30.427874149984593
Bhathia_01	R407F	283.0	303.0	50000.0	225994.32240460056	31.99683884035637
Bhathia_01	R407F	283.0	303.0	50000.0	233922.05916839777	33.55941295956256
Bhathia_01	R407F	283.0	303.0	50000.0	242127.89588411906	35.11483662389891
Bhathia_01	R407F	283.0	303.0	50000.0	250621.58812079762	36.662411153585495
Bhathia_01	R407F	283.0	303.0	50000.0	259413.23366660537	38.19545087336166
Bhathia_01	R407F	283.0	303.0	50000.0	268513.2845336903	39.71669617568831
Bhathia_01	R407F	283.0	303.0	50000.0	277932.5593841194	41.22819285554819
Bhathia_01	R407F	283.0	303.0	50000.0	287682.2563917327	42.729504320848406
Bhathia_01	R407F	283.0	303.0	50000.0	297773.9665551654	44.220309270018966
Bhathia_01	R407F	283.0	303.0	50000.0	308219.6874779006	45.6985628545046
Bhathia_01	R407F	283.0	303.0	50000.0	319031.83763169846	47.1584000542508
Bhathia_01	R407F	283.0	303.0	50000.0	330223.271120397	48.606408267066556
Bhathia_01	R407F	283.0	303.0	50000.0	341807.2929615984	50.04222940674132
Bhathia_01	R407F	283.0	303.0	50000.0	353797.67490444286	51.465484371067696
Bhathia_01	R407F	283.0	303.0	50000.0	366208.67180225096	52.87595069130144
Bhathia_01	R407F	283.0	303.0	50000.0	379055.0385595106	54.26775330455744
Bhathia_01	R407F	283.0	303.0	50000.0	392352.047673353	55.64340043434032
Bhathia_01	R407F	283.0	303.0	50000.0	406115.50739037304	57.00589019934879
Bhathia_01	R407F	283.0	303.0	50000.0	420361.78050037875	58.355002541725014
Bhathia_01	R407F	283.0	303.0	50000.0	435107.80378941365	59.690611432734386
Bhathia_01	R407F	283.0	303.0	50000.0	450371.1081751789	61.01143190620625
Bhathia_01	R407F	283.0	303.0	50000.0	466169.83954879304	62.31143555104245
Bhathia_01	R407F	283.0	303.0	50000.0	482522.7803476675	63.59741677545582
Bhathia_01	R407F	283.0	303.0	50000.0	499449.37188514473	64.86918717292535
Bhathia_01	R407F	283.0	303.0	50000.0	516969.7374634458	66.1263076645409
Bhathia_01	R407F	283.0	303.0	50000.0	535104.7062974056	67.36847976716389
Bhathia_01	R407F	283.0	303.0	50000.0	553875.8382774384	68.59035223205404
Bhathia_01	R407F	283.0	303.0	50000.0	573305.4496011657	69.05756890146138
Bhathia_01	R407F	283.0	303.0	50000.0	593416.6393042037	69.05756890146138
Bhathia_01	R407F	283.0	303.0	50000.0	614233.3167216032	69.05756890146138
Bhathia_01	R407F	283.0	303.0	50000.0	635780.2299126569	69.05756890146138
Bhathia_01	R407F	283.0	303.0	50000.0	658082.9950827911	69.05756890146138
Bhathia_01	R407F	283.0	303.0	50000.0	681168.127037599	69.05756890146138
Bhathia_01	R407F	283.0	303.0	50000.0	705063.0707051408	69.05756890146138
Bhathia_01	R407F	283.0	303.0	50000.0	729796.2337640686	69.05756890146138
Bhathia_01	R407F	283.0	303.0	50000.0	755397.0204162808	69.05756890146138
Bhathia_01	R407F	283.0	303.0	50000.0	781895.866344346	69.05756890146138
Bhathia_01	R407F	283.0	303.0	50000.0	809324.2748951628	69.05756890146138
Bhathia_01	R407F	283.0	303.0	50000.0	837714.8545329691	69.05756890146138
Bhathia_01	R407F	283.0	303.0	50000.0	867101.3576061296	69.05756890146138
Bhathia_01	R407F	283.0	303.0	50000.0	897518.7204738803	69.05756890146138
Bhathia_01	R407F	283.0	303.0	50000.0	929003.1050406658	69.05756890146138
Bhathia_01	R407F	283.0	303.0	50000.0	961591.9417474868	69.05756890146138
Bhathia_01	R407F	283.0	303.0	50000.0	995323.9740713531	69.05756890146138
Bhathia_01	R407F	283.0	303.0	50000.0	1030239.3045857496	69.05756890146138
Bhathia_01	R407F	283.0	303.0	50000.0	1066379.442636875	69.05756890146138
Bhathia_01	R407F	283.0	303.0	50000.0	1103787.3536923314	69.05756890146138
Bhathia_01	R407F	283.0	303.0	50000.0	1142507.5104209343	69.05756890146138
Bhathia_01	R407F	283.0	303.0	50000.0	1182585.945564372	69.05756890146138
Bhathia_01	R407F	283.0	303.0	50000.0	1224070.3066635653	69.05756890146138
Bhathia_01	R407F	283.0	303.0	50000.0	1267009.912704797	69.05756890146138
Bhathia_01	R407F	283.0	303.0	50000.0	1311455.8127529488	69.05756890146138
Bhathia_01	R407F	283.0	303.0	50000.0	1357460.8466415561	69.05756890146138
Bhathia_01	R407F	283.0	303.0	50000.0	1405079.70779183	69.05756890146138
Bhathia_01	R407F	283.0	303.0	50000.0	1454369.008235332	69.05756890146138
Bhathia_01	R407F	283.0	303.0	50000.0	1505387.3459176025	69.05756890146138
Bhathia_01	R407F	283.0	303.0	50000.0	1558195.374362756	69.05756890146138
Bhathia_01	R407F	283.0	303.0	50000.0	1612855.874781868	69.05756890146138
Bhathia_01	R407F	283.0	303.0	50000.0	1669433.830710877	69.05756890146138
Bhathia_01	R407F	283.0	303.0	50000.0	1727996.50526674	69.05756890146138
Bhathia_01	R407F	283.0	303.0	50000.0	1788613.5211136676	69.05756890146138
Bhathia_01	R407F	283.0	303.0	50000.0	1851356.9432345594	69.05756890146138
Bhathia_01	R407F	283.0	303.0	50000.0	1916301.3646059704	69.05756890146138
Bhathia_01	R407F	283.0	303.0	50000.0	1983523.9948785233	69.05756890146138
Bhathia_01	R407F	283.0	303.0	50000.0	2053104.7521681644	69.05756890146138
Bhathia_01	R407F	283.0	303.0	50000.0	2125126.3580674017	69.05756890146138
Bhathia_01	R407F	283.0	303.0	50000.0	2199674.4359894753	69.05756890146138
Bhathia_01	R407F	283.0	303.0	50000.0	2276837.6129623787	69.05756890146138
Bhathia_01	R407F	283.0	303.0	50000.0	2356707.6249937494	69.05756890146138
Bhathia_01	R407F	283.0	303.0	50000.0	2439379.426131895	69.05756890146138
Bhathia_01	R407F	283.0	303.0	50000.0	2524951.301352604	69.05756890146138
Bhathia_01	R407F	283.0	303.0	50000.0	2613524.9834059626	69.05756890146138
Bhathia_01	R407F	283.0	303.0	50000.0	2705205.773762079	69.05756890146138
Bhathia_01	R407F	283.0	303.0	50000.0	2800102.6677995026	69.05756890146138
Bhathia_01	R407F	283.0	303.0	50000.0	2898328.4843851826	69.05756890146138
Bhathia_01	R407F	283.0	333.0	50000.0	100.0	101.21977253631056
Bhathia_01	R407F	283.0	333.0	50000.0	103.5079362523115	101.21977253631056
Bhathia_01	R407F	283.0	333.0	50000.0	107.13892867212581	101.21977253631056
Bhathia_01	R407F	283.0	333.0	50000.0	110.89729399135348	101.21977253631056
Bhathia_01	R407F	283.0	333.0	50000.0	114.78750037010863	101.21977253631056
Bhathia_01	R407F	283.0	333.0	50000.0	118.81417270871387	101.21977253631056
Bhathia_01	R407F	283.0	333.0	50000.0	122.98209814604685	101.21977253631056
Bhathia_01	R407F	283.0	333.0	50000.0	127.29623175076546	101.21977253631056
Bhathia_01	R407F	283.0	333.0	50000.0	131.76170241217702	101.21977253631056
Bhathia_01	R407F	283.0	333.0	50000.0	136.3838189377566	101.21977253631056
Bhathia_01	R407F	283.0	333.0	50000.0	141.16807636456102	101.21977253631056
Bhathia_01	R407F	283.0	333.0	50000.0	146.12016249204424	101.21977253631056
Bhathia_01	R407F	283.0	333.0	50000.0	151.24596464403913	101.21977253631056
Bhathia_01	R407F	283.0	333.0	50000.0	156.55157666794562	101.21977253631056
Bhathia_01	R407F	283.0	333.0	50000.0	162.04330617944572	101.21977253631056
Bhathia_01	R407F	283.0	333.0	50000.0	167.72768206135862	101.21977253631056
Bhathia_01	R407F	283.0	333.0	50000.0	173.6114622255508	101.21977253631056
Bhathia_01	R407F	283.0	333.0	50000.0	179.70164164712898	101.21977253631056
Bhathia_01	R407F	283.0	333.0	50000.0	186.00546068046754	101.21977253631056
Bhathia_01	R407F	283.0	333.0	50000.0	192.53041366695666	101.21977253631056
Bhathia_01	R407F	283.0	333.0	50000.0	199.28425784470534	101.21977253631056
Bhathia_01	R407F	283.0	333.0	50000.0	206.27502257078967	101.21977253631056
Bhathia_01	R407F	283.0	333.0	50000.0	213.51101886701414	101.21977253631056
Bhathia_01	R407F	283.0	333.0	50000.0	221.00084930052978	101.21977253631056
Bhathia_01	R407F	283.0	333.0	50000.0	228.7534182110594	101.21977253631056
Bhathia_01	R407F	283.0	333.0	50000.0	236.77794229688686	101.21977253631056
Bhathia_01	R407F	283.0	333.0	50000.0	245.08396157219659	101.21977253631056
Bhathia_01	R407F	283.0	333.0	50000.0	253.68135070878884	101.21977253631056
Bhathia_01	R407F	283.0	333.0	50000.0	262.58033077565597	101.21977253631056
Bhathia_01	R407F	283.0	333.0	50000.0	271.7914813903746	101.21977253631056
Bhathia_01	R407F	283.0	333.0	50000.0	281.32575329676206	101.21977253631056
Bhathia_01	R407F	283.0	333.0	50000.0	291.1944813837476	101.21977253631056
Bhathia_01	R407F	283.0	333.0	50000.0	301.4093981609385	101.21977253631056
Bhathia_01	R407F	283.0	333.0	50000.0	311.9826477069	101.21977253631056
Bhathia_01	R407F	283.0	333.0	50000.0	322.92680010673166	101.21977253631056
Bhathia_01	R407F	283.0	333.0	50000.0	334.2548663961052	101.21977253631056
Bhathia_01	R407F	283.0	333.0	50000.0	345.9803140295299	101.21977253631056
Bhathia_01	R407F	283.0	333.0	50000.0	358.11708289123294	101.21977253631056
Bhathia_01	R407F	283.0	333.0	50000.0	370.67960186769494	101.21977253631056
Bhathia_01	R407F	283.0	333.0	50000.0	383.6828060015357	101.21977253631056
Bhathia_01	R407F	283.0	333.0	50000.0	397.1421542471496	101.21977253631056
Bhathia_01	R407F	283.0	333.0	50000.0	411.0736478491962	101.21977253631056
Bhathia_01	R407F	283.0	333.0	50000.0	425.49384936579753	101.21977253631056
Bhathia_01	R407F	283.0	333.0	50000.0	440.41990235905604	101.21977253631056
Bhathia_01	R407F	283.0	333.0	50000.0	455.86955177630426	101.21977253631056
Bhathia_01	R407F	283.0	333.0	50000.0	471.8611650463152	101.21977253631056
Bhathia_01	R407F	283.0	333.0	50000.0	488.41375391555476	101.21977253631056
Bhathia_01	R407F	283.0	333.0	50000.0	505.546997050434	101.21977253631056
Bhathia_01	R407F	283.0	333.0	50000.0	523.2812634324383	101.21977253631056
Bhathia_01	R407F	283.0	333.0	50000.0	541.6376365739385	101.21977253631056
Bhathia_01	R407F	283.0	333.0	50000.0	560.6379395834789	101.21977253631056
Bhathia_01	R407F	283.0	333.0	50000.0	580.30476111034	101.21977253631056
Bhathia_01	R407F	283.0	333.0	50000.0	600.6614821992193	101.21977253631056
Bhathia_01	R407F	283.0	333.0	50000.0	621.7323040869574	101.21977253631056
Bhathia_01	R407F	283.0	333.0	50000.0	643.5422769743552	101.21977253631056
Bhathia_01	R407F	283.0	333.0	50000.0	666.1173298072896	101.21977253631056
Bhathia_01	R407F	283.0	333.0	50000.0	689.4843011025289	101.21977253631056
Bhathia_01	R407F	283.0	333.0	50000.0	713.670970854901	101.21977253631056
Bhathia_01	R407F	283.0	333.0	50000.0	738.7060935637436	101.21977253631056
Bhathia_01	R407F	283.0	333.0	50000.0	764.6194324179003	101.21977253631056
Bhathia_01	R407F	283.0	333.0	50000.0	791.4417946799063	101.21977253631056
Bhathia_01	R407F	283.0	333.0	50000.0	819.2050683114275	101.21977253631056
Bhathia_01	R407F	283.0	333.0	50000.0	847.9422598834972	101.21977253631056
Bhathia_01	R407F	283.0	333.0	50000.0	877.6875338166207	101.21977253631056
Bhathia_01	R407F	283.0	333.0	50000.0	908.4762529973926	101.21977253631056
Bhathia_01	R407F	283.0	333.0	50000.0	940.3450208199293	101.21977253631056
Bhathia_01	R407F	283.0	333.0	50000.0	973.3317247020778	101.21977253631056
Bhathia_01	R407F	283.0	333.0	50000.0	1007.4755811281508	101.21977253631056
Bhathia_01	R407F	283.0	333.0	50000.0	1042.817182271731	101.21977253631056
Bhathia_01	R407F	283.0	333.0	50000.0	1079.3985442539745	101.21977253631056
Bhathia_01	R407F	283.0	333.0	50000.0	1117.2631570947824	101.21977253631056
Bhathia_01	R407F	283.0	333.0	50000.0	1156.4560364162314	101.21977253631056
Bhathia_01	R407F	283.0	333.0	50000.0	1197.023776959721	101.21977253631056
Bhathia_01	R407F	283.0	333.0	50000.0	1239.0146079804795	101.21977253631056
Bhathia_01	R407F	283.0	333.0	50000.0	1282.478450585262	101.21977253631056
Bhathia_01	R407F	283.0	333.0	50000.0	1327.4669770814253	101.21977253631056
Bhathia_01	R407F	283.0	333.0	50000.0	1374.0336724079282	101.21977253631056
Bhathia_01	R407F	283.0	333.0	50000.0	1422.2338977212928	101.21977253631056
Bhathia_01	R407F	283.0	333.0	50000.0	1472.124956212121	101.21977253631056
Bhathia_01	R407F	283.0	333.0	50000.0	1523.766161230411	101.21977253631056
Bhathia_01	R407F	283.0	333.0	50000.0	1577.2189068006678	101.21977253631056
Bhathia_01	R407F	283.0	333.0	50000.0	1632.5467406106395	101.21977253631056
Bhathia_01	R407F	283.0	333.0	50000.0	1689.81543956045	101.21977253631056
Bhathia_01	R407F	283.0	333.0	50000.0	1749.093087961948	101.21977253631056
Bhathia_01	R407F	283.0	333.0	50000.0	1810.45015848124	101.15145197435186
Bhathia_01	R407F	283.0	333.0	50000.0	1873.9595959206342	101.03254134010281
Bhathia_01	R407F	283.0	333.0	50000.0	1939.6969039396042	100.91054799089473
Bhathia_01	R407F	283.0	333.0	50000.0	2007.7402348178655	100.7856393152836
Bhathia_01	R407F	283.0	333.0	50000.0	2078.1704823672853	100.65786051478673
Bhathia_01	R407F	283.0	333.0	50000.0	2151.0713781030845	100.52678591042209
Bhathia_01	R407F	283.0	333.0	50000.0	2226.529590788659	100.39241789211417
Bhathia_01	R407F	283.0	333.0	50000.0	2304.63482947238	100.25483440417528
Bhathia_01	R407F	283.0	333.0	50000.0	2385.479950138839	100.1137551208675
Bhathia_01	R407F	283.0	333.0	50000.0	2469.161066101381	99.96924869816552
Bhathia_01	R407F	283.0	333.0	50000.0	2555.7776622671126	99.8211086551627
Bhathia_01	R407F	283.0	333.0	50000.0	2645.43271341026	99.66923351666809
Bhathia_01	R407F	283.0	333.0	50000.0	2738.2328065944866	99.51372518802614
Bhathia_01	R407F	283.0	333.0	50000.0	2834.2882678897013	99.35447176772665
Bhathia_01	R407F	283.0	333.0	50000.0	2933.7132935340187	99.19017685045571
Bhathia_01	R407F	283.0	333.0	50000.0	3036.6260856967806	99.02171116559384
Bhathia_01	R407F	283.0	333.0	50000.0	3143.1489930040857	98.84899745607427
Bhathia_01	R407F	283.0	333.0	50000.0	3253.4086559938396	98.67254961915958
Bhathia_01	R407F	283.0	333.0	50000.0	3367.536157673288	98.49202787790908
Bhathia_01	R407F	283.0	333.0	50000.0	3485.667179358007	98.30695298164918
Bhathia_01	R407F	283.0	333.0	50000.0	3607.9421619776303	98.11721880254186
Bhathia_01	R407F	283.0	333.0	50000.0	3734.506473040075	97.92356397857019
Bhathia_01	R407F	283.0	333.0	50000.0	3865.5105794527676	97.7253636684068
Bhathia_01	R407F	283.0	333.0	50000.0	4001.1102264063275	97.52245781620098
Bhathia_01	R407F	283.0	333.0	50000.0	4141.466622533378	97.31474977018787
Bhathia_01	R407F	283.0	333.0	50000.0	4286.746631562607	97.10228304352825
Bhathia_01	R407F	283.0	333.0	50000.0	4437.122970695934	96.88460079102519
Bhathia_01	R407F	283.0	333.0	50000.0	4592.774415944617	96.66081140290726
Bhathia_01	R407F	283.0	333.0	50000.0	4753.8860146684265	96.43217325765272
Bhathia_01	R407F	283.0	333.0	50000.0	4920.649305570547	96.19814272311064
Bhathia_01	R407F	283.0	333.0	50000.0	5093.26254640977	95.9587707989837
Bhathia_01	R407F	283.0	333.0	50000.0	5271.9309497006825	95.71413197515072
Bhathia_01	R407F	283.0	333.0	50000.0	5456.8669266820625	95.46383910439074
Bhathia_01	R407F	283.0	333.0	50000.0	5648.290339843539	95.20850869765886
Bhathia_01	R407F	283.0	333.0	50000.0	5846.4287643107255	94.94745931837366
Bhathia_01	R407F	283.0	333.0	50000.0	6051.517758399548	94.68076702858777
Bhathia_01	R407F	283.0	333.0	50000.0	6263.801143661515	94.40768532393662
Bhathia_01	R407F	283.0	333.0	50000.0	6483.531294752719	94.12846421824618
Bhathia_01	R407F	283.0	333.0	50000.0	6710.9694394713115	93.84283672066135
Bhathia_01	R407F	283.0	333.0	50000.0	6946.385969320071	93.55107707207443
Bhathia_01	R407F	283.0	333.0	50000.0	7190.06076096333	93.25357064441565
Bhathia_01	R407F	283.0	333.0	50000.0	7442.283508960394	92.94994301314385
Bhathia_01	R407F	283.0	333.0	50000.0	7703.354070171016	92.64008742127773
Bhathia_01	R407F	283.0	333.0	50000.0	7973.582820242459	92.32336967280865
Bhathia_01	R407F	283.0	333.0	50000.0	8253.291022601827	91.99945377028763
Bhathia_01	R407F	283.0	333.0	50000.0	8542.811210392447	91.66879965488462
Bhathia_01	R407F	283.0	333.0	50000.0	8842.487581808335	91.33109534720926
Bhathia_01	R407F	283.0	333.0	50000.0	9152.676409296731	90.98672159715062
Bhathia_01	R407F	283.0	333.0	50000.0	9473.746463115214	90.63618940578806
Bhathia_01	R407F	283.0	333.0	50000.0	9806.07944974691	90.27847714621609
Bhathia_01	R407F	283.0	333.0	50000.0	10150.070465695051	89.91297109443029
Bhathia_01	R407F	283.0	333.0	50000.0	10506.128467196331	89.5397747464591
Bhathia_01	R407F	283.0	333.0	50000.0	10874.676756411529	89.15883318810187
Bhathia_01	R407F	283.0	333.0	50000.0	11256.153484671382	88.77095273976782
Bhathia_01	R407F	283.0	333.0	50000.0	11651.012173375993	88.37639659559962
Bhathia_01	R407F	283.0	333.0	50000.0	12059.722253167078	87.97322819882937
Bhathia_01	R407F	283.0	333.0	50000.0	12482.769622014002	87.56179605415763
Bhathia_01	R407F	283.0	333.0	50000.0	12920.657222877158	87.1417496474131
Bhathia_01	R407F	283.0	333.0	50000.0	13373.905641635398	86.71454190227861
Bhathia_01	R407F	283.0	333.0	50000.0	13843.053725988231	86.28018863729484
Bhathia_01	R407F	283.0	333.0	50000.0	14328.65922606916	85.8362472106785
Bhathia_01	R407F	283.0	333.0	50000.0	14831.299457530586	85.38289972107219
Bhathia_01	R407F	283.0	333.0	50000.0	15351.571987890213	84.92041949360902
Bhathia_01	R407F	283.0	333.0	50000.0	15890.095346953078	84.45219674829266
Bhathia_01	R407F	283.0	333.0	50000.0	16447.509762155743	83.974426681405
Bhathia_01	R407F	283.0	333.0	50000.0	17024.47791970484	83.48636539933733
Bhathia_01	R407F	283.0	333.0	50000.0	17621.68575241697	82.98785397167629
Bhathia_01	R407F	283.0	333.0	50000.0	18239.84325519438	82.48194293768877
Bhathia_01	R407F	283.0	333.0	50000.0	18879.685329108175	81.96731166399064
Bhathia_01	R407F	283.0	333.0	50000.0	19541.972655090256	81.44212802316694
Bhathia_01	R407F	283.0	333.0	50000.0	20227.49259827501	80.90624747848963
Bhathia_01	R407F	283.0	333.0	50000.0	20937.060144063526	80.36161045075619
Bhathia_01	R407F	283.0	333.0	50000.0	21671.518867025392	79.8071817078777
Bhathia_01	R407F	283.0	333.0	50000.0	22431.741933788304	79.2423693675918
Bhathia_01	R407F	283.0	333.0	50000.0	23218.633141108625	78.66728641669141
Bhathia_01	R407F	283.0	333.0	50000.0	24033.127990356785	78.08213348047082
Bhathia_01	R407F	283.0	333.0	50000.0	24876.194799694935	77.48587331818332
Bhathia_01	R407F	283.0	333.0	50000.0	25748.835855269062	76.87872100508044
Bhathia_01	R407F	283.0	333.0	50000.0	26652.088602784228	76.2619814926512
Bhathia_01	R407F	283.0	333.0	50000.0	27587.026880879475	75.63400366137449
Bhathia_01	R407F	283.0	333.0	50000.0	28554.762197768767	74.99469349315817
Bhathia_01	R407F	283.0	333.0	50000.0	29556.445052665636	74.34437527263498
Bhathia_01	R407F	283.0	333.0	50000.0	30593.266303562625	73.682253486776
Bhathia_01	R407F	283.0	333.0	50000.0	31666.458582991498	73.00911353348592
Bhathia_01	R407F	283.0	333.0	50000.0	32777.29776344747	72.32509935294334
Bhathia_01	R407F	283.0	333.0	50000.0	33927.104474219595	71.62898715593445
Bhathia_01	R407F	283.0	333.0	50000.0	35117.24567143027	70.92113032776282
Bhathia_01	R407F	283.0	333.0	50000.0	36349.13626315173	70.20102816678236
Bhathia_01	R407F	283.0	333.0	50000.0	37624.240791528864	69.46868328695628
Bhathia_01	R407F	283.0	333.0	50000.0	38944.07517391196	68.72532621633991
Bhathia_01	R407F	283.0	333.0	50000.0	40310.20850506498	67.969580289519
Bhathia_01	R407F	283.0	333.0	50000.0	41724.264922596594	67.20141750219149
Bhathia_01	R407F	283.0	333.0	50000.0	43187.92553782676	66.42048554116805
Bhathia_01	R407F	283.0	333.0	50000.0	44702.93043438957	65.62676349657552
Bhathia_01	R407F	283.0	333.0	50000.0	46271.08073694302	64.82068438093098
Bhathia_01	R407F	283.0	333.0	50000.0	47894.24075245067	64.00279985693669
Bhathia_01	R407F	283.0	333.0	50000.0	49574.34018657513	63.171855603791975
Bhathia_01	R407F	283.0	333.0	50000.0	51313.376437824336	62.32774664048661
Bhathia_01	R407F	283.0	333.0	50000.0	53113.41697217184	61.47037311278027
Bhathia_01	R407F	283.0	333.0	50000.0	54976.60178098003	60.59954983376039
Bhathia_01	R407F	283.0	333.0	50000.0	56905.14592514396	59.717002283183206
Bhathia_01	R407F	283.0	333.0	50000.0	58901.34216848284	58.821354086542655
Bhathia_01	R407F	283.0	333.0	50000.0	60967.5637035091	57.91215038492391
Bhathia_01	R407F	283.0	333.0	50000.0	63106.2669728156	56.989262358870825
Bhathia_01	R407F	283.0	333.0	50000.0	65319.99458943548	56.052616485327015
Bhathia_01	R407F	283.0	333.0	50000.0	67611.3783596462	55.10281015013916
Bhathia_01	R407F	283.0	333.0	50000.0	69983.14241181171	54.14091833573134
Bhathia_01	R407F	283.0	333.0	50000.0	72438.10643498244	53.16502321991036
Bhathia_01	R407F	283.0	333.0	50000.0	74979.18903110319	52.17516348739436
Bhathia_01	R407F	283.0	333.0	50000.0	77609.41118481442	51.171214405532176
Bhathia_01	R407F	283.0	333.0	50000.0	80331.89985497203	50.15308874338735
Bhathia_01	R407F	283.0	333.0	50000.0	83149.89169215517	49.122872018545706
Bhathia_01	R407F	283.0	333.0	50000.0	86066.7368865822	48.07896801882473
Bhathia_01	R407F	283.0	333.0	50000.0	89085.903151008	47.02070673360015
Bhathia_01	R407F	283.0	333.0	50000.0	92210.9798433415	45.94802966948486
Bhathia_01	R407F	283.0	333.0	50000.0	95445.68223387754	44.86084753511548
Bhathia_01	R407F	283.0	333.0	50000.0	98793.85592222596	43.75984375504663
Bhathia_01	R407F	283.0	333.0	50000.0	102259.48140917791	42.646348173566395
Bhathia_01	R407F	283.0	333.0	50000.0	105846.67882895643	41.518161134107544
Bhathia_01	R407F	283.0	333.0	50000.0	109559.71284746489	40.37510906485781
Bhathia_01	R407F	283.0	333.0	50000.0	113402.99773236972	39.21712462311941
Bhathia_01	R407F	283.0	333.0	50000.0	117381.10260103126	38.04405060452856
Bhathia_01	R407F	283.0	333.0	50000.0	121498.75685253605	36.85823994738456
Bhathia_01	R407F	283.0	333.0	50000.0	125760.85579027371	35.65794789843666
Bhathia_01	R407F	283.0	333.0	50000.0	130172.46644175818	34.44222435828432
Bhathia_01	R407F	283.0	333.0	50000.0	134738.83358259665	33.210883910248356
Bhathia_01	R407F	283.0	333.0	50000.0	139465.3859717822	31.96379455310199
Bhathia_01	R407F	283.0	333.0	50000.0	144357.7428057125	30.70161430434981
Bhathia_01	R407F	283.0	333.0	50000.0	149421.7203986127	29.42606608976879
Bhathia_01	R407F	283.0	333.0	50000.0	154663.33909730316	28.134336212863655
Bhathia_01	R407F	283.0	333.0	50000.0	160088.83043853292	26.82619677245899
Bhathia_01	R407F	283.0	333.0	50000.0	165704.6445573877	25.50149647383824
Bhathia_01	R407F	283.0	333.0	50000.0	171517.45785558026	24.160037845042176
Bhathia_01	R407F	283.0	333.0	50000.0	177534.18093873924	22.804466808090044
Bhathia_01	R407F	283.0	333.0	50000.0	183761.96683213356	21.43301941595246
Bhathia_01	R407F	283.0	333.0	50000.0	190208.21948459864	20.044556199648458
Bhathia_01	R407F	283.0	333.0	50000.0	196880.60257077508	18.639053534348232
Bhathia_01	R407F	283.0	333.0	50000.0	203787.04860212465	17.216518954136866
Bhathia_01	R407F	283.0	333.0	50000.0	210935.76835755422	15.777945841549094
Bhathia_01	R407F	283.0	333.0	50000.0	218335.26064486115	14.326044814489178
Bhathia_01	R407F	283.0	333.0	50000.0	225994.32240460056	12.857684853608806
Bhathia_01	R407F	283.0	333.0	50000.0	233922.05916839777	11.373202496299518
Bhathia_01	R407F	283.0	333.0	50000.0	242127.89588411906	9.872948984415341
Bhathia_01	R407F	283.0	333.0	50000.0	250621.58812079762	8.357470066718172
Bhathia_01	R407F	283.0	333.0	50000.0	259413.23366660537	6.831007296113953
Bhathia_01	R407F	283.0	333.0	50000.0	268513.2845336903	5.292611563780909
Bhathia_01	R407F	283.0	333.0	50000.0	277932.5593841194	3.741688510326638
Bhathia_01	R407F	283.0	333.0	50000.0	287682.2563917327	2.179274987217234
Bhathia_01	R407F	283.0	333.0	50000.0	297773.9665551654	0.6064256214094607
Bhathia_01	R407F	283.0	333.0	50000.0	308219.6874779006	0.9745949522970495
Bhathia_01	R407F	283.0	333.0	50000.0	319031.83763169846	2.5583526684718425
Bhathia_01	R407F	283.0	333.0	50000.0	330223.271120397	4.148458188790624
Bhathia_01	R407F	283.0	333.0	50000.0	341807.2929615984	5.743458133933482
Bhathia_01	R407F	283.0	333.0	50000.0	353797.67490444286	7.34189381736449
Bhathia_01	R407F	283.0	333.0	50000.0	366208.67180225096	8.942275277896146
Bhathia_01	R407F	283.0	333.0	50000.0	379055.0385595106	10.538175114989288
Bhathia_01	R407F	283.0	333.0	50000.0	392352.047673353	12.1303976389182
Bhathia_01	R407F	283.0	333.0	50000.0	406115.50739037304	13.720238472081784
Bhathia_01	R407F	283.0	333.0	50000.0	420361.78050037875	15.306462542500784
Bhathia_01	R407F	283.0	333.0	50000.0	435107.80378941365	16.888136168518443
Bhathia_01	R407F	283.0	333.0	50000.0	450371.1081751789	18.462929375833102
Bhathia_01	R407F	283.0	333.0	50000.0	466169.83954879304	20.024076914872076
Bhathia_01	R407F	283.0	333.0	50000.0	482522.7803476675	21.577560026860855
Bhathia_01	R407F	283.0	333.0	50000.0	499449.37188514473	23.122611577187907
Bhathia_01	R407F	283.0	333.0	50000.0	516969.7374634458	24.658533059746244
Bhathia_01	R407F	283.0	333.0	50000.0	535104.7062974056	26.184891250029526
Bhathia_01	R407F	283.0	333.0	50000.0	553875.8382774384	27.695911762802154
Bhathia_01	R407F	283.0	333.0	50000.0	573305.4496011657	29.193618914840226
Bhathia_01	R407F	283.0	333.0	50000.0	593416.6393042037	30.681028597241284
Bhathia_01	R407F	283.0	333.0	50000.0	614233.3167216032	32.15790909281632
Bhathia_01	R407F	283.0	333.0	50000.0	635780.2299126569	33.62421662573935
Bhathia_01	R407F	283.0	333.0	50000.0	658082.9950827911	35.078770085771176
Bhathia_01	R407F	283.0	333.0	50000.0	681168.127037599	36.5152300281784
Bhathia_01	R407F	283.0	333.0	50000.0	705063.0707051408	37.94084822946177
Bhathia_01	R407F	283.0	333.0	50000.0	729796.2337640686	39.355682445032045
Bhathia_01	R407F	283.0	333.0	50000.0	755397.0204162808	40.75987694324118
Bhathia_01	R407F	283.0	333.0	50000.0	781895.866344346	42.15338012021032
Bhathia_01	R407F	283.0	333.0	50000.0	809324.2748951628	43.5317690908342
Bhathia_01	R407F	283.0	333.0	50000.0	837714.8545329691	44.89672390107147
Bhathia_01	R407F	283.0	333.0	50000.0	867101.3576061296	46.251624012923585
Bhathia_01	R407F	283.0	333.0	50000.0	897518.7204738803	47.59655706338071
Bhathia_01	R407F	283.0	333.0	50000.0	929003.1050406658	48.931552961055445
Bhathia_01	R407F	283.0	333.0	50000.0	961591.9417474868	50.25599546022723
Bhathia_01	R407F	283.0	333.0	50000.0	995323.9740713531	51.56365267697769
Bhathia_01	R407F	283.0	333.0	50000.0	1030239.3045857496	52.861658852164986
Bhathia_01	R407F	283.0	333.0	50000.0	1066379.442636875	54.15019519372323
Bhathia_01	R407F	283.0	333.0	50000.0	1103787.3536923314	55.42911968481773
Bhathia_01	R407F	283.0	333.0	50000.0	1142507.5104209343	56.69892187526005
Bhathia_01	R407F	283.0	333.0	50000.0	1182585.945564372	57.955308623845376
Bhathia_01	R407F	283.0	333.0	50000.0	1224070.3066635653	59.19949342213714
Bhathia_01	R407F	283.0	333.0	50000.0	1267009.912704797	60.43460260531773
Bhathia_01	R407F	283.0	333.0	50000.0	1311455.8127529488	61.6608089267484
Bhathia_01	R407F	283.0	333.0	50000.0	1357460.8466415561	62.87785892467812
Bhathia_01	R407F	283.0	333.0	50000.0	1405079.70779183	64.08522406034501
Bhathia_01	R407F	283.0	333.0	50000.0	1454369.008235332	65.27661583860822
Bhathia_01	R407F	283.0	333.0	50000.0	1505387.3459176025	66.45832992878074
Bhathia_01	R407F	283.0	333.0	50000.0	1558195.374362756	67.62994994462184
Bhathia_01	R407F	283.0	333.0	50000.0	1612855.874781868	68.79141331344228
Bhathia_01	R407F	283.0	333.0	50000.0	1669433.830710877	69.05756890146138
Bhathia_01	R407F	283.0	333.0	50000.0	1727996.50526674	69.05756890146138
Bhathia_01	R407F	283.0	333.0	50000.0	1788613.5211136676	69.05756890146138
Bhathia_01	R407F	283.0	333.0	50000.0	1851356.9432345594	69.05756890146138
Bhathia_01	R407F	283.0	333.0	50000.0	1916301.3646059704	69.05756890146138
Bhathia_01	R407F	283.0	333.0	50000.0	1983523.9948785233	69.05756890146138
Bhathia_01	R407F	283.0	333.0	50000.0	2053104.7521681644	69.05756890146138
Bhathia_01	R407F	283.0	333.0	50000.0	2125126.3580674017	69.05756890146138
Bhathia_01	R407F	283.0	333.0	50000.0	2199674.4359894753	69.05756890146138
Bhathia_01	R407F	283.0	333.0	50000.0	2276837.6129623787	69.05756890146138
Bhathia_01	R407F	283.0	333.0	50000.0	2356707.6249937494	69.05756890146138
Bhathia_01	R407F	283.0	333.0	50000.0	2439379.426131895	69.05756890146138
Bhathia_01	R407F	283.0	333.0	50000.0	2524951.301352604	69.05756890146138
Bhathia_01	R407F	283.0	333.0	50000.0	2613524.9834059626	69.05756890146138
Bhathia_01	R407F	283.0	333.0	50000.0	2705205.773762079	69.05756890146138
Bhathia_01	R407F	283.0	333.0	50000.0	2800102.6677995026	69.05756890146138
Bhathia_01	R407F	283.0	333.0	50000.0	2898328.4843851826	69.05756890146138
Bhathia_01	R407F	283.0	353.0	50000.0	100.0	101.21977253631056
Bhathia_01	R407F	283.0	353.0	50000.0	103.5079362523115	101.21977253631056
Bhathia_01	R407F	283.0	353.0	50000.0	107.13892867212581	101.21977253631056
Bhathia_01	R407F	283.0	353.0	50000.0	110.89729399135348	101.21977253631056
Bhathia_01	R407F	283.0	353.0	50000.0	114.78750037010863	101.21977253631056
Bhathia_01	R407F	283.0	353.0	50000.0	118.81417270871387	101.21977253631056
Bhathia_01	R407F	283.0	353.0	50000.0	122.98209814604685	101.21977253631056
Bhathia_01	R407F	283.0	353.0	50000.0	127.29623175076546	101.21977253631056
Bhathia_01	R407F	283.0	353.0	50000.0	131.76170241217702	101.21977253631056
Bhathia_01	R407F	283.0	353.0	50000.0	136.3838189377566	101.21977253631056
Bhathia_01	R407F	283.0	353.0	50000.0	141.16807636456102	101.21977253631056
Bhathia_01	R407F	283.0	353.0	50000.0	146.12016249204424	101.21977253631056
Bhathia_01	R407F	283.0	353.0	50000.0	151.24596464403913	101.21977253631056
Bhathia_01	R407F	283.0	353.0	50000.0	156.55157666794562	101.21977253631056
Bhathia_01	R407F	283.0	353.0	50000.0	162.04330617944572	101.21977253631056
Bhathia_01	R407F	283.0	353.0	50000.0	167.72768206135862	101.21977253631056
Bhathia_01	R407F	283.0	353.0	50000.0	173.6114622255508	101.21977253631056
Bhathia_01	R407F	283.0	353.0	50000.0	179.70164164712898	101.21977253631056
Bhathia_01	R407F	283.0	353.0	50000.0	186.00546068046754	101.21977253631056
Bhathia_01	R407F	283.0	353.0	50000.0	192.53041366695666	101.21977253631056
Bhathia_01	R407F	283.0	353.0	50000.0	199.28425784470534	101.21977253631056
Bhathia_01	R407F	283.0	353.0	50000.0	206.27502257078967	101.21977253631056
Bhathia_01	R407F	283.0	353.0	50000.0	213.51101886701414	101.21977253631056
Bhathia_01	R407F	283.0	353.0	50000.0	221.00084930052978	101.21977253631056
Bhathia_01	R407F	283.0	353.0	50000.0	228.7534182110594	101.21977253631056
Bhathia_01	R407F	283.0	353.0	50000.0	236.77794229688686	101.21977253631056
Bhathia_01	R407F	283.0	353.0	50000.0	245.08396157219659	101.21977253631056
Bhathia_01	R407F	283.0	353.0	50000.0	253.68135070878884	101.21977253631056
Bhathia_01	R407F	283.0	353.0	50000.0	262.58033077565597	101.21977253631056
Bhathia_01	R407F	283.0	353.0	50000.0	271.7914813903746	101.21977253631056
Bhathia_01	R407F	283.0	353.0	50000.0	281.32575329676206	101.21977253631056
Bhathia_01	R407F	283.0	353.0	50000.0	291.1944813837476	101.21977253631056
Bhathia_01	R407F	283.0	353.0	50000.0	301.4093981609385	101.21977253631056
Bhathia_01	R407F	283.0	353.0	50000.0	311.9826477069	101.21977253631056
Bhathia_01	R407F	283.0	353.0	50000.0	322.92680010673166	101.21977253631056
Bhathia_01	R407F	283.0	353.0	50000.0	334.2548663961052	101.21977253631056
Bhathia_01	R407F	283.0	353.0	50000.0	345.9803140295299	101.21977253631056
Bhathia_01	R407F	283.0	353.0	50000.0	358.11708289123294	101.21977253631056
Bhathia_01	R407F	283.0	353.0	50000.0	370.67960186769494	101.21977253631056
Bhathia_01	R407F	283.0	353.0	50000.0	383.6828060015357	101.21977253631056
Bhathia_01	R407F	283.0	353.0	50000.0	397.1421542471496	101.21977253631056
Bhathia_01	R407F	283.0	353.0	50000.0	411.0736478491962	101.21977253631056
Bhathia_01	R407F	283.0	353.0	50000.0	425.49384936579753	101.21977253631056
Bhathia_01	R407F	283.0	353.0	50000.0	440.41990235905604	101.21977253631056
Bhathia_01	R407F	283.0	353.0	50000.0	455.86955177630426	101.21977253631056
Bhathia_01	R407F	283.0	353.0	50000.0	471.8611650463152	101.21977253631056
Bhathia_01	R407F	283.0	353.0	50000.0	488.41375391555476	101.21977253631056
Bhathia_01	R407F	283.0	353.0	50000.0	505.546997050434	101.21977253631056
Bhathia_01	R407F	283.0	353.0	50000.0	523.2812634324383	101.21977253631056
Bhathia_01	R407F	283.0	353.0	50000.0	541.6376365739385	101.21977253631056
Bhathia_01	R407F	283.0	353.0	50000.0	560.6379395834789	101.21977253631056
Bhathia_01	R407F	283.0	353.0	50000.0	580.30476111034	101.21977253631056
Bhathia_01	R407F	283.0	353.0	50000.0	600.6614821992193	101.21977253631056
Bhathia_01	R407F	283.0	353.0	50000.0	621.7323040869574	101.21977253631056
Bhathia_01	R407F	283.0	353.0	50000.0	643.5422769743552	101.21977253631056
Bhathia_01	R407F	283.0	353.0	50000.0	666.1173298072896	101.21977253631056
Bhathia_01	R407F	283.0	353.0	50000.0	689.4843011025289	101.21977253631056
Bhathia_01	R407F	283.0	353.0	50000.0	713.670970854901	101.21977253631056
Bhathia_01	R407F	283.0	353.0	50000.0	738.7060935637436	101.21977253631056
Bhathia_01	R407F	283.0	353.0	50000.0	764.6194324179003	101.21977253631056
Bhathia_01	R407F	283.0	353.0	50000.0	791.4417946799063	101.21977253631056
Bhathia_01	R407F	283.0	353.0	50000.0	819.2050683114275	101.21977253631056
Bhathia_01	R407F	283.0	353.0	50000.0	847.9422598834972	101.21977253631056
Bhathia_01	R407F	283.0	353.0	50000.0	877.6875338166207	101.21977253631056
Bhathia_01	R407F	283.0	353.0	50000.0	908.4762529973926	101.21977253631056
Bhathia_01	R407F	283.0	353.0	50000.0	940.3450208199293	101.21977253631056
Bhathia_01	R407F	283.0	353.0	50000.0	973.3317247020778	101.21977253631056
Bhathia_01	R407F	283.0	353.0	50000.0	1007.4755811281508	101.21977253631056
Bhathia_01	R407F	283.0	353.0	50000.0	1042.817182271731	101.21977253631056
Bhathia_01	R407F	283.0	353.0	50000.0	1079.3985442539745	101.21977253631056
Bhathia_01	R407F	283.0	353.0	50000.0	1117.2631570947824	101.21977253631056
Bhathia_01	R407F	283.0	353.0	50000.0	1156.4560364162314	101.21977253631056
Bhathia_01	R407F	283.0	353.0	50000.0	1197.023776959721	101.21977253631056
Bhathia_01	R407F	283.0	353.0	50000.0	1239.0146079804795	101.21977253631056
Bhathia_01	R407F	283.0	353.0	50000.0	1282.478450585262	101.21977253631056
Bhathia_01	R407F	283.0	353.0	50000.0	1327.4669770814253	101.21977253631056
Bhathia_01	R407F	283.0	353.0	50000.0	1374.0336724079282	101.21977253631056
Bhathia_01	R407F	283.0	353.0	50000.0	1422.2338977212928	101.21977253631056
Bhathia_01	R407F	283.0	353.0	50000.0	1472.124956212121	101.21977253631056
Bhathia_01	R407F	283.0	353.0	50000.0	1523.766161230411	101.21977253631056
Bhathia_01	R407F	283.0	353.0	50000.0	1577.2189068006678	101.21977253631056
Bhathia_01	R407F	283.0	353.0	50000.0	1632.5467406106395	101.21977253631056
Bhathia_01	R407F	283.0	353.0	50000.0	1689.81543956045	101.21977253631056
Bhathia_01	R407F	283.0	353.0	50000.0	1749.093087961948	101.21977253631056
Bhathia_01	R407F	283.0	353.0	50000.0	1810.45015848124	101.21977253631056
Bhathia_01	R407F	283.0	353.0	50000.0	1873.9595959206342	101.21977253631056
Bhathia_01	R407F	283.0	353.0	50000.0	1939.6969039396042	101.21977253631056
Bhathia_01	R407F	283.0	353.0	50000.0	2007.7402348178655	101.21977253631056
Bhathia_01	R407F	283.0	353.0	50000.0	2078.1704823672853	101.21977253631056
Bhathia_01	R407F	283.0	353.0	50000.0	2151.0713781030845	101.21977253631056
Bhathia_01	R407F	283.0	353.0	50000.0	2226.529590788659	101.21977253631056
Bhathia_01	R407F	283.0	353.0	50000.0	2304.63482947238	101.21977253631056
Bhathia_01	R407F	283.0	353.0	50000.0	2385.479950138839	101.21977253631056
Bhathia_01	R407F	283.0	353.0	50000.0	2469.161066101381	101.21977253631056
Bhathia_01	R407F	283.0	353.0	50000.0	2555.7776622671126	101.21977253631056
Bhathia_01	R407F	283.0	353.0	50000.0	2645.43271341026	101.21977253631056
Bhathia_01	R407F	283.0	353.0	50000.0	2738.2328065944866	101.21977253631056
Bhathia_01	R407F	283.0	353.0	50000.0	2834.2882678897013	101.21977253631056
Bhathia_01	R407F	283.0	353.0	50000.0	2933.7132935340187	101.21977253631056
Bhathia_01	R407F	283.0	353.0	50000.0	3036.6260856967806	101.21977253631056
Bhathia_01	R407F	283.0	353.0	50000.0	3143.1489930040857	101.21977253631056
Bhathia_01	R407F	283.0	353.0	50000.0	3253.4086559938396	101.21977253631056
Bhathia_01	R407F	283.0	353.0	50000.0	3367.536157673288	101.21977253631056
Bhathia_01	R407F	283.0	353.0	50000.0	3485.667179358007	101.12800038891551
Bhathia_01	R407F	283.0	353.0	50000.0	3607.9421619776303	101.00333746526977
Bhathia_01	R407F	283.0	353.0	50000.0	3734.506473040075	100.87533593482317
Bhathia_01	R407F	283.0	353.0	50000.0	3865.5105794527676	100.7443576032349
Bhathia_01	R407F	283.0	353.0	50000.0	4001.1102264063275	100.61021302157135
Bhathia_01	R407F	283.0	353.0	50000.0	4141.466622533378	100.47250346499408
Bhathia_01	R407F	283.0	353.0	50000.0	4286.746631562607	100.33119497764262
Bhathia_01	R407F	283.0	353.0	50000.0	4437.122970695934	100.18631430460998
Bhathia_01	R407F	283.0	353.0	50000.0	4592.774415944617	100.03767318570317
Bhathia_01	R407F	283.0	353.0	50000.0	4753.8860146684265	99.88540674458615
Bhathia_01	R407F	283.0	353.0	50000.0	4920.649305570547	99.72923207779144
Bhathia_01	R407F	283.0	353.0	50000.0	5093.26254640977	99.56903384592584
Bhathia_01	R407F	283.0	353.0	50000.0	5271.9309497006825	99.40494890249451
Bhathia_01	R407F	283.0	353.0	50000.0	5456.8669266820625	99.23575734195566
Bhathia_01	R407F	283.0	353.0	50000.0	5648.290339843539	99.06193604054822
Bhathia_01	R407F	283.0	353.0	50000.0	5846.4287643107255	98.88382695139704
Bhathia_01	R407F	283.0	353.0	50000.0	6051.517758399548	98.70152031442427
Bhathia_01	R407F	283.0	353.0	50000.0	6263.801143661515	98.51496140037656
Bhathia_01	R407F	283.0	353.0	50000.0	6483.531294752719	98.3236069418536
Bhathia_01	R407F	283.0	353.0	50000.0	6710.9694394713115	98.12734854372579
Bhathia_01	R407F	283.0	353.0	50000.0	6946.385969320071	97.92701723646807
Bhathia_01	R407F	283.0	353.0	50000.0	7190.06076096333	97.72207683612245
Bhathia_01	R407F	283.0	353.0	50000.0	7442.283508960394	97.51195487206837
Bhathia_01	R407F	283.0	353.0	50000.0	7703.354070171016	97.29681427997357
Bhathia_01	R407F	283.0	353.0	50000.0	7973.582820242459	97.07669148887928
Bhathia_01	R407F	283.0	353.0	50000.0	8253.291022601827	96.85097576976747
Bhathia_01	R407F	283.0	353.0	50000.0	8542.811210392447	96.61931753662252
Bhathia_01	R407F	283.0	353.0	50000.0	8842.487581808335	96.38246069225069
Bhathia_01	R407F	283.0	353.0	50000.0	9152.676409296731	96.13981549622605
Bhathia_01	R407F	283.0	353.0	50000.0	9473.746463115214	95.89181812148131
Bhathia_01	R407F	283.0	353.0	50000.0	9806.07944974691	95.63811365933083
Bhathia_01	R407F	283.0	353.0	50000.0	10150.070465695051	95.37912120004898
Bhathia_01	R407F	283.0	353.0	50000.0	10506.128467196331	95.11465703037949
Bhathia_01	R407F	283.0	353.0	50000.0	10874.676756411529	94.84426066085064
Bhathia_01	R407F	283.0	353.0	50000.0	11256.153484671382	94.56772522283235
Bhathia_01	R407F	283.0	353.0	50000.0	11651.012173375993	94.28479524016704
Bhathia_01	R407F	283.0	353.0	50000.0	12059.722253167078	93.99538524323019
Bhathia_01	R407F	283.0	353.0	50000.0	12482.769622014002	93.70009619281146
Bhathia_01	R407F	283.0	353.0	50000.0	12920.657222877158	93.39844430960817
Bhathia_01	R407F	283.0	353.0	50000.0	13373.905641635398	93.09051769903233
Bhathia_01	R407F	283.0	353.0	50000.0	13843.053725988231	92.77702707768593
Bhathia_01	R407F	283.0	353.0	50000.0	14328.65922606916	92.45658829956331
Bhathia_01	R407F	283.0	353.0	50000.0	14831.299457530586	92.12920224884199
Bhathia_01	R407F	283.0	353.0	50000.0	15351.571987890213	91.79488717036564
Bhathia_01	R407F	283.0	353.0	50000.0	15890.095346953078	91.4535248269281
Bhathia_01	R407F	283.0	353.0	50000.0	16447.509762155743	91.10531010311189
Bhathia_01	R407F	283.0	353.0	50000.0	17024.47791970484	90.75100440667903
Bhathia_01	R407F	283.0	353.0	50000.0	17621.68575241697	90.39017481543014
Bhathia_01	R407F	283.0	353.0	50000.0	18239.84325519438	90.02193789557265
Bhathia_01	R407F	283.0	353.0	50000.0	18879.685329108175	89.64585108598979
Bhathia_01	R407F	283.0	353.0	50000.0	19541.972655090256	89.26206354122223
Bhathia_01	R407F	283.0	353.0	50000.0	20227.49259827501	88.87112655122817
Bhathia_01	R407F	283.0	353.0	50000.0	20937.060144063526	88.47416762493204
Bhathia_01	R407F	283.0	353.0	50000.0	21671.518867025392	88.06929731057234
Bhathia_01	R407F	283.0	353.0	50000.0	22431.741933788304	87.65622188437203
Bhathia_01	R407F	283.0	353.0	50000.0	23218.633141108625	87.23467544329363
Bhathia_01	R407F	283.0	353.0	50000.0	24033.127990356785	86.80560786661698
Bhathia_01	R407F	283.0	353.0	50000.0	24876.194799694935	86.37048792635235
Bhathia_01	R407F	283.0	353.0	50000.0	25748.835855269062	85.92617083810748
Bhathia_01	R407F	283.0	353.0	50000.0	26652.088602784228	85.47316533671844
Bhathia_01	R407F	283.0	353.0	50000.0	27587.026880879475	85.01094778343693
Bhathia_01	R407F	283.0	353.0	50000.0	28554.762197768767	84.54270775269352
Bhathia_01	R407F	283.0	353.0	50000.0	29556.445052665636	84.06617459059268
Bhathia_01	R407F	283.0	353.0	50000.0	30593.266303562625	83.57978280284797
Bhathia_01	R407F	283.0	353.0	50000.0	31666.458582991498	83.08371268373665
Bhathia_01	R407F	283.0	353.0	50000.0	32777.29776344747	82.57977508221765
Bhathia_01	R407F	283.0	353.0	50000.0	33927.104474219595	82.06812997171308
Bhathia_01	R407F	283.0	353.0	50000.0	35117.24567143027	81.54651216570171
Bhathia_01	R407F	283.0	353.0	50000.0	36349.13626315173	81.01455440865168
Bhathia_01	R407F	283.0	353.0	50000.0	37624.240791528864	80.474007998204
Bhathia_01	R407F	283.0	353.0	50000.0	38944.07517391196	79.925006670421
Bhathia_01	R407F	283.0	353.0	50000.0	40310.20850506498	79.36576868271865
Bhathia_01	R407F	283.0	353.0	50000.0	41724.264922596594	78.79637256446166
Bhathia_01	R407F	283.0	353.0	50000.0	43187.92553782676	78.21760911374963
Bhathia_01	R407F	283.0	353.0	50000.0	44702.93043438957	77.62831237487849
Bhathia_01	R407F	283.0	353.0	50000.0	46271.08073694302	77.02869482008701
Bhathia_01	R407F	283.0	353.0	50000.0	47894.24075245067	76.41984189112088
Bhathia_01	R407F	283.0	353.0	50000.0	49574.34018657513	75.80019611153448
Bhathia_01	R407F	283.0	353.0	50000.0	51313.376437824336	75.16936967945234
Bhathia_01	R407F	283.0	353.0	50000.0	53113.41697217184	74.52788917096926
Bhathia_01	R407F	283.0	353.0	50000.0	54976.60178098003	73.87510783724214
Bhathia_01	R407F	283.0	353.0	50000.0	56905.14592514396	73.2119321446442
Bhathia_01	R407F	283.0	353.0	50000.0	58901.34216848284	72.53767738794892
Bhathia_01	R407F	283.0	353.0	50000.0	60967.5637035091	71.85146341441202
Bhathia_01	R407F	283.0	353.0	50000.0	63106.2669728156	71.15340902916596
Bhathia_01	R407F	283.0	353.0	50000.0	65319.99458943548	70.44334712927235
Bhathia_01	R407F	283.0	353.0	50000.0	67611.3783596462	69.72132914964658
Bhathia_01	R407F	283.0	353.0	50000.0	69983.14241181171	68.98791129580881
Bhathia_01	R407F	283.0	353.0	50000.0	72438.10643498244	68.24168848163507
Bhathia_01	R407F	283.0	353.0	50000.0	74979.18903110319	67.4826202078277
Bhathia_01	R407F	283.0	353.0	50000.0	77609.41118481442	66.71041216181237
Bhathia_01	R407F	283.0	353.0	50000.0	80331.89985497203	65.92492147911065
Bhathia_01	R407F	283.0	353.0	50000.0	83149.89169215517	65.12714368235541
Bhathia_01	R407F	283.0	353.0	50000.0	86066.7368865822	64.31587196826501
Bhathia_01	R407F	283.0	353.0	50000.0	89085.903151008	63.49070983735087
Bhathia_01	R407F	283.0	353.0	50000.0	92210.9798433415	62.65132882760499
Bhathia_01	R407F	283.0	353.0	50000.0	95445.68223387754	61.79751419686687
Bhathia_01	R407F	283.0	353.0	50000.0	98793.85592222596	60.92942163609316
Bhathia_01	R407F	283.0	353.0	50000.0	102259.48140917791	60.04786810747249
Bhathia_01	R407F	283.0	353.0	50000.0	105846.67882895643	59.1512418563702
Bhathia_01	R407F	283.0	353.0	50000.0	109559.71284746489	58.239299400241734
Bhathia_01	R407F	283.0	353.0	50000.0	113402.99773236972	57.311708214349714
Bhathia_01	R407F	283.0	353.0	50000.0	117381.10260103126	56.36839134239986
Bhathia_01	R407F	283.0	353.0	50000.0	121498.75685253605	55.41071532326995
Bhathia_01	R407F	283.0	353.0	50000.0	125760.85579027371	54.43728401366661
Bhathia_01	R407F	283.0	353.0	50000.0	130172.46644175818	53.447442246554516
Bhathia_01	R407F	283.0	353.0	50000.0	134738.83358259665	52.44106183611687
Bhathia_01	R407F	283.0	353.0	50000.0	139465.3859717822	51.41787411966318
Bhathia_01	R407F	283.0	353.0	50000.0	144357.7428057125	50.37820336994262
Bhathia_01	R407F	283.0	353.0	50000.0	149421.7203986127	49.323208175949716
Bhathia_01	R407F	283.0	353.0	50000.0	154663.33909730316	48.250920644383235
Bhathia_01	R407F	283.0	353.0	50000.0	160088.83043853292	47.16114359870599
Bhathia_01	R407F	283.0	353.0	50000.0	165704.6445573877	46.05375814430548
Bhathia_01	R407F	283.0	353.0	50000.0	171517.45785558026	44.928634285958175
Bhathia_01	R407F	283.0	353.0	50000.0	177534.18093873924	43.787599689324544
Bhathia_01	R407F	283.0	353.0	50000.0	183761.96683213356	42.62943001112537
Bhathia_01	R407F	283.0	353.0	50000.0	190208.21948459864	41.45336179926174
Bhathia_01	R407F	283.0	353.0	50000.0	196880.60257077508	40.2592586120618
Bhathia_01	R407F	283.0	353.0	50000.0	203787.04860212465	39.04714070430968
Bhathia_01	R407F	283.0	353.0	50000.0	210935.76835755422	37.81762891583474
Bhathia_01	R407F	283.0	353.0	50000.0	218335.26064486115	36.57259989829064
Bhathia_01	R407F	283.0	353.0	50000.0	225994.32240460056	35.30972004596765
Bhathia_01	R407F	283.0	353.0	50000.0	233922.05916839777	34.029022200997495
Bhathia_01	R407F	283.0	353.0	50000.0	242127.89588411906	32.73059329319218
Bhathia_01	R407F	283.0	353.0	50000.0	250621.58812079762	31.41456545973885
Bhathia_01	R407F	283.0	353.0	50000.0	259413.23366660537	30.08366897553733
Bhathia_01	R407F	283.0	353.0	50000.0	268513.2845336903	28.736813719788298
Bhathia_01	R407F	283.0	353.0	50000.0	277932.5593841194	27.373091052489045
Bhathia_01	R407F	283.0	353.0	50000.0	287682.2563917327	25.992747032753435
Bhathia_01	R407F	283.0	353.0	50000.0	297773.9665551654	24.596078583024237
Bhathia_01	R407F	283.0	353.0	50000.0	308219.6874779006	23.18411979622172
Bhathia_01	R407F	283.0	353.0	50000.0	319031.83763169846	21.76012755022916
Bhathia_01	R407F	283.0	353.0	50000.0	330223.271120397	20.321064281834314
Bhathia_01	R407F	283.0	353.0	50000.0	341807.2929615984	18.86738011607253
Bhathia_01	R407F	283.0	353.0	50000.0	353797.67490444286	17.399556487676303
Bhathia_01	R407F	283.0	353.0	50000.0	366208.67180225096	15.918113753775275
Bhathia_01	R407F	283.0	353.0	50000.0	379055.0385595106	14.426993784533805
Bhathia_01	R407F	283.0	353.0	50000.0	392352.047673353	12.925219207401774
Bhathia_01	R407F	283.0	353.0	50000.0	406115.50739037304	11.411756049350034
Bhathia_01	R407F	283.0	353.0	50000.0	420361.78050037875	9.887170065484751
Bhathia_01	R407F	283.0	353.0	50000.0	435107.80378941365	8.352146798249132
Bhathia_01	R407F	283.0	353.0	50000.0	450371.1081751789	6.808289490254601
Bhathia_01	R407F	283.0	353.0	50000.0	466169.83954879304	5.260575381538665
Bhathia_01	R407F	283.0	353.0	50000.0	482522.7803476675	3.704932411995846
Bhathia_01	R407F	283.0	353.0	50000.0	499449.37188514473	2.1421560597607616
Bhathia_01	R407F	283.0	353.0	50000.0	516969.7374634458	0.5729678215762062
Bhathia_01	R407F	283.0	353.0	50000.0	535104.7062974056	1.0018946782087257
Bhathia_01	R407F	283.0	353.0	50000.0	553875.8382774384	2.5773886251561766
Bhathia_01	R407F	283.0	353.0	50000.0	573305.4496011657	4.154379552361826
Bhathia_01	R407F	283.0	353.0	50000.0	593416.6393042037	5.734366574252196
Bhathia_01	R407F	283.0	353.0	50000.0	614233.3167216032	7.316481009622245
Bhathia_01	R407F	283.0	353.0	50000.0	635780.2299126569	8.899822779309742
Bhathia_01	R407F	283.0	353.0	50000.0	658082.9950827911	10.482632756583754
Bhathia_01	R407F	283.0	353.0	50000.0	681168.127037599	12.058349939312102
Bhathia_01	R407F	283.0	353.0	50000.0	705063.0707051408	13.63265025748168
Bhathia_01	R407F	283.0	353.0	50000.0	729796.2337640686	15.204691064467388
Bhathia_01	R407F	283.0	353.0	50000.0	755397.0204162808	16.773867211312613
Bhathia_01	R407F	283.0	353.0	50000.0	781895.866344346	18.339340448423666
Bhathia_01	R407F	283.0	353.0	50000.0	809324.2748951628	19.895498066649132
Bhathia_01	R407F	283.0	353.0	50000.0	837714.8545329691	21.443040421877065
Bhathia_01	R407F	283.0	353.0	50000.0	867101.3576061296	22.984245003799856
Bhathia_01	R407F	283.0	353.0	50000.0	897518.7204738803	24.518309596990964
Bhathia_01	R407F	283.0	353.0	50000.0	929003.1050406658	26.044575716945047
Bhathia_01	R407F	283.0	353.0	50000.0	961591.9417474868	27.56164960897055
Bhathia_01	R407F	283.0	353.0	50000.0	995323.9740713531	29.062053154505314
Bhathia_01	R407F	283.0	353.0	50000.0	1030239.3045857496	30.552871563854932
Bhathia_01	R407F	283.0	353.0	50000.0	1066379.442636875	32.033442881862044
Bhathia_01	R407F	283.0	353.0	50000.0	1103787.3536923314	33.50326862478142
Bhathia_01	R407F	283.0	353.0	50000.0	1142507.5104209343	34.96173937724865
Bhathia_01	R407F	283.0	353.0	50000.0	1182585.945564372	36.40337559014136
Bhathia_01	R407F	283.0	353.0	50000.0	1224070.3066635653	37.82886769330284
Bhathia_01	R407F	283.0	353.0	50000.0	1267009.912704797	39.241377877516825
Bhathia_01	R407F	283.0	353.0	50000.0	1311455.8127529488	40.64058737940085
Bhathia_01	R407F	283.0	353.0	50000.0	1357460.8466415561	42.02601132048501
Bhathia_01	R407F	283.0	353.0	50000.0	1405079.70779183	43.39706130669729
Bhathia_01	R407F	283.0	353.0	50000.0	1454369.008235332	44.74590527464329
Bhathia_01	R407F	283.0	353.0	50000.0	1505387.3459176025	46.08028037765363
Bhathia_01	R407F	283.0	353.0	50000.0	1558195.374362756	47.399944312670016
Bhathia_01	R407F	283.0	353.0	50000.0	1612855.874781868	48.70460397514212
Bhathia_01	R407F	283.0	353.0	50000.0	1669433.830710877	49.994040552604496
Bhathia_01	R407F	283.0	353.0	50000.0	1727996.50526674	51.26353032508953
Bhathia_01	R407F	283.0	353.0	50000.0	1788613.5211136676	52.51378725315708
Bhathia_01	R407F	283.0	353.0	50000.0	1851356.9432345594	53.74845480482966
Bhathia_01	R407F	283.0	353.0	50000.0	1916301.3646059704	54.967314044853104
Bhathia_01	R407F	283.0	353.0	50000.0	1983523.9948785233	56.17073785623788
Bhathia_01	R407F	283.0	353.0	50000.0	2053104.7521681644	57.35817799108875
Bhathia_01	R407F	283.0	353.0	50000.0	2125126.3580674017	58.52238650334053
Bhathia_01	R407F	283.0	353.0	50000.0	2199674.4359894753	59.670965543686876
Bhathia_01	R407F	283.0	353.0	50000.0	2276837.6129623787	60.80402300368837
Bhathia_01	R407F	283.0	353.0	50000.0	2356707.6249937494	61.92144076540973
Bhathia_01	R407F	283.0	353.0	50000.0	2439379.426131895	63.02316853835488
Bhathia_01	R407F	283.0	353.0	50000.0	2524951.301352604	64.10537680246011
Bhathia_01	R407F	283.0	353.0	50000.0	2613524.9834059626	65.16839267497372
Bhathia_01	R407F	283.0	353.0	50000.0	2705205.773762079	66.21554214060062
Bhathia_01	R407F	283.0	353.0	50000.0	2800102.6677995026	67.24680605111293
Bhathia_01	R407F	283.0	353.0	50000.0	2898328.4843851826	68.26206651415934
