framework	molecule	T_ads_K	T_des_K	P_ads_Pa	P_des_Pa	SD
Bhathia_01	R407F	283.0	283.0	50000.0	100.0	101.21977253631056
Bhathia_01	R407F	283.0	283.0	50000.0	103.5079362523115	101.21977253631056
Bhathia_01	R407F	283.0	283.0	50000.0	107.13892867212581	101.21977253631056
Bhathia_01	R407F	283.0	283.0	50000.0	110.89729399135348	101.21977253631056
Bhathia_01	R407F	283.0	283.0	50000.0	114.78750037010863	101.21977253631056
Bhathia_01	R407F	283.0	283.0	50000.0	118.81417270871387	101.21977253631056
Bhathia_01	R407F	283.0	283.0	50000.0	122.98209814604685	101.21977253631056
Bhathia_01	R407F	283.0	283.0	50000.0	127.29623175076546	101.21977253631056
Bhathia_01	R407F	283.0	283.0	50000.0	131.76170241217702	101.1923265624228
Bhathia_01	R407F	283.0	283.0	50000.0	136.3838189377566	101.10494487627314
Bhathia_01	R407F	283.0	283.0	50000.0	141.16807636456102	101.01452291255654
Bhathia_01	R407F	283.0	283.0	50000.0	146.12016249204424	100.92095580616844
Bhathia_01	R407F	283.0	283.0	50000.0	151.24596464403913	100.82420741413044
Bhathia_01	R407F	283.0	283.0	50000.0	156.55157666794562	100.72448421731796
Bhathia_01	R407F	283.0	283.0	50000.0	162.04330617944572	100.62131215892335
Bhathia_01	R407F	283.0	283.0	50000.0	167.72768206135862	100.51455787643478
Bhathia_01	R407F	283.0	283.0	50000.0	173.6114622255508	100.40409562473302
Bhathia_01	R407F	283.0	283.0	50000.0	179.70164164712898	100.29655474296956
Bhathia_01	R407F	283.0	283.0	50000.0	186.00546068046754	100.192268561131
Bhathia_01	R407F	283.0	283.0	50000.0	192.53041366695666	100.0843627248838
Bhathia_01	R407F	283.0	283.0	50000.0	199.28425784470534	99.97289285181992
Bhathia_01	R407F	283.0	283.0	50000.0	206.27502257078967	99.85757352582985
Bhathia_01	R407F	283.0	283.0	50000.0	213.51101886701414	99.73826224774758
Bhathia_01	R407F	283.0	283.0	50000.0	221.00084930052978	99.61486880181585
Bhathia_01	R407F	283.0	283.0	50000.0	228.7534182110594	99.48730233960089
Bhathia_01	R407F	283.0	283.0	50000.0	236.77794229688686	99.3554094888943
Bhathia_01	R407F	283.0	283.0	50000.0	245.08396157219659	99.22890772975063
Bhathia_01	R407F	283.0	283.0	50000.0	253.68135070878884	99.10352743520187
Bhathia_01	R407F	283.0	283.0	50000.0	262.58033077565597	98.97380960867527
Bhathia_01	R407F	283.0	283.0	50000.0	271.7914813903746	98.83961994108685
Bhathia_01	R407F	283.0	283.0	50000.0	281.32575329676206	98.70116700829213
Bhathia_01	R407F	283.0	283.0	50000.0	291.1944813837476	98.5581673843668
Bhathia_01	R407F	283.0	283.0	50000.0	301.4093981609385	98.4102174583134
Bhathia_01	R407F	283.0	283.0	50000.0	311.9826477069	98.25714829077482
Bhathia_01	R407F	283.0	283.0	50000.0	322.92680010673166	98.09878535264438
Bhathia_01	R407F	283.0	283.0	50000.0	334.2548663961052	97.95183456067848
Bhathia_01	R407F	283.0	283.0	50000.0	345.9803140295299	97.80315290834643
Bhathia_01	R407F	283.0	283.0	50000.0	358.11708289123294	97.6493462509965
Bhathia_01	R407F	283.0	283.0	50000.0	370.67960186769494	97.49022220240799
Bhathia_01	R407F	283.0	283.0	50000.0	383.6828060015357	97.32583682229834
Bhathia_01	R407F	283.0	283.0	50000.0	397.1421542471496	97.156041943588
Bhathia_01	R407F	283.0	283.0	50000.0	411.0736478491962	96.98046276654667
Bhathia_01	R407F	283.0	283.0	50000.0	425.49384936579753	96.79853224093091
Bhathia_01	R407F	283.0	283.0	50000.0	440.41990235905604	96.6103200344686
Bhathia_01	R407F	283.0	283.0	50000.0	455.86955177630426	96.43882118954713
Bhathia_01	R407F	283.0	283.0	50000.0	471.8611650463152	96.26141135579304
Bhathia_01	R407F	283.0	283.0	50000.0	488.41375391555476	96.07796945534373
Bhathia_01	R407F	283.0	283.0	50000.0	505.546997050434	95.88878956236083
Bhathia_01	R407F	283.0	283.0	50000.0	523.2812634324383	95.69322855368732
Bhathia_01	R407F	283.0	283.0	50000.0	541.6376365739385	95.4910992947639
Bhathia_01	R407F	283.0	283.0	50000.0	560.6379395834789	95.28297370068597
Bhathia_01	R407F	283.0	283.0	50000.0	580.30476111034	95.06768028605647
Bhathia_01	R407F	283.0	283.0	50000.0	600.6614821992193	94.85032042787509
Bhathia_01	R407F	283.0	283.0	50000.0	621.7323040869574	94.64799461665704
Bhathia_01	R407F	283.0	283.0	50000.0	643.5422769743552	94.43869827320954
Bhathia_01	R407F	283.0	283.0	50000.0	666.1173298072896	94.22255884681206
Bhathia_01	R407F	283.0	283.0	50000.0	689.4843011025289	93.99904003844499
Bhathia_01	R407F	283.0	283.0	50000.0	713.670970854901	93.76828204682658
Bhathia_01	R407F	283.0	283.0	50000.0	738.7060935637436	93.5297831778726
Bhathia_01	R407F	283.0	283.0	50000.0	764.6194324179003	93.28395533637321
Bhathia_01	R407F	283.0	283.0	50000.0	791.4417946799063	93.03012845517658
Bhathia_01	R407F	283.0	283.0	50000.0	819.2050683114275	92.77986135742574
Bhathia_01	R407F	283.0	283.0	50000.0	847.9422598834972	92.5419715334204
Bhathia_01	R407F	283.0	283.0	50000.0	877.6875338166207	92.29612831606272
Bhathia_01	R407F	283.0	283.0	50000.0	908.4762529973926	92.0420156542657
Bhathia_01	R407F	283.0	283.0	50000.0	940.3450208199293	91.7793538797925
Bhathia_01	R407F	283.0	283.0	50000.0	973.3317247020778	91.50816285956455
Bhathia_01	R407F	283.0	283.0	50000.0	1007.4755811281508	91.22822573953603
Bhathia_01	R407F	283.0	283.0	50000.0	1042.817182271731	90.93961637938645
Bhathia_01	R407F	283.0	283.0	50000.0	1079.3985442539745	90.64251153023153
Bhathia_01	R407F	283.0	283.0	50000.0	1117.2631570947824	90.35543882841368
Bhathia_01	R407F	283.0	283.0	50000.0	1156.4560364162314	90.07655478997451
Bhathia_01	R407F	283.0	283.0	50000.0	1197.023776959721	89.78827512491289
Bhathia_01	R407F	283.0	283.0	50000.0	1239.0146079804795	89.49042552097468
Bhathia_01	R407F	283.0	283.0	50000.0	1282.478450585262	89.18289044996173
Bhathia_01	R407F	283.0	283.0	50000.0	1327.4669770814253	88.86581700047834
Bhathia_01	R407F	283.0	283.0	50000.0	1374.0336724079282	88.53976582946544
Bhathia_01	R407F	283.0	283.0	50000.0	1422.2338977212928	88.20303800453982
Bhathia_01	R407F	283.0	283.0	50000.0	1472.124956212121	87.85488247062514
Bhathia_01	R407F	283.0	283.0	50000.0	1523.766161230411	87.52555470070968
Bhathia_01	R407F	283.0	283.0	50000.0	1577.2189068006678	87.1987262623014
Bhathia_01	R407F	283.0	283.0	50000.0	1632.5467406106395	86.86170433772564
Bhathia_01	R407F	283.0	283.0	50000.0	1689.81543956045	86.5154674338994
Bhathia_01	R407F	283.0	283.0	50000.0	1749.093087961948	86.15766183584698
Bhathia_01	R407F	283.0	283.0	50000.0	1810.45015848124	85.78761312911068
Bhathia_01	R407F	283.0	283.0	50000.0	1873.9595959206342	85.40493443862151
Bhathia_01	R407F	283.0	283.0	50000.0	1939.6969039396042	85.00935017059754
Bhathia_01	R407F	283.0	283.0	50000.0	2007.7402348178655	84.60318739290005
Bhathia_01	R407F	283.0	283.0	50000.0	2078.1704823672853	84.22900658156145
Bhathia_01	R407F	283.0	283.0	50000.0	2151.0713781030845	83.84874367480319
Bhathia_01	R407F	283.0	283.0	50000.0	2226.529590788659	83.45544862874982
Bhathia_01	R407F	283.0	283.0	50000.0	2304.63482947238	83.04868621798303
Bhathia_01	R407F	283.0	283.0	50000.0	2385.479950138839	82.6293311898943
Bhathia_01	R407F	283.0	283.0	50000.0	2469.161066101381	82.19772554894166
Bhathia_01	R407F	283.0	283.0	50000.0	2555.7776622671126	81.75172427306283
Bhathia_01	R407F	283.0	283.0	50000.0	2645.43271341026	81.29058271717021
Bhathia_01	R407F	283.0	283.0	50000.0	2738.2328065944866	80.81672826551937
Bhathia_01	R407F	283.0	283.0	50000.0	2834.2882678897013	80.38619329106304
Bhathia_01	R407F	283.0	283.0	50000.0	2933.7132935340187	79.94162080874466
Bhathia_01	R407F	283.0	283.0	50000.0	3036.6260856967806	79.48211882524612
Bhathia_01	R407F	283.0	283.0	50000.0	3143.1489930040857	79.00721544539572
Bhathia_01	R407F	283.0	283.0	50000.0	3253.4086559938396	78.51746929250125
Bhathia_01	R407F	283.0	283.0	50000.0	3367.536157673288	78.01184046388641
Bhathia_01	R407F	283.0	283.0	50000.0	3485.667179358007	77.48938155412341
Bhathia_01	R407F	283.0	283.0	50000.0	3607.9421619776303	76.94985395871264
Bhathia_01	R407F	283.0	283.0	50000.0	3734.506473040075	76.40809184723636
Bhathia_01	R407F	283.0	283.0	50000.0	3865.5105794527676	75.90432353464651
Bhathia_01	R407F	283.0	283.0	50000.0	4001.1102264063275	75.38363200301322
Bhathia_01	R407F	283.0	283.0	50000.0	4141.466622533378	74.84614368500696
Bhathia_01	R407F	283.0	283.0	50000.0	4286.746631562607	74.29106344266519
Bhathia_01	R407F	283.0	283.0	50000.0	4437.122970695934	73.71749690884201
Bhathia_01	R407F	283.0	283.0	50000.0	4592.774415944617	73.12521065398279
Bhathia_01	R407F	283.0	283.0	50000.0	4753.8860146684265	72.51354963105872
Bhathia_01	R407F	283.0	283.0	50000.0	4920.649305570547	71.88157423718457
Bhathia_01	R407F	283.0	283.0	50000.0	5093.26254640977	71.26095015020987
Bhathia_01	R407F	283.0	283.0	50000.0	5271.9309497006825	70.67164971445405
Bhathia_01	R407F	283.0	283.0	50000.0	5456.8669266820625	70.06271593291856
Bhathia_01	R407F	283.0	283.0	50000.0	5648.290339843539	69.4336558766817
Bhathia_01	R407F	283.0	283.0	50000.0	5846.4287643107255	68.78376186236585
Bhathia_01	R407F	283.0	283.0	50000.0	6051.517758399548	68.1121633222555
Bhathia_01	R407F	283.0	283.0	50000.0	6263.801143661515	67.41841022759513
Bhathia_01	R407F	283.0	283.0	50000.0	6483.531294752719	66.70160226281611
Bhathia_01	R407F	283.0	283.0	50000.0	6710.9694394713115	65.96109777454967
Bhathia_01	R407F	283.0	283.0	50000.0	6946.385969320071	65.25151895799996
Bhathia_01	R407F	283.0	283.0	50000.0	7190.06076096333	64.5627961669705
Bhathia_01	R407F	283.0	283.0	50000.0	7442.283508960394	63.8511316653652
Bhathia_01	R407F	283.0	283.0	50000.0	7703.354070171016	63.11564489608624
Bhathia_01	R407F	283.0	283.0	50000.0	7973.582820242459	62.35559119471631
Bhathia_01	R407F	283.0	283.0	50000.0	8253.291022601827	61.57012874377454
Bhathia_01	R407F	283.0	283.0	50000.0	8542.811210392447	60.75831805175864
Bhathia_01	R407F	283.0	283.0	50000.0	8842.487581808335	59.91941113548353
Bhathia_01	R407F	283.0	283.0	50000.0	9152.676409296731	59.05246933583654
Bhathia_01	R407F	283.0	283.0	50000.0	9473.746463115214	58.2445527813354
Bhathia_01	R407F	283.0	283.0	50000.0	9806.07944974691	57.442376693207
Bhathia_01	R407F	283.0	283.0	50000.0	10150.070465695051	56.61329020055942
Bhathia_01	R407F	283.0	283.0	50000.0	10506.128467196331	55.756305643597976
Bhathia_01	R407F	283.0	283.0	50000.0	10874.676756411529	54.87024637002349
Bhathia_01	R407F	283.0	283.0	50000.0	11256.153484671382	53.95456363931797
Bhathia_01	R407F	283.0	283.0	50000.0	11651.012173375993	53.007943034630834
Bhathia_01	R407F	283.0	283.0	50000.0	12059.722253167078	52.02941000771982
Bhathia_01	R407F	283.0	283.0	50000.0	12482.769622014002	51.017850426513476
Bhathia_01	R407F	283.0	283.0	50000.0	12920.657222877158	50.1056365982685
Bhathia_01	R407F	283.0	283.0	50000.0	13373.905641635398	49.17717595767699
Bhathia_01	R407F	283.0	283.0	50000.0	13843.053725988231	48.2172060086785
Bhathia_01	R407F	283.0	283.0	50000.0	14328.65922606916	47.224610213970365
Bhathia_01	R407F	283.0	283.0	50000.0	14831.299457530586	46.198318648436235
Bhathia_01	R407F	283.0	283.0	50000.0	15351.571987890213	45.13719659866238
Bhathia_01	R407F	283.0	283.0	50000.0	15890.095346953078	44.04001469570504
Bhathia_01	R407F	283.0	283.0	50000.0	16447.509762155743	42.90554434050534
Bhathia_01	R407F	283.0	283.0	50000.0	17024.47791970484	41.74601455890006
Bhathia_01	R407F	283.0	283.0	50000.0	17621.68575241697	40.716967959211914
Bhathia_01	R407F	283.0	283.0	50000.0	18239.84325519438	39.65278800653877
Bhathia_01	R407F	283.0	283.0	50000.0	18879.685329108175	38.55227677938655
Bhathia_01	R407F	283.0	283.0	50000.0	19541.972655090256	37.41414005001981
Bhathia_01	R407F	283.0	283.0	50000.0	20227.49259827501	36.237108839058415
Bhathia_01	R407F	283.0	283.0	50000.0	20937.060144063526	35.01986793329444
Bhathia_01	R407F	283.0	283.0	50000.0	21671.518867025392	33.760991714224254
Bhathia_01	R407F	283.0	283.0	50000.0	22431.741933788304	32.45908299139678
Bhathia_01	R407F	283.0	283.0	50000.0	23218.633141108625	31.168438428147553
Bhathia_01	R407F	283.0	283.0	50000.0	24033.127990356785	30.006820659976338
Bhathia_01	R407F	283.0	283.0	50000.0	24876.194799694935	28.80532318715178
Bhathia_01	R407F	283.0	283.0	50000.0	25748.835855269062	27.562545230111397
Bhathia_01	R407F	283.0	283.0	50000.0	26652.088602784228	26.277046599413744
Bhathia_01	R407F	283.0	283.0	50000.0	27587.026880879475	24.947387390249165
Bhathia_01	R407F	283.0	283.0	50000.0	28554.762197768767	23.571973398509137
Bhathia_01	R407F	283.0	283.0	50000.0	29556.445052665636	22.1492351395308
Bhathia_01	R407F	283.0	283.0	50000.0	30593.266303562625	20.67754293596393
Bhathia_01	R407F	283.0	283.0	50000.0	31666.458582991498	19.274187140253602
Bhathia_01	R407F	283.0	283.0	50000.0	32777.29776344747	17.990399145640787
Bhathia_01	R407F	283.0	283.0	50000.0	33927.104474219595	16.66229446981193
Bhathia_01	R407F	283.0	283.0	50000.0	35117.24567143027	15.288360585165014
Bhathia_01	R407F	283.0	283.0	50000.0	36349.13626315173	13.866967765301093
Bhathia_01	R407F	283.0	283.0	50000.0	37624.240791528864	12.396451214527826
Bhathia_01	R407F	283.0	283.0	50000.0	38944.07517391196	10.8750897777275
Bhathia_01	R407F	283.0	283.0	50000.0	40310.20850506498	9.301053647492104
Bhathia_01	R407F	283.0	283.0	50000.0	41724.264922596594	7.672534772085139
Bhathia_01	R407F	283.0	283.0	50000.0	43187.92553782676	6.197127335190871
Bhathia_01	R407F	283.0	283.0	50000.0	44702.93043438957	4.8181085520620055
Bhathia_01	R407F	283.0	283.0	50000.0	46271.08073694302	3.3912171639058464
Bhathia_01	R407F	283.0	283.0	50000.0	47894.24075245067	1.914800022611579
Bhathia_01	R407F	283.0	283.0	50000.0	49574.34018657513	0.3870149212699701
Bhathia_01	R407F	283.0	283.0	50000.0	51313.376437824336	1.1939960333918804
Bhathia_01	R407F	283.0	283.0	50000.0	53113.41697217184	2.830204825805483
Bhathia_01	R407F	283.0	283.0	50000.0	54976.60178098003	4.523665898379225
Bhathia_01	R407F	283.0	283.0	50000.0	56905.14592514396	6.276417243255992
Bhathia_01	R407F	283.0	283.0	50000.0	58901.34216848284	7.760018965571652
Bhathia_01	R407F	283.0	283.0	50000.0	60967.5637035091	9.191140818171167
Bhathia_01	R407F	283.0	283.0	50000.0	63106.2669728156	10.672481613558404
Bhathia_01	R407F	283.0	283.0	50000.0	65319.99458943548	12.205875491554277
Bhathia_01	R407F	283.0	283.0	50000.0	67611.3783596462	13.793399489317519
Bhathia_01	R407F	283.0	283.0	50000.0	69983.14241181171	15.437066919707805
Bhathia_01	R407F	283.0	283.0	50000.0	72438.10643498244	17.13922849393496
Bhathia_01	R407F	283.0	283.0	50000.0	74979.18903110319	18.902079296661295
Bhathia_01	R407F	283.0	283.0	50000.0	77609.41118481442	20.72797624122054
Bhathia_01	R407F	283.0	283.0	50000.0	80331.89985497203	22.142373010061007
Bhathia_01	R407F	283.0	283.0	50000.0	83149.89169215517	23.57348307660472
Bhathia_01	R407F	283.0	283.0	50000.0	86066.7368865822	25.0556663298596
Bhathia_01	R407F	283.0	283.0	50000.0	89085.903151008	26.59101819544847
Bhathia_01	R407F	283.0	283.0	50000.0	92210.9798433415	28.181572160453094
Bhathia_01	R407F	283.0	283.0	50000.0	95445.68223387754	29.82972098462219
Bhathia_01	R407F	283.0	283.0	50000.0	98793.85592222596	31.537852352119916
Bhathia_01	R407F	283.0	283.0	50000.0	102259.48140917791	33.30843010687619
Bhathia_01	R407F	283.0	283.0	50000.0	105846.67882895643	35.084101892879644
Bhathia_01	R407F	283.0	283.0	50000.0	109559.71284746489	36.41621079485972
Bhathia_01	R407F	283.0	283.0	50000.0	113402.99773236972	37.79674390725474
Bhathia_01	R407F	283.0	283.0	50000.0	117381.10260103126	39.227637499503395
Bhathia_01	R407F	283.0	283.0	50000.0	121498.75685253605	40.71101919917108
Bhathia_01	R407F	283.0	283.0	50000.0	125760.85579027371	42.24890012111068
Bhathia_01	R407F	283.0	283.0	50000.0	130172.46644175818	43.843934688113876
Bhathia_01	R407F	283.0	283.0	50000.0	134738.83358259665	45.49837123288139
Bhathia_01	R407F	283.0	283.0	50000.0	139465.3859717822	47.21491324086427
Bhathia_01	R407F	283.0	283.0	50000.0	144357.7428057125	48.83194064394345
Bhathia_01	R407F	283.0	283.0	50000.0	149421.7203986127	50.07749752543659
Bhathia_01	R407F	283.0	283.0	50000.0	154663.33909730316	51.36918853010849
Bhathia_01	R407F	283.0	283.0	50000.0	160088.83043853292	52.70898301728645
Bhathia_01	R407F	283.0	283.0	50000.0	165704.6445573877	54.09898306290375
Bhathia_01	R407F	283.0	283.0	50000.0	171517.45785558026	55.54109771037324
Bhathia_01	R407F	283.0	283.0	50000.0	177534.18093873924	57.037952197219276
Bhathia_01	R407F	283.0	283.0	50000.0	183761.96683213356	58.591792601761085
Bhathia_01	R407F	283.0	283.0	50000.0	190208.21948459864	60.205132641807346
Bhathia_01	R407F	283.0	283.0	50000.0	196880.60257077508	61.617463359384026
Bhathia_01	R407F	283.0	283.0	50000.0	203787.04860212465	62.75696590636914
Bhathia_01	R407F	283.0	283.0	50000.0	210935.76835755422	63.938958724066566
Bhathia_01	R407F	283.0	283.0	50000.0	218335.26064486115	65.1650704372532
Bhathia_01	R407F	283.0	283.0	50000.0	225994.32240460056	66.43661548653188
Bhathia_01	R407F	283.0	283.0	50000.0	233922.05916839777	67.7548270939457
Bhathia_01	R407F	283.0	283.0	50000.0	242127.89588411906	69.05756890146138
Bhathia_01	R407F	283.0	283.0	50000.0	250621.58812079762	69.05756890146138
Bhathia_01	R407F	283.0	283.0	50000.0	259413.23366660537	69.05756890146138
Bhathia_01	R407F	283.0	283.0	50000.0	268513.2845336903	69.05756890146138
Bhathia_01	R407F	283.0	283.0	50000.0	277932.5593841194	69.05756890146138
Bhathia_01	R407F	283.0	283.0	50000.0	287682.2563917327	69.05756890146138
Bhathia_01	R407F	283.0	283.0	50000.0	297773.9665551654	69.05756890146138
Bhathia_01	R407F	283.0	283.0	50000.0	308219.6874779006	69.05756890146138
Bhathia_01	R407F	283.0	283.0	50000.0	319031.83763169846	69.05756890146138
Bhathia_01	R407F	283.0	283.0	50000.0	330223.271120397	69.05756890146138
Bhathia_01	R407F	283.0	283.0	50000.0	341807.2929615984	69.05756890146138
Bhathia_01	R407F	283.0	283.0	50000.0	353797.67490444286	69.05756890146138
Bhathia_01	R407F	283.0	283.0	50000.0	366208.67180225096	69.05756890146138
Bhathia_01	R407F	283.0	283.0	50000.0	379055.0385595106	69.05756890146138
Bhathia_01	R407F	283.0	283.0	50000.0	392352.047673353	69.05756890146138
Bhathia_01	R407F	283.0	283.0	50000.0	406115.50739037304	69.05756890146138
Bhathia_01	R407F	283.0	283.0	50000.0	420361.78050037875	69.05756890146138
Bhathia_01	R407F	283.0	283.0	50000.0	435107.80378941365	69.05756890146138
Bhathia_01	R407F	283.0	283.0	50000.0	450371.1081751789	69.05756890146138
Bhathia_01	R407F	283.0	283.0	50000.0	466169.83954879304	69.05756890146138
Bhathia_01	R407F	283.0	283.0	50000.0	482522.7803476675	69.05756890146138
Bhathia_01	R407F	283.0	283.0	50000.0	499449.37188514473	69.05756890146138
Bhathia_01	R407F	283.0	283.0	50000.0	516969.7374634458	69.05756890146138
Bhathia_01	R407F	283.0	283.0	50000.0	535104.7062974056	69.05756890146138
Bhathia_01	R407F	283.0	283.0	50000.0	553875.8382774384	69.05756890146138
Bhathia_01	R407F	283.0	283.0	50000.0	573305.4496011657	69.05756890146138
Bhathia_01	R407F	283.0	283.0	50000.0	593416.6393042037	69.05756890146138
Bhathia_01	R407F	283.0	283.0	50000.0	614233.3167216032	69.05756890146138
Bhathia_01	R407F	283.0	283.0	50000.0	635780.2299126569	69.05756890146138
Bhathia_01	R407F	283.0	283.0	50000.0	658082.9950827911	69.05756890146138
Bhathia_01	R407F	283.0	283.0	50000.0	681168.127037599	69.05756890146138
Bhathia_01	R407F	283.0	283.0	50000.0	705063.0707051408	69.05756890146138
Bhathia_01	R407F	283.0	283.0	50000.0	729796.2337640686	69.05756890146138
Bhathia_01	R407F	283.0	283.0	50000.0	755397.0204162808	69.05756890146138
Bhathia_01	R407F	283.0	283.0	50000.0	781895.866344346	69.05756890146138
Bhathia_01	R407F	283.0	283.0	50000.0	809324.2748951628	69.05756890146138
Bhathia_01	R407F	283.0	283.0	50000.0	837714.8545329691	69.05756890146138
Bhathia_01	R407F	283.0	283.0	50000.0	867101.3576061296	69.05756890146138
Bhathia_01	R407F	283.0	283.0	50000.0	897518.7204738803	69.05756890146138
Bhathia_01	R407F	283.0	283.0	50000.0	929003.1050406658	69.05756890146138
Bhathia_01	R407F	283.0	283.0	50000.0	961591.9417474868	69.05756890146138
Bhathia_01	R407F	283.0	283.0	50000.0	995323.9740713531	69.05756890146138
Bhathia_01	R407F	283.0	283.0	50000.0	1030239.3045857496	69.05756890146138
Bhathia_01	R407F	283.0	283.0	50000.0	1066379.442636875	69.05756890146138
Bhathia_01	R407F	283.0	283.0	50000.0	1103787.3536923314	69.05756890146138
Bhathia_01	R407F	283.0	283.0	50000.0	1142507.5104209343	69.05756890146138
Bhathia_01	R407F	283.0	283.0	50000.0	1182585.945564372	69.05756890146138
Bhathia_01	R407F	283.0	283.0	50000.0	1224070.3066635653	69.05756890146138
Bhathia_01	R407F	283.0	283.0	50000.0	1267009.912704797	69.05756890146138
Bhathia_01	R407F	283.0	283.0	50000.0	1311455.8127529488	69.05756890146138
Bhathia_01	R407F	283.0	283.0	50000.0	1357460.8466415561	69.05756890146138
Bhathia_01	R407F	283.0	283.0	50000.0	1405079.70779183	69.05756890146138
Bhathia_01	R407F	283.0	283.0	50000.0	1454369.008235332	69.05756890146138
Bhathia_01	R407F	283.0	283.0	50000.0	1505387.3459176025	69.05756890146138
Bhathia_01	R407F	283.0	283.0	50000.0	1558195.374362756	69.05756890146138
Bhathia_01	R407F	283.0	283.0	50000.0	1612855.874781868	69.05756890146138
Bhathia_01	R407F	283.0	283.0	50000.0	1669433.830710877	69.05756890146138
Bhathia_01	R407F	283.0	283.0	50000.0	1727996.50526674	69.05756890146138
Bhathia_01	R407F	283.0	283.0	50000.0	1788613.5211136676	69.05756890146138
Bhathia_01	R407F	283.0	283.0	50000.0	1851356.9432345594	69.05756890146138
Bhathia_01	R407F	283.0	283.0	50000.0	1916301.3646059704	69.05756890146138
Bhathia_01	R407F	283.0	283.0	50000.0	1983523.9948785233	69.05756890146138
Bhathia_01	R407F	283.0	283.0	50000.0	2053104.7521681644	69.05756890146138
Bhathia_01	R407F	283.0	283.0	50000.0	2125126.3580674017	69.05756890146138
Bhathia_01	R407F	283.0	283.0	50000.0	2199674.4359894753	69.05756890146138
Bhathia_01	R407F	283.0	283.0	50000.0	2276837.6129623787	69.05756890146138
Bhathia_01	R407F	283.0	283.0	50000.0	2356707.6249937494	69.05756890146138
Bhathia_01	R407F	283.0	283.0	50000.0	2439379.426131895	69.05756890146138
Bhathia_01	R407F	283.0	283.0	50000.0	2524951.301352604	69.05756890146138
Bhathia_01	R407F	283.0	283.0	50000.0	2613524.9834059626	69.05756890146138
Bhathia_01	R407F	283.0	283.0	50000.0	2705205.773762079	69.05756890146138
Bhathia_01	R407F	283.0	283.0	50000.0	2800102.6677995026	69.05756890146138
Bhathia_01	R407F	283.0	283.0	50000.0	2898328.4843851826	69.05756890146138
Bhathia_01	R407F	303.0	303.0	50000.0	100.0	67.9742419154549
Bhathia_01	R407F	303.0	303.0	50000.0	103.5079362523115	67.9742419154549
Bhathia_01	R407F	303.0	303.0	50000.0	107.13892867212581	67.9742419154549
Bhathia_01	R407F	303.0	303.0	50000.0	110.89729399135348	67.9742419154549
Bhathia_01	R407F	303.0	303.0	50000.0	114.78750037010863	67.9742419154549
Bhathia_01	R407F	303.0	303.0	50000.0	118.81417270871387	67.9742419154549
Bhathia_01	R407F	303.0	303.0	50000.0	122.98209814604685	67.9742419154549
Bhathia_01	R407F	303.0	303.0	50000.0	127.29623175076546	67.9742419154549
Bhathia_01	R407F	303.0	303.0	50000.0	131.76170241217702	67.9742419154549
Bhathia_01	R407F	303.0	303.0	50000.0	136.3838189377566	67.9742419154549
Bhathia_01	R407F	303.0	303.0	50000.0	141.16807636456102	67.9742419154549
Bhathia_01	R407F	303.0	303.0	50000.0	146.12016249204424	67.9742419154549
Bhathia_01	R407F	303.0	303.0	50000.0	151.24596464403913	67.9742419154549
Bhathia_01	R407F	303.0	303.0	50000.0	156.55157666794562	67.9742419154549
Bhathia_01	R407F	303.0	303.0	50000.0	162.04330617944572	67.9742419154549
Bhathia_01	R407F	303.0	303.0	50000.0	167.72768206135862	67.9742419154549
Bhathia_01	R407F	303.0	303.0	50000.0	173.6114622255508	67.9742419154549
Bhathia_01	R407F	303.0	303.0	50000.0	179.70164164712898	67.9742419154549
Bhathia_01	R407F	303.0	303.0	50000.0	186.00546068046754	67.9742419154549
Bhathia_01	R407F	303.0	303.0	50000.0	192.53041366695666	67.9742419154549
Bhathia_01	R407F	303.0	303.0	50000.0	199.28425784470534	67.9742419154549
Bhathia_01	R407F	303.0	303.0	50000.0	206.27502257078967	67.9742419154549
Bhathia_01	R407F	303.0	303.0	50000.0	213.51101886701414	67.9742419154549
Bhathia_01	R407F	303.0	303.0	50000.0	221.00084930052978	67.9742419154549
Bhathia_01	R407F	303.0	303.0	50000.0	228.7534182110594	67.9742419154549
Bhathia_01	R407F	303.0	303.0	50000.0	236.77794229688686	67.9742419154549
Bhathia_01	R407F	303.0	303.0	50000.0	245.08396157219659	67.9742419154549
Bhathia_01	R407F	303.0	303.0	50000.0	253.68135070878884	67.9742419154549
Bhathia_01	R407F	303.0	303.0	50000.0	262.58033077565597	67.9742419154549
Bhathia_01	R407F	303.0	303.0	50000.0	271.7914813903746	67.9742419154549
Bhathia_01	R407F	303.0	303.0	50000.0	281.32575329676206	67.9742419154549
Bhathia_01	R407F	303.0	303.0	50000.0	291.1944813837476	67.9742419154549
Bhathia_01	R407F	303.0	303.0	50000.0	301.4093981609385	67.9742419154549
Bhathia_01	R407F	303.0	303.0	50000.0	311.9826477069	67.9742419154549
Bhathia_01	R407F	303.0	303.0	50000.0	322.92680010673166	67.9742419154549
Bhathia_01	R407F	303.0	303.0	50000.0	334.2548663961052	67.9742419154549
Bhathia_01	R407F	303.0	303.0	50000.0	345.9803140295299	67.9742419154549
Bhathia_01	R407F	303.0	303.0	50000.0	358.11708289123294	67.9742419154549
Bhathia_01	R407F	303.0	303.0	50000.0	370.67960186769494	67.9742419154549
Bhathia_01	R407F	303.0	303.0	50000.0	383.6828060015357	67.9742419154549
Bhathia_01	R407F	303.0	303.0	50000.0	397.1421542471496	67.9742419154549
Bhathia_01	R407F	303.0	303.0	50000.0	411.0736478491962	67.9742419154549
Bhathia_01	R407F	303.0	303.0	50000.0	425.49384936579753	67.9742419154549
Bhathia_01	R407F	303.0	303.0	50000.0	440.41990235905604	67.9742419154549
Bhathia_01	R407F	303.0	303.0	50000.0	455.86955177630426	67.87164514743965
Bhathia_01	R407F	303.0	303.0	50000.0	471.8611650463152	67.76324514498809
Bhathia_01	R407F	303.0	303.0	50000.0	488.41375391555476	67.65258728898966
Bhathia_01	R407F	303.0	303.0	50000.0	505.546997050434	67.53940204170307
Bhathia_01	R407F	303.0	303.0	50000.0	523.2812634324383	67.42369768206056
Bhathia_01	R407F	303.0	303.0	50000.0	541.6376365739385	67.30531399663195
Bhathia_01	R407F	303.0	303.0	50000.0	560.6379395834789	67.18420353919385
Bhathia_01	R407F	303.0	303.0	50000.0	580.30476111034	67.06034715462899
Bhathia_01	R407F	303.0	303.0	50000.0	600.6614821992193	66.93392961586392
Bhathia_01	R407F	303.0	303.0	50000.0	621.7323040869574	66.80436634512108
Bhathia_01	R407F	303.0	303.0	50000.0	643.5422769743552	66.67166101870696
Bhathia_01	R407F	303.0	303.0	50000.0	666.1173298072896	66.53590321666013
Bhathia_01	R407F	303.0	303.0	50000.0	689.4843011025289	66.39702750386974
Bhathia_01	R407F	303.0	303.0	50000.0	713.670970854901	66.25527040875673
Bhathia_01	R407F	303.0	303.0	50000.0	738.7060935637436	66.11072345639795
Bhathia_01	R407F	303.0	303.0	50000.0	764.6194324179003	65.96290243252265
Bhathia_01	R407F	303.0	303.0	50000.0	791.4417946799063	65.81171711123123
Bhathia_01	R407F	303.0	303.0	50000.0	819.2050683114275	65.65717427639201
Bhathia_01	R407F	303.0	303.0	50000.0	847.9422598834972	65.49934302358305
Bhathia_01	R407F	303.0	303.0	50000.0	877.6875338166207	65.3382696918799
Bhathia_01	R407F	303.0	303.0	50000.0	908.4762529973926	65.17336356946413
Bhathia_01	R407F	303.0	303.0	50000.0	940.3450208199293	65.00427009287358
Bhathia_01	R407F	303.0	303.0	50000.0	973.3317247020778	64.83169866200396
Bhathia_01	R407F	303.0	303.0	50000.0	1007.4755811281508	64.65532982864319
Bhathia_01	R407F	303.0	303.0	50000.0	1042.817182271731	64.47526458262637
Bhathia_01	R407F	303.0	303.0	50000.0	1079.3985442539745	64.29180433694967
Bhathia_01	R407F	303.0	303.0	50000.0	1117.2631570947824	64.10426871812686
Bhathia_01	R407F	303.0	303.0	50000.0	1156.4560364162314	63.91279124668814
Bhathia_01	R407F	303.0	303.0	50000.0	1197.023776959721	63.71726230666263
Bhathia_01	R407F	303.0	303.0	50000.0	1239.0146079804795	63.517158295058216
Bhathia_01	R407F	303.0	303.0	50000.0	1282.478450585262	63.3130539582955
Bhathia_01	R407F	303.0	303.0	50000.0	1327.4669770814253	63.10451164430874
Bhathia_01	R407F	303.0	303.0	50000.0	1374.0336724079282	62.89186335441399
Bhathia_01	R407F	303.0	303.0	50000.0	1422.2338977212928	62.67477543261341
Bhathia_01	R407F	303.0	303.0	50000.0	1472.124956212121	62.453465541746525
Bhathia_01	R407F	303.0	303.0	50000.0	1523.766161230411	62.227805044148056
Bhathia_01	R407F	303.0	303.0	50000.0	1577.2189068006678	61.99753323232635
Bhathia_01	R407F	303.0	303.0	50000.0	1632.5467406106395	61.762440755158096
Bhathia_01	R407F	303.0	303.0	50000.0	1689.81543956045	61.522473999871764
Bhathia_01	R407F	303.0	303.0	50000.0	1749.093087961948	61.277725396580585
Bhathia_01	R407F	303.0	303.0	50000.0	1810.45015848124	61.028426188391805
Bhathia_01	R407F	303.0	303.0	50000.0	1873.9595959206342	60.77484855137991
Bhathia_01	R407F	303.0	303.0	50000.0	1939.6969039396042	60.5160540523847
Bhathia_01	R407F	303.0	303.0	50000.0	2007.7402348178655	60.25185256746227
Bhathia_01	R407F	303.0	303.0	50000.0	2078.1704823672853	59.98222732787682
Bhathia_01	R407F	303.0	303.0	50000.0	2151.0713781030845	59.70738067154182
Bhathia_01	R407F	303.0	303.0	50000.0	2226.529590788659	59.42828674985299
Bhathia_01	R407F	303.0	303.0	50000.0	2304.63482947238	59.1441406469047
Bhathia_01	R407F	303.0	303.0	50000.0	2385.479950138839	58.85405660779137
Bhathia_01	R407F	303.0	303.0	50000.0	2469.161066101381	58.55793669777125
Bhathia_01	R407F	303.0	303.0	50000.0	2555.7776622671126	58.25572601806825
Bhathia_01	R407F	303.0	303.0	50000.0	2645.43271341026	57.9491716786106
Bhathia_01	R407F	303.0	303.0	50000.0	2738.2328065944866	57.637833496760344
Bhathia_01	R407F	303.0	303.0	50000.0	2834.2882678897013	57.320094651711344
Bhathia_01	R407F	303.0	303.0	50000.0	2933.7132935340187	56.995849022266434
Bhathia_01	R407F	303.0	303.0	50000.0	3036.6260856967806	56.66523441075135
Bhathia_01	R407F	303.0	303.0	50000.0	3143.1489930040857	56.32997033431462
Bhathia_01	R407F	303.0	303.0	50000.0	3253.4086559938396	55.98887964808023
Bhathia_01	R407F	303.0	303.0	50000.0	3367.536157673288	55.64135715321538
Bhathia_01	R407F	303.0	303.0	50000.0	3485.667179358007	55.28716547947494
Bhathia_01	R407F	303.0	303.0	50000.0	3607.9421619776303	54.92734629698004
Bhathia_01	R407F	303.0	303.0	50000.0	3734.506473040075	54.56103740929532
Bhathia_01	R407F	303.0	303.0	50000.0	3865.5105794527676	54.1877581853388
Bhathia_01	R407F	303.0	303.0	50000.0	4001.1102264063275	53.80835245936611
Bhathia_01	R407F	303.0	303.0	50000.0	4141.466622533378	53.42251517805373
Bhathia_01	R407F	303.0	303.0	50000.0	4286.746631562607	53.02970421069838
Bhathia_01	R407F	303.0	303.0	50000.0	4437.122970695934	52.6297928664955
Bhathia_01	R407F	303.0	303.0	50000.0	4592.774415944617	52.223266834160064
Bhathia_01	R407F	303.0	303.0	50000.0	4753.8860146684265	51.809926265961494
Bhathia_01	R407F	303.0	303.0	50000.0	4920.649305570547	51.389607469055356
Bhathia_01	R407F	303.0	303.0	50000.0	5093.26254640977	50.96207305769443
Bhathia_01	R407F	303.0	303.0	50000.0	5271.9309497006825	50.527067773032826
Bhathia_01	R407F	303.0	303.0	50000.0	5456.8669266820625	50.084212061274364
Bhathia_01	R407F	303.0	303.0	50000.0	5648.290339843539	49.63379943736883
Bhathia_01	R407F	303.0	303.0	50000.0	5846.4287643107255	49.17643190809457
Bhathia_01	R407F	303.0	303.0	50000.0	6051.517758399548	48.711075834096974
Bhathia_01	R407F	303.0	303.0	50000.0	6263.801143661515	48.23791136923322
Bhathia_01	R407F	303.0	303.0	50000.0	6483.531294752719	47.756607734318955
Bhathia_01	R407F	303.0	303.0	50000.0	6710.9694394713115	47.26707539131297
Bhathia_01	R407F	303.0	303.0	50000.0	6946.385969320071	46.769635612328365
Bhathia_01	R407F	303.0	303.0	50000.0	7190.06076096333	46.2640091009674
Bhathia_01	R407F	303.0	303.0	50000.0	7442.283508960394	45.749843271608285
Bhathia_01	R407F	303.0	303.0	50000.0	7703.354070171016	45.226817531066224
Bhathia_01	R407F	303.0	303.0	50000.0	7973.582820242459	44.69513142146358
Bhathia_01	R407F	303.0	303.0	50000.0	8253.291022601827	44.15436095907637
Bhathia_01	R407F	303.0	303.0	50000.0	8542.811210392447	43.605665037014404
Bhathia_01	R407F	303.0	303.0	50000.0	8842.487581808335	43.047718332254895
Bhathia_01	R407F	303.0	303.0	50000.0	9152.676409296731	42.48019711326103
Bhathia_01	R407F	303.0	303.0	50000.0	9473.746463115214	41.903240909270124
Bhathia_01	R407F	303.0	303.0	50000.0	9806.07944974691	41.316532877659505
Bhathia_01	R407F	303.0	303.0	50000.0	10150.070465695051	40.720835219744245
Bhathia_01	R407F	303.0	303.0	50000.0	10506.128467196331	40.11578941366028
Bhathia_01	R407F	303.0	303.0	50000.0	10874.676756411529	39.50071101100229
Bhathia_01	R407F	303.0	303.0	50000.0	11256.153484671382	38.87535610902435
Bhathia_01	R407F	303.0	303.0	50000.0	11651.012173375993	38.23957442306447
Bhathia_01	R407F	303.0	303.0	50000.0	12059.722253167078	37.59331212218977
Bhathia_01	R407F	303.0	303.0	50000.0	12482.769622014002	36.937778307442194
Bhathia_01	R407F	303.0	303.0	50000.0	12920.657222877158	36.271551352020396
Bhathia_01	R407F	303.0	303.0	50000.0	13373.905641635398	35.594284928607024
Bhathia_01	R407F	303.0	303.0	50000.0	13843.053725988231	34.90587985153207
Bhathia_01	R407F	303.0	303.0	50000.0	14328.65922606916	34.206184741056845
Bhathia_01	R407F	303.0	303.0	50000.0	14831.299457530586	33.495812403096494
Bhathia_01	R407F	303.0	303.0	50000.0	15351.571987890213	32.77473396473394
Bhathia_01	R407F	303.0	303.0	50000.0	15890.095346953078	32.041856032049175
Bhathia_01	R407F	303.0	303.0	50000.0	16447.509762155743	31.29702988768481
Bhathia_01	R407F	303.0	303.0	50000.0	17024.47791970484	30.540120651906488
Bhathia_01	R407F	303.0	303.0	50000.0	17621.68575241697	29.771002539188316
Bhathia_01	R407F	303.0	303.0	50000.0	18239.84325519438	28.991022131059733
Bhathia_01	R407F	303.0	303.0	50000.0	18879.685329108175	28.198549134096805
Bhathia_01	R407F	303.0	303.0	50000.0	19541.972655090256	27.393330215865934
Bhathia_01	R407F	303.0	303.0	50000.0	20227.49259827501	26.57519392115978
Bhathia_01	R407F	303.0	303.0	50000.0	20937.060144063526	25.74393552505031
Bhathia_01	R407F	303.0	303.0	50000.0	21671.518867025392	24.900053290757924
Bhathia_01	R407F	303.0	303.0	50000.0	22431.741933788304	24.043845591585114
Bhathia_01	R407F	303.0	303.0	50000.0	23218.633141108625	23.174009772459122
Bhathia_01	R407F	303.0	303.0	50000.0	24033.127990356785	22.290349933299737
Bhathia_01	R407F	303.0	303.0	50000.0	24876.194799694935	21.39258224870691
Bhathia_01	R407F	303.0	303.0	50000.0	25748.835855269062	20.480536977739042
Bhathia_01	R407F	303.0	303.0	50000.0	26652.088602784228	19.55597012221439
Bhathia_01	R407F	303.0	303.0	50000.0	27587.026880879475	18.617079526466444
Bhathia_01	R407F	303.0	303.0	50000.0	28554.762197768767	17.663342066386885
Bhathia_01	R407F	303.0	303.0	50000.0	29556.445052665636	16.69459370205183
Bhathia_01	R407F	303.0	303.0	50000.0	30593.266303562625	15.710682611472619
Bhathia_01	R407F	303.0	303.0	50000.0	31666.458582991498	14.712189374545465
Bhathia_01	R407F	303.0	303.0	50000.0	32777.29776344747	13.699630192984436
Bhathia_01	R407F	303.0	303.0	50000.0	33927.104474219595	12.67136351670724
Bhathia_01	R407F	303.0	303.0	50000.0	35117.24567143027	11.627174407170472
Bhathia_01	R407F	303.0	303.0	50000.0	36349.13626315173	10.56683646827466
Bhathia_01	R407F	303.0	303.0	50000.0	37624.240791528864	9.490207168101932
Bhathia_01	R407F	303.0	303.0	50000.0	38944.07517391196	8.39940672395511
Bhathia_01	R407F	303.0	303.0	50000.0	40310.20850506498	7.2924331272567064
Bhathia_01	R407F	303.0	303.0	50000.0	41724.264922596594	6.168764529572917
Bhathia_01	R407F	303.0	303.0	50000.0	43187.92553782676	5.028261954835609
Bhathia_01	R407F	303.0	303.0	50000.0	44702.93043438957	3.8707260092386226
Bhathia_01	R407F	303.0	303.0	50000.0	46271.08073694302	2.697061630564362
Bhathia_01	R407F	303.0	303.0	50000.0	47894.24075245067	1.5082366232274684
Bhathia_01	R407F	303.0	303.0	50000.0	49574.34018657513	0.30215246656130096
Bhathia_01	R407F	303.0	303.0	50000.0	51313.376437824336	0.9212378504785027
Bhathia_01	R407F	303.0	303.0	50000.0	53113.41697217184	2.162002605580289
Bhathia_01	R407F	303.0	303.0	50000.0	54976.60178098003	3.4201996591148554
Bhathia_01	R407F	303.0	303.0	50000.0	56905.14592514396	4.692999353599664
Bhathia_01	R407F	303.0	303.0	50000.0	58901.34216848284	5.982501483954792
Bhathia_01	R407F	303.0	303.0	50000.0	60967.5637035091	7.289281755718745
Bhathia_01	R407F	303.0	303.0	50000.0	63106.2669728156	8.61328260304132
Bhathia_01	R407F	303.0	303.0	50000.0	65319.99458943548	9.954485106452669
Bhathia_01	R407F	303.0	303.0	50000.0	67611.3783596462	11.311567367644123
Bhathia_01	R407F	303.0	303.0	50000.0	69983.14241181171	12.682738744420181
Bhathia_01	R407F	303.0	303.0	50000.0	72438.10643498244	14.070462466383194
Bhathia_01	R407F	303.0	303.0	50000.0	74979.18903110319	15.474505420953962
Bhathia_01	R407F	303.0	303.0	50000.0	77609.41118481442	16.894616501063147
Bhathia_01	R407F	303.0	303.0	50000.0	80331.89985497203	18.330492887890298
Bhathia_01	R407F	303.0	303.0	50000.0	83149.89169215517	19.7782624760895
Bhathia_01	R407F	303.0	303.0	50000.0	86066.7368865822	21.24000603367972
Bhathia_01	R407F	303.0	303.0	50000.0	89085.903151008	22.71631072847969
Bhathia_01	R407F	303.0	303.0	50000.0	92210.9798433415	24.206760314169326
Bhathia_01	R407F	303.0	303.0	50000.0	95445.68223387754	25.710859627899488
Bhathia_01	R407F	303.0	303.0	50000.0	98793.85592222596	27.226641815069737
Bhathia_01	R407F	303.0	303.0	50000.0	102259.48140917791	28.750997486452675
Bhathia_01	R407F	303.0	303.0	50000.0	105846.67882895643	30.28704631451096
Bhathia_01	R407F	303.0	303.0	50000.0	109559.71284746489	31.834160280519455
Bhathia_01	R407F	303.0	303.0	50000.0	113402.99773236972	33.39180354587098
Bhathia_01	R407F	303.0	303.0	50000.0	117381.10260103126	34.95930639374516
Bhathia_01	R407F	303.0	303.0	50000.0	121498.75685253605	36.53143673225783
Bhathia_01	R407F	303.0	303.0	50000.0	125760.85579027371	38.11036424059021
Bhathia_01	R407F	303.0	303.0	50000.0	130172.46644175818	39.69676661516038
Bhathia_01	R407F	303.0	303.0	50000.0	134738.83358259665	41.28977315221195
Bhathia_01	R407F	303.0	303.0	50000.0	139465.3859717822	42.88863023342087
Bhathia_01	R407F	303.0	303.0	50000.0	144357.7428057125	44.49076669517193
Bhathia_01	R407F	303.0	303.0	50000.0	149421.7203986127	46.091786591933484
Bhathia_01	R407F	303.0	303.0	50000.0	154663.33909730316	47.696003501082494
Bhathia_01	R407F	303.0	303.0	50000.0	160088.83043853292	49.302686460797304
Bhathia_01	R407F	303.0	303.0	50000.0	165704.6445573877	50.911083905668384
Bhathia_01	R407F	303.0	303.0	50000.0	171517.45785558026	52.520396529852206
Bhathia_01	R407F	303.0	303.0	50000.0	177534.18093873924	54.12411273542392
Bhathia_01	R407F	303.0	303.0	50000.0	183761.96683213356	55.72469277947653
Bhathia_01	R407F	303.0	303.0	50000.0	190208.21948459864	57.32323045902679
Bhathia_01	R407F	303.0	303.0	50000.0	196880.60257077508	58.918896501851364
Bhathia_01	R407F	303.0	303.0	50000.0	203787.04860212465	60.51100384853436
Bhathia_01	R407F	303.0	303.0	50000.0	210935.76835755422	62.09711148221392
Bhathia_01	R407F	303.0	303.0	50000.0	218335.26064486115	63.671833647527045
Bhathia_01	R407F	303.0	303.0	50000.0	225994.32240460056	65.24083252694521
Bhathia_01	R407F	303.0	303.0	50000.0	233922.05916839777	66.80340121965195
Bhathia_01	R407F	303.0	303.0	50000.0	242127.89588411906	68.35885572408193
Bhathia_01	R407F	303.0	303.0	50000.0	250621.58812079762	69.90643329903197
Bhathia_01	R407F	303.0	303.0	50000.0	259413.23366660537	71.43947772784098
Bhathia_01	R407F	303.0	303.0	50000.0	268513.2845336903	72.96069465801027
Bhathia_01	R407F	303.0	303.0	50000.0	277932.5593841194	74.47225773405741
Bhathia_01	R407F	303.0	303.0	50000.0	287682.2563917327	75.97357915447806
Bhathia_01	R407F	303.0	303.0	50000.0	297773.9665551654	77.46442468297987
Bhathia_01	R407F	303.0	303.0	50000.0	308219.6874779006	78.94270529416733
Bhathia_01	R407F	303.0	303.0	50000.0	319031.83763169846	80.40260689908004
Bhathia_01	R407F	303.0	303.0	50000.0	330223.271120397	81.85072879151667
Bhathia_01	R407F	303.0	303.0	50000.0	341807.2929615984	83.28626125373901
Bhathia_01	R407F	303.0	303.0	50000.0	353797.67490444286	84.70974075796366
Bhathia_01	R407F	303.0	303.0	50000.0	366208.67180225096	86.12023381755057
Bhathia_01	R407F	303.0	303.0	50000.0	379055.0385595106	87.51194030746474
Bhathia_01	R407F	303.0	303.0	50000.0	392352.047673353	88.88768930475017
Bhathia_01	R407F	303.0	303.0	50000.0	406115.50739037304	90.25015259537925
Bhathia_01	R407F	303.0	303.0	50000.0	420361.78050037875	91.59932939474326
Bhathia_01	R407F	303.0	303.0	50000.0	435107.80378941365	92.93514097689798
Bhathia_01	R407F	303.0	303.0	50000.0	450371.1081751789	94.2555503466446
Bhathia_01	R407F	303.0	303.0	50000.0	466169.83954879304	95.55584146509094
Bhathia_01	R407F	303.0	303.0	50000.0	482522.7803476675	96.84173096516518
Bhathia_01	R407F	303.0	303.0	50000.0	499449.37188514473	98.11353269892423
Bhathia_01	R407F	303.0	303.0	50000.0	516969.7374634458	99.37064414000895
Bhathia_01	R407F	303.0	303.0	50000.0	535104.7062974056	100.61279397122078
Bhathia_01	R407F	303.0	303.0	50000.0	553875.8382774384	101.83455752503534
Bhathia_01	R407F	303.0	303.0	50000.0	573305.4496011657	102.30174090374625
Bhathia_01	R407F	303.0	303.0	50000.0	593416.6393042037	102.30174090374625
Bhathia_01	R407F	303.0	303.0	50000.0	614233.3167216032	102.30174090374625
Bhathia_01	R407F	303.0	303.0	50000.0	635780.2299126569	102.30174090374625
Bhathia_01	R407F	303.0	303.0	50000.0	658082.9950827911	102.30174090374625
Bhathia_01	R407F	303.0	303.0	50000.0	681168.127037599	102.30174090374625
Bhathia_01	R407F	303.0	303.0	50000.0	705063.0707051408	102.30174090374625
Bhathia_01	R407F	303.0	303.0	50000.0	729796.2337640686	102.30174090374625
Bhathia_01	R407F	303.0	303.0	50000.0	755397.0204162808	102.30174090374625
Bhathia_01	R407F	303.0	303.0	50000.0	781895.866344346	102.30174090374625
Bhathia_01	R407F	303.0	303.0	50000.0	809324.2748951628	102.30174090374625
Bhathia_01	R407F	303.0	303.0	50000.0	837714.8545329691	102.30174090374625
Bhathia_01	R407F	303.0	303.0	50000.0	867101.3576061296	102.30174090374625
Bhathia_01	R407F	303.0	303.0	50000.0	897518.7204738803	102.30174090374625
Bhathia_01	R407F	303.0	303.0	50000.0	929003.1050406658	102.30174090374625
Bhathia_01	R407F	303.0	303.0	50000.0	961591.9417474868	102.30174090374625
Bhathia_01	R407F	303.0	303.0	50000.0	995323.9740713531	102.30174090374625
Bhathia_01	R407F	303.0	303.0	50000.0	1030239.3045857496	102.30174090374625
Bhathia_01	R407F	303.0	303.0	50000.0	1066379.442636875	102.30174090374625
Bhathia_01	R407F	303.0	303.0	50000.0	1103787.3536923314	102.30174090374625
Bhathia_01	R407F	303.0	303.0	50000.0	1142507.5104209343	102.30174090374625
Bhathia_01	R407F	303.0	303.0	50000.0	1182585.945564372	102.30174090374625
Bhathia_01	R407F	303.0	303.0	50000.0	1224070.3066635653	102.30174090374625
Bhathia_01	R407F	303.0	303.0	50000.0	1267009.912704797	102.30174090374625
Bhathia_01	R407F	303.0	303.0	50000.0	1311455.8127529488	102.30174090374625
Bhathia_01	R407F	303.0	303.0	50000.0	1357460.8466415561	102.30174090374625
Bhathia_01	R407F	303.0	303.0	50000.0	1405079.70779183	102.30174090374625
Bhathia_01	R407F	303.0	303.0	50000.0	1454369.008235332	102.30174090374625
Bhathia_01	R407F	303.0	303.0	50000.0	1505387.3459176025	102.30174090374625
Bhathia_01	R407F	303.0	303.0	50000.0	1558195.374362756	102.30174090374625
Bhathia_01	R407F	303.0	303.0	50000.0	1612855.874781868	102.30174090374625
Bhathia_01	R407F	303.0	303.0	50000.0	1669433.830710877	102.30174090374625
Bhathia_01	R407F	303.0	303.0	50000.0	1727996.50526674	102.30174090374625
Bhathia_01	R407F	303.0	303.0	50000.0	1788613.5211136676	102.30174090374625
Bhathia_01	R407F	303.0	303.0	50000.0	1851356.9432345594	102.30174090374625
Bhathia_01	R407F	303.0	303.0	50000.0	1916301.3646059704	102.30174090374625
Bhathia_01	R407F	303.0	303.0	50000.0	1983523.9948785233	102.30174090374625
Bhathia_01	R407F	303.0	303.0	50000.0	2053104.7521681644	102.30174090374625
Bhathia_01	R407F	303.0	303.0	50000.0	2125126.3580674017	102.30174090374625
Bhathia_01	R407F	303.0	303.0	50000.0	2199674.4359894753	102.30174090374625
Bhathia_01	R407F	303.0	303.0	50000.0	2276837.6129623787	102.30174090374625
Bhathia_01	R407F	303.0	303.0	50000.0	2356707.6249937494	102.30174090374625
Bhathia_01	R407F	303.0	303.0	50000.0	2439379.426131895	102.30174090374625
Bhathia_01	R407F	303.0	303.0	50000.0	2524951.301352604	102.30174090374625
Bhathia_01	R407F	303.0	303.0	50000.0	2613524.9834059626	102.30174090374625
Bhathia_01	R407F	303.0	303.0	50000.0	2705205.773762079	102.30174090374625
Bhathia_01	R407F	303.0	303.0	50000.0	2800102.6677995026	102.30174090374625
Bhathia_01	R407F	303.0	303.0	50000.0	2898328.4843851826	102.30174090374625
Bhathia_01	R407F	333.0	333.0	50000.0	100.0	38.25420185615225
Bhathia_01	R407F	333.0	333.0	50000.0	103.5079362523115	38.25420185615225
Bhathia_01	R407F	333.0	333.0	50000.0	107.13892867212581	38.25420185615225
Bhathia_01	R407F	333.0	333.0	50000.0	110.89729399135348	38.25420185615225
Bhathia_01	R407F	333.0	333.0	50000.0	114.78750037010863	38.25420185615225
Bhathia_01	R407F	333.0	333.0	50000.0	118.81417270871387	38.25420185615225
Bhathia_01	R407F	333.0	333.0	50000.0	122.98209814604685	38.25420185615225
Bhathia_01	R407F	333.0	333.0	50000.0	127.29623175076546	38.25420185615225
Bhathia_01	R407F	333.0	333.0	50000.0	131.76170241217702	38.25420185615225
Bhathia_01	R407F	333.0	333.0	50000.0	136.3838189377566	38.25420185615225
Bhathia_01	R407F	333.0	333.0	50000.0	141.16807636456102	38.25420185615225
Bhathia_01	R407F	333.0	333.0	50000.0	146.12016249204424	38.25420185615225
Bhathia_01	R407F	333.0	333.0	50000.0	151.24596464403913	38.25420185615225
Bhathia_01	R407F	333.0	333.0	50000.0	156.55157666794562	38.25420185615225
Bhathia_01	R407F	333.0	333.0	50000.0	162.04330617944572	38.25420185615225
Bhathia_01	R407F	333.0	333.0	50000.0	167.72768206135862	38.25420185615225
Bhathia_01	R407F	333.0	333.0	50000.0	173.6114622255508	38.25420185615225
Bhathia_01	R407F	333.0	333.0	50000.0	179.70164164712898	38.25420185615225
Bhathia_01	R407F	333.0	333.0	50000.0	186.00546068046754	38.25420185615225
Bhathia_01	R407F	333.0	333.0	50000.0	192.53041366695666	38.25420185615225
Bhathia_01	R407F	333.0	333.0	50000.0	199.28425784470534	38.25420185615225
Bhathia_01	R407F	333.0	333.0	50000.0	206.27502257078967	38.25420185615225
Bhathia_01	R407F	333.0	333.0	50000.0	213.51101886701414	38.25420185615225
Bhathia_01	R407F	333.0	333.0	50000.0	221.00084930052978	38.25420185615225
Bhathia_01	R407F	333.0	333.0	50000.0	228.7534182110594	38.25420185615225
Bhathia_01	R407F	333.0	333.0	50000.0	236.77794229688686	38.25420185615225
Bhathia_01	R407F	333.0	333.0	50000.0	245.08396157219659	38.25420185615225
Bhathia_01	R407F	333.0	333.0	50000.0	253.68135070878884	38.25420185615225
Bhathia_01	R407F	333.0	333.0	50000.0	262.58033077565597	38.25420185615225
Bhathia_01	R407F	333.0	333.0	50000.0	271.7914813903746	38.25420185615225
Bhathia_01	R407F	333.0	333.0	50000.0	281.32575329676206	38.25420185615225
Bhathia_01	R407F	333.0	333.0	50000.0	291.1944813837476	38.25420185615225
Bhathia_01	R407F	333.0	333.0	50000.0	301.4093981609385	38.25420185615225
Bhathia_01	R407F	333.0	333.0	50000.0	311.9826477069	38.25420185615225
Bhathia_01	R407F	333.0	333.0	50000.0	322.92680010673166	38.25420185615225
Bhathia_01	R407F	333.0	333.0	50000.0	334.2548663961052	38.25420185615225
Bhathia_01	R407F	333.0	333.0	50000.0	345.9803140295299	38.25420185615225
Bhathia_01	R407F	333.0	333.0	50000.0	358.11708289123294	38.25420185615225
Bhathia_01	R407F	333.0	333.0	50000.0	370.67960186769494	38.25420185615225
Bhathia_01	R407F	333.0	333.0	50000.0	383.6828060015357	38.25420185615225
Bhathia_01	R407F	333.0	333.0	50000.0	397.1421542471496	38.25420185615225
Bhathia_01	R407F	333.0	333.0	50000.0	411.0736478491962	38.25420185615225
Bhathia_01	R407F	333.0	333.0	50000.0	425.49384936579753	38.25420185615225
Bhathia_01	R407F	333.0	333.0	50000.0	440.41990235905604	38.25420185615225
Bhathia_01	R407F	333.0	333.0	50000.0	455.86955177630426	38.25420185615225
Bhathia_01	R407F	333.0	333.0	50000.0	471.8611650463152	38.25420185615225
Bhathia_01	R407F	333.0	333.0	50000.0	488.41375391555476	38.25420185615225
Bhathia_01	R407F	333.0	333.0	50000.0	505.546997050434	38.25420185615225
Bhathia_01	R407F	333.0	333.0	50000.0	523.2812634324383	38.25420185615225
Bhathia_01	R407F	333.0	333.0	50000.0	541.6376365739385	38.25420185615225
Bhathia_01	R407F	333.0	333.0	50000.0	560.6379395834789	38.25420185615225
Bhathia_01	R407F	333.0	333.0	50000.0	580.30476111034	38.25420185615225
Bhathia_01	R407F	333.0	333.0	50000.0	600.6614821992193	38.25420185615225
Bhathia_01	R407F	333.0	333.0	50000.0	621.7323040869574	38.25420185615225
Bhathia_01	R407F	333.0	333.0	50000.0	643.5422769743552	38.25420185615225
Bhathia_01	R407F	333.0	333.0	50000.0	666.1173298072896	38.25420185615225
Bhathia_01	R407F	333.0	333.0	50000.0	689.4843011025289	38.25420185615225
Bhathia_01	R407F	333.0	333.0	50000.0	713.670970854901	38.25420185615225
Bhathia_01	R407F	333.0	333.0	50000.0	738.7060935637436	38.25420185615225
Bhathia_01	R407F	333.0	333.0	50000.0	764.6194324179003	38.25420185615225
Bhathia_01	R407F	333.0	333.0	50000.0	791.4417946799063	38.25420185615225
Bhathia_01	R407F	333.0	333.0	50000.0	819.2050683114275	38.25420185615225
Bhathia_01	R407F	333.0	333.0	50000.0	847.9422598834972	38.25420185615225
Bhathia_01	R407F	333.0	333.0	50000.0	877.6875338166207	38.25420185615225
Bhathia_01	R407F	333.0	333.0	50000.0	908.4762529973926	38.25420185615225
Bhathia_01	R407F	333.0	333.0	50000.0	940.3450208199293	38.25420185615225
Bhathia_01	R407F	333.0	333.0	50000.0	973.3317247020778	38.25420185615225
Bhathia_01	R407F	333.0	333.0	50000.0	1007.4755811281508	38.25420185615225
Bhathia_01	R407F	333.0	333.0	50000.0	1042.817182271731	38.25420185615225
Bhathia_01	R407F	333.0	333.0	50000.0	1079.3985442539745	38.25420185615225
Bhathia_01	R407F	333.0	333.0	50000.0	1117.2631570947824	38.25420185615225
Bhathia_01	R407F	333.0	333.0	50000.0	1156.4560364162314	38.25420185615225
Bhathia_01	R407F	333.0	333.0	50000.0	1197.023776959721	38.25420185615225
Bhathia_01	R407F	333.0	333.0	50000.0	1239.0146079804795	38.25420185615225
Bhathia_01	R407F	333.0	333.0	50000.0	1282.478450585262	38.25420185615225
Bhathia_01	R407F	333.0	333.0	50000.0	1327.4669770814253	38.25420185615225
Bhathia_01	R407F	333.0	333.0	50000.0	1374.0336724079282	38.25420185615225
Bhathia_01	R407F	333.0	333.0	50000.0	1422.2338977212928	38.25420185615225
Bhathia_01	R407F	333.0	333.0	50000.0	1472.124956212121	38.25420185615225
Bhathia_01	R407F	333.0	333.0	50000.0	1523.766161230411	38.25420185615225
Bhathia_01	R407F	333.0	333.0	50000.0	1577.2189068006678	38.25420185615225
Bhathia_01	R407F	333.0	333.0	50000.0	1632.5467406106395	38.25420185615225
Bhathia_01	R407F	333.0	333.0	50000.0	1689.81543956045	38.25420185615225
Bhathia_01	R407F	333.0	333.0	50000.0	1749.093087961948	38.25420185615225
Bhathia_01	R407F	333.0	333.0	50000.0	1810.45015848124	38.185950914332736
Bhathia_01	R407F	333.0	333.0	50000.0	1873.9595959206342	38.06719322892466
Bhathia_01	R407F	333.0	333.0	50000.0	1939.6969039396042	37.945399353108634
Bhathia_01	R407F	333.0	333.0	50000.0	2007.7402348178655	37.82050478872602
Bhathia_01	R407F	333.0	333.0	50000.0	2078.1704823672853	37.69242927810106
Bhathia_01	R407F	333.0	333.0	50000.0	2151.0713781030845	37.561119682126964
Bhathia_01	R407F	333.0	333.0	50000.0	2226.529590788659	37.42669280964071
Bhathia_01	R407F	333.0	333.0	50000.0	2304.63482947238	37.28901434561192
Bhathia_01	R407F	333.0	333.0	50000.0	2385.479950138839	37.14778154821799
Bhathia_01	R407F	333.0	333.0	50000.0	2469.161066101381	37.002981928667914
Bhathia_01	R407F	333.0	333.0	50000.0	2555.7776622671126	36.85453218337723
Bhathia_01	R407F	333.0	333.0	50000.0	2645.43271341026	36.702358561454055
Bhathia_01	R407F	333.0	333.0	50000.0	2738.2328065944866	36.54653700342633
Bhathia_01	R407F	333.0	333.0	50000.0	2834.2882678897013	36.386649320879705
Bhathia_01	R407F	333.0	333.0	50000.0	2933.7132935340187	36.22268313061672
Bhathia_01	R407F	333.0	333.0	50000.0	3036.6260856967806	36.05484476985231
Bhathia_01	R407F	333.0	333.0	50000.0	3143.1489930040857	35.8829551372444
Bhathia_01	R407F	333.0	333.0	50000.0	3253.4086559938396	35.70700145394334
Bhathia_01	R407F	333.0	333.0	50000.0	3367.536157673288	35.526696106526906
Bhathia_01	R407F	333.0	333.0	50000.0	3485.667179358007	35.34171390413543
Bhathia_01	R407F	333.0	333.0	50000.0	3607.9421619776303	35.15226051633948
Bhathia_01	R407F	333.0	333.0	50000.0	3734.506473040075	34.95838307897169
Bhathia_01	R407F	333.0	333.0	50000.0	3865.5105794527676	34.759858117461064
Bhathia_01	R407F	333.0	333.0	50000.0	4001.1102264063275	34.556480724685635
Bhathia_01	R407F	333.0	333.0	50000.0	4141.466622533378	34.34815758228446
Bhathia_01	R407F	333.0	333.0	50000.0	4286.746631562607	34.13495282752191
Bhathia_01	R407F	333.0	333.0	50000.0	4437.122970695934	33.916799273524106
Bhathia_01	R407F	333.0	333.0	50000.0	4592.774415944617	33.69323644011584
Bhathia_01	R407F	333.0	333.0	50000.0	4753.8860146684265	33.46469764432167
Bhathia_01	R407F	333.0	333.0	50000.0	4920.649305570547	33.230989306534234
Bhathia_01	R407F	333.0	333.0	50000.0	5093.26254640977	32.991839891116676
Bhathia_01	R407F	333.0	333.0	50000.0	5271.9309497006825	32.74730728769226
Bhathia_01	R407F	333.0	333.0	50000.0	5456.8669266820625	32.49714398141071
Bhathia_01	R407F	333.0	333.0	50000.0	5648.290339843539	32.241339783125056
Bhathia_01	R407F	333.0	333.0	50000.0	5846.4287643107255	31.980117761657723
Bhathia_01	R407F	333.0	333.0	50000.0	6051.517758399548	31.713047215396546
Bhathia_01	R407F	333.0	333.0	50000.0	6263.801143661515	31.439935589815484
Bhathia_01	R407F	333.0	333.0	50000.0	6483.531294752719	31.160899912218568
Bhathia_01	R407F	333.0	333.0	50000.0	6710.9694394713115	30.875755662001417
Bhathia_01	R407F	333.0	333.0	50000.0	6946.385969320071	30.584267652711805
Bhathia_01	R407F	333.0	333.0	50000.0	7190.06076096333	30.28701674705025
Bhathia_01	R407F	333.0	333.0	50000.0	7442.283508960394	29.983360801910152
Bhathia_01	R407F	333.0	333.0	50000.0	7703.354070171016	29.672812966563043
Bhathia_01	R407F	333.0	333.0	50000.0	7973.582820242459	29.355934942111453
Bhathia_01	R407F	333.0	333.0	50000.0	8253.291022601827	29.032196869912386
Bhathia_01	R407F	333.0	333.0	50000.0	8542.811210392447	28.702000131210973
Bhathia_01	R407F	333.0	333.0	50000.0	8842.487581808335	28.364939660332684
Bhathia_01	R407F	333.0	333.0	50000.0	9152.676409296731	28.02081279977302
Bhathia_01	R407F	333.0	333.0	50000.0	9473.746463115214	27.669582244770396
Bhathia_01	R407F	333.0	333.0	50000.0	9806.07944974691	27.311124588526845
Bhathia_01	R407F	333.0	333.0	50000.0	10150.070465695051	26.945548706662137
Bhathia_01	R407F	333.0	333.0	50000.0	10506.128467196331	26.57298851933665
Bhathia_01	R407F	333.0	333.0	50000.0	10874.676756411529	26.19297529165355
Bhathia_01	R407F	333.0	333.0	50000.0	11256.153484671382	25.805270752517206
Bhathia_01	R407F	333.0	333.0	50000.0	11651.012173375993	25.410129230406667
Bhathia_01	R407F	333.0	333.0	50000.0	12059.722253167078	25.00671416791552
Bhathia_01	R407F	333.0	333.0	50000.0	12482.769622014002	24.59588747229049
Bhathia_01	R407F	333.0	333.0	50000.0	12920.657222877158	24.176863153453382
Bhathia_01	R407F	333.0	333.0	50000.0	13373.905641635398	23.749534538554755
Bhathia_01	R407F	333.0	333.0	50000.0	13843.053725988231	23.3137926673252
Bhathia_01	R407F	333.0	333.0	50000.0	14328.65922606916	22.86960065481558
Bhathia_01	R407F	333.0	333.0	50000.0	14831.299457530586	22.417163489267207
Bhathia_01	R407F	333.0	333.0	50000.0	15351.571987890213	21.956657090050722
Bhathia_01	R407F	333.0	333.0	50000.0	15890.095346953078	21.487210642247703
Bhathia_01	R407F	333.0	333.0	50000.0	16447.509762155743	21.00861347550235
Bhathia_01	R407F	333.0	333.0	50000.0	17024.47791970484	20.520725536633574
Bhathia_01	R407F	333.0	333.0	50000.0	17621.68575241697	20.023427183899003
Bhathia_01	R407F	333.0	333.0	50000.0	18239.84325519438	19.517434246168424
Bhathia_01	R407F	333.0	333.0	50000.0	18879.685329108175	19.001946943497867
Bhathia_01	R407F	333.0	333.0	50000.0	19541.972655090256	18.476848414948954
Bhathia_01	R407F	333.0	333.0	50000.0	20227.49259827501	17.9420769797533
Bhathia_01	R407F	333.0	333.0	50000.0	20937.060144063526	17.397233745117706
Bhathia_01	R407F	333.0	333.0	50000.0	21671.518867025392	16.842453502952697
Bhathia_01	R407F	333.0	333.0	50000.0	22431.741933788304	16.27793553724506
Bhathia_01	R407F	333.0	333.0	50000.0	23218.633141108625	15.702975561584408
Bhathia_01	R407F	333.0	333.0	50000.0	24033.127990356785	15.117531744384577
Bhathia_01	R407F	333.0	333.0	50000.0	24876.194799694935	14.52151535892646
Bhathia_01	R407F	333.0	333.0	50000.0	25748.835855269062	13.914691536070752
Bhathia_01	R407F	333.0	333.0	50000.0	26652.088602784228	13.297788054722051
Bhathia_01	R407F	333.0	333.0	50000.0	27587.026880879475	12.669846079351005
Bhathia_01	R407F	333.0	333.0	50000.0	28554.762197768767	12.030666124543696
Bhathia_01	R407F	333.0	333.0	50000.0	29556.445052665636	11.380172769610358
Bhathia_01	R407F	333.0	333.0	50000.0	30593.266303562625	10.718286877667396
Bhathia_01	R407F	333.0	333.0	50000.0	31666.458582991498	10.045231033836023
Bhathia_01	R407F	333.0	333.0	50000.0	32777.29776344747	9.361163237886224
Bhathia_01	R407F	333.0	333.0	50000.0	33927.104474219595	8.665184468358744
Bhathia_01	R407F	333.0	333.0	50000.0	35117.24567143027	7.957226514363084
Bhathia_01	R407F	333.0	333.0	50000.0	36349.13626315173	7.237228833118405
Bhathia_01	R407F	333.0	333.0	50000.0	37624.240791528864	6.50498814971336
Bhathia_01	R407F	333.0	333.0	50000.0	38944.07517391196	5.7615763579248505
Bhathia_01	R407F	333.0	333.0	50000.0	40310.20850506498	5.005905818322502
Bhathia_01	R407F	333.0	333.0	50000.0	41724.264922596594	4.237685955247653
Bhathia_01	R407F	333.0	333.0	50000.0	43187.92553782676	3.456859365616163
Bhathia_01	R407F	333.0	333.0	50000.0	44702.93043438957	2.663175368986596
Bhathia_01	R407F	333.0	333.0	50000.0	46271.08073694302	1.857088112738787
Bhathia_01	R407F	333.0	333.0	50000.0	47894.24075245067	1.0391996897121945
Bhathia_01	R407F	333.0	333.0	50000.0	49574.34018657513	0.20830174655959882
Bhathia_01	R407F	333.0	333.0	50000.0	51313.376437824336	0.6357491181927742
Bhathia_01	R407F	333.0	333.0	50000.0	53113.41697217184	1.4931517008268866
Bhathia_01	R407F	333.0	333.0	50000.0	54976.60178098003	2.363948972621263
Bhathia_01	R407F	333.0	333.0	50000.0	56905.14592514396	3.2464665461117725
Bhathia_01	R407F	333.0	333.0	50000.0	58901.34216848284	4.142067962099146
Bhathia_01	R407F	333.0	333.0	50000.0	60967.5637035091	5.051300587204118
Bhathia_01	R407F	333.0	333.0	50000.0	63106.2669728156	5.974198904609189
Bhathia_01	R407F	333.0	333.0	50000.0	65319.99458943548	6.910792238085086
Bhathia_01	R407F	333.0	333.0	50000.0	67611.3783596462	7.8605151297346465
Bhathia_01	R407F	333.0	333.0	50000.0	69983.14241181171	8.822497568433594
Bhathia_01	R407F	333.0	333.0	50000.0	72438.10643498244	9.798370659890116
Bhathia_01	R407F	333.0	333.0	50000.0	74979.18903110319	10.78818768411912
Bhathia_01	R407F	333.0	333.0	50000.0	77609.41118481442	11.792129852799173
Bhathia_01	R407F	333.0	333.0	50000.0	80331.89985497203	12.810251181692848
Bhathia_01	R407F	333.0	333.0	50000.0	83149.89169215517	13.8404634953314
Bhathia_01	R407F	333.0	333.0	50000.0	86066.7368865822	14.884366064761215
Bhathia_01	R407F	333.0	333.0	50000.0	89085.903151008	15.942632216138144
Bhathia_01	R407F	333.0	333.0	50000.0	92210.9798433415	17.015301469268266
Bhathia_01	R407F	333.0	333.0	50000.0	95445.68223387754	18.102467145327836
Bhathia_01	R407F	333.0	333.0	50000.0	98793.85592222596	19.20348003964903
Bhathia_01	R407F	333.0	333.0	50000.0	102259.48140917791	20.316961395575934
Bhathia_01	R407F	333.0	333.0	50000.0	105846.67882895643	21.445155476512955
Bhathia_01	R407F	333.0	333.0	50000.0	109559.71284746489	22.58820166992524
Bhathia_01	R407F	333.0	333.0	50000.0	113402.99773236972	23.746178978809922
Bhathia_01	R407F	333.0	333.0	50000.0	117381.10260103126	24.919250793555424
Bhathia_01	R407F	333.0	333.0	50000.0	121498.75685253605	26.105066597167454
Bhathia_01	R407F	333.0	333.0	50000.0	125760.85579027371	27.305352097289763
Bhathia_01	R407F	333.0	333.0	50000.0	130172.46644175818	28.52108659660026
Bhathia_01	R407F	333.0	333.0	50000.0	134738.83358259665	29.75242334131069
Bhathia_01	R407F	333.0	333.0	50000.0	139465.3859717822	30.99952057424962
Bhathia_01	R407F	333.0	333.0	50000.0	144357.7428057125	32.261697498148465
Bhathia_01	R407F	333.0	333.0	50000.0	149421.7203986127	33.53724876379441
Bhathia_01	R407F	333.0	333.0	50000.0	154663.33909730316	34.82899314226758
Bhathia_01	R407F	333.0	333.0	50000.0	160088.83043853292	36.13713192649251
Bhathia_01	R407F	333.0	333.0	50000.0	165704.6445573877	37.46184100197602
Bhathia_01	R407F	333.0	333.0	50000.0	171517.45785558026	38.803299106987666
Bhathia_01	R407F	333.0	333.0	50000.0	177534.18093873924	40.158869364344895
Bhathia_01	R407F	333.0	333.0	50000.0	183761.96683213356	41.5302691240229
Bhathia_01	R407F	333.0	333.0	50000.0	190208.21948459864	42.918816324371726
Bhathia_01	R407F	333.0	333.0	50000.0	196880.60257077508	44.324319382988136
Bhathia_01	R407F	333.0	333.0	50000.0	203787.04860212465	45.74685853134885
Bhathia_01	R407F	333.0	333.0	50000.0	210935.76835755422	47.185428389999736
Bhathia_01	R407F	333.0	333.0	50000.0	218335.26064486115	48.6373525670474
Bhathia_01	R407F	333.0	333.0	50000.0	225994.32240460056	50.10572638012096
Bhathia_01	R407F	333.0	333.0	50000.0	233922.05916839777	51.59020907486649
Bhathia_01	R407F	333.0	333.0	50000.0	242127.89588411906	53.090460429462105
Bhathia_01	R407F	333.0	333.0	50000.0	250621.58812079762	54.60589873610097
Bhathia_01	R407F	333.0	333.0	50000.0	259413.23366660537	56.132465023211836
Bhathia_01	R407F	333.0	333.0	50000.0	268513.2845336903	57.670871289952
Bhathia_01	R407F	333.0	333.0	50000.0	277932.5593841194	59.2218003589792
Bhathia_01	R407F	333.0	333.0	50000.0	287682.2563917327	60.784217504620656
Bhathia_01	R407F	333.0	333.0	50000.0	297773.9665551654	62.35710497220143
Bhathia_01	R407F	333.0	333.0	50000.0	308219.6874779006	63.93813609131314
Bhathia_01	R407F	333.0	333.0	50000.0	319031.83763169846	65.52189198351189
Bhathia_01	R407F	333.0	333.0	50000.0	330223.271120397	67.11205017353464
Bhathia_01	R407F	333.0	333.0	50000.0	341807.2929615984	68.70706168635719
Bhathia_01	R407F	333.0	333.0	50000.0	353797.67490444286	70.305504314621
Bhathia_01	R407F	333.0	333.0	50000.0	366208.67180225096	71.90592082976174
Bhathia_01	R407F	333.0	333.0	50000.0	379055.0385595106	73.50184652895796
Bhathia_01	R407F	333.0	333.0	50000.0	392352.047673353	75.09409725791124
Bhathia_01	R407F	333.0	333.0	50000.0	406115.50739037304	76.68394229226203
Bhathia_01	R407F	333.0	333.0	50000.0	420361.78050037875	78.27019774148228
Bhathia_01	R407F	333.0	333.0	50000.0	435107.80378941365	79.85185778756812
Bhathia_01	R407F	333.0	333.0	50000.0	450371.1081751789	81.4265917495807
Bhathia_01	R407F	333.0	333.0	50000.0	466169.83954879304	82.9877632289704
Bhathia_01	R407F	333.0	333.0	50000.0	482522.7803476675	84.5413790799706
Bhathia_01	R407F	333.0	333.0	50000.0	499449.37188514473	86.08649863410834
Bhathia_01	R407F	333.0	333.0	50000.0	516969.7374634458	87.6225108923351
Bhathia_01	R407F	333.0	333.0	50000.0	535104.7062974056	89.14891679232161
Bhathia_01	R407F	333.0	333.0	50000.0	553875.8382774384	90.65993152835107
Bhathia_01	R407F	333.0	333.0	50000.0	573305.4496011657	92.15772741380084
Bhathia_01	R407F	333.0	333.0	50000.0	593416.6393042037	93.64523208434673
Bhathia_01	R407F	333.0	333.0	50000.0	614233.3167216032	95.12203348865484
Bhathia_01	R407F	333.0	333.0	50000.0	635780.2299126569	96.58842119908248
Bhathia_01	R407F	333.0	333.0	50000.0	658082.9950827911	98.04300604809009
Bhathia_01	R407F	333.0	333.0	50000.0	681168.127037599	99.47952203355688
Bhathia_01	R407F	333.0	333.0	50000.0	705063.0707051408	100.90514426619116
Bhathia_01	R407F	333.0	333.0	50000.0	729796.2337640686	102.32005900139603
Bhathia_01	R407F	333.0	333.0	50000.0	755397.0204162808	103.72425352723283
Bhathia_01	R407F	333.0	333.0	50000.0	781895.866344346	105.11789961738403
Bhathia_01	R407F	333.0	333.0	50000.0	809324.2748951628	106.49620116038415
Bhathia_01	R407F	333.0	333.0	50000.0	837714.8545329691	107.86129782429948
Bhathia_01	R407F	333.0	333.0	50000.0	867101.3576061296	109.21623424851356
Bhathia_01	R407F	333.0	333.0	50000.0	897518.7204738803	110.56127574114987
Bhathia_01	R407F	333.0	333.0	50000.0	929003.1050406658	111.89634340812493
Bhathia_01	R407F	333.0	333.0	50000.0	961591.9417474868	113.2207938991792
Bhathia_01	R407F	333.0	333.0	50000.0	995323.9740713531	114.52849196502603
Bhathia_01	R407F	333.0	333.0	50000.0	1030239.3045857496	115.82660793904937
Bhathia_01	R407F	333.0	333.0	50000.0	1066379.442636875	117.11501696507048
Bhathia_01	R407F	333.0	333.0	50000.0	1103787.3536923314	118.39425964740778
Bhathia_01	R407F	333.0	333.0	50000.0	1142507.5104209343	119.66407353867676
Bhathia_01	R407F	333.0	333.0	50000.0	1182585.945564372	120.92040205385305
Bhathia_01	R407F	333.0	333.0	50000.0	1224070.3066635653	122.16465360853184
Bhathia_01	R407F	333.0	333.0	50000.0	1267009.912704797	123.39986415393082
Bhathia_01	R407F	333.0	333.0	50000.0	1311455.8127529488	124.62618565831288
Bhathia_01	R407F	333.0	333.0	50000.0	1357460.8466415561	125.84307772628763
Bhathia_01	R407F	333.0	333.0	50000.0	1405079.70779183	127.05054564856562
Bhathia_01	R407F	333.0	333.0	50000.0	1454369.008235332	128.24189168070873
Bhathia_01	R407F	333.0	333.0	50000.0	1505387.3459176025	129.42318437942933
Bhathia_01	R407F	333.0	333.0	50000.0	1558195.374362756	130.59505460227476
Bhathia_01	R407F	333.0	333.0	50000.0	1612855.874781868	131.75620821753807
Bhathia_01	R407F	333.0	333.0	50000.0	1669433.830710877	132.0223466250856
Bhathia_01	R407F	333.0	333.0	50000.0	1727996.50526674	132.0223466250856
Bhathia_01	R407F	333.0	333.0	50000.0	1788613.5211136676	132.0223466250856
Bhathia_01	R407F	333.0	333.0	50000.0	1851356.9432345594	132.0223466250856
Bhathia_01	R407F	333.0	333.0	50000.0	1916301.3646059704	132.0223466250856
Bhathia_01	R407F	333.0	333.0	50000.0	1983523.9948785233	132.0223466250856
Bhathia_01	R407F	333.0	333.0	50000.0	2053104.7521681644	132.0223466250856
Bhathia_01	R407F	333.0	333.0	50000.0	2125126.3580674017	132.0223466250856
Bhathia_01	R407F	333.0	333.0	50000.0	2199674.4359894753	132.0223466250856
Bhathia_01	R407F	333.0	333.0	50000.0	2276837.6129623787	132.0223466250856
Bhathia_01	R407F	333.0	333.0	50000.0	2356707.6249937494	132.0223466250856
Bhathia_01	R407F	333.0	333.0	50000.0	2439379.426131895	132.0223466250856
Bhathia_01	R407F	333.0	333.0	50000.0	2524951.301352604	132.0223466250856
Bhathia_01	R407F	333.0	333.0	50000.0	2613524.9834059626	132.0223466250856
Bhathia_01	R407F	333.0	333.0	50000.0	2705205.773762079	132.0223466250856
Bhathia_01	R407F	333.0	333.0	50000.0	2800102.6677995026	132.0223466250856
Bhathia_01	R407F	333.0	333.0	50000.0	2898328.4843851826	132.0223466250856
Bhathia_01	R407F	353.0	353.0	50000.0	100.0	25.573317467678912
Bhathia_01	R407F	353.0	353.0	50000.0	103.5079362523115	25.573317467678912
Bhathia_01	R407F	353.0	353.0	50000.0	107.13892867212581	25.573317467678912
Bhathia_01	R407F	353.0	353.0	50000.0	110.89729399135348	25.573317467678912
Bhathia_01	R407F	353.0	353.0	50000.0	114.78750037010863	25.573317467678912
Bhathia_01	R407F	353.0	353.0	50000.0	118.81417270871387	25.573317467678912
Bhathia_01	R407F	353.0	353.0	50000.0	122.98209814604685	25.573317467678912
Bhathia_01	R407F	353.0	353.0	50000.0	127.29623175076546	25.573317467678912
Bhathia_01	R407F	353.0	353.0	50000.0	131.76170241217702	25.573317467678912
Bhathia_01	R407F	353.0	353.0	50000.0	136.3838189377566	25.573317467678912
Bhathia_01	R407F	353.0	353.0	50000.0	141.16807636456102	25.573317467678912
Bhathia_01	R407F	353.0	353.0	50000.0	146.12016249204424	25.573317467678912
Bhathia_01	R407F	353.0	353.0	50000.0	151.24596464403913	25.573317467678912
Bhathia_01	R407F	353.0	353.0	50000.0	156.55157666794562	25.573317467678912
Bhathia_01	R407F	353.0	353.0	50000.0	162.04330617944572	25.573317467678912
Bhathia_01	R407F	353.0	353.0	50000.0	167.72768206135862	25.573317467678912
Bhathia_01	R407F	353.0	353.0	50000.0	173.6114622255508	25.573317467678912
Bhathia_01	R407F	353.0	353.0	50000.0	179.70164164712898	25.573317467678912
Bhathia_01	R407F	353.0	353.0	50000.0	186.00546068046754	25.573317467678912
Bhathia_01	R407F	353.0	353.0	50000.0	192.53041366695666	25.573317467678912
Bhathia_01	R407F	353.0	353.0	50000.0	199.28425784470534	25.573317467678912
Bhathia_01	R407F	353.0	353.0	50000.0	206.27502257078967	25.573317467678912
Bhathia_01	R407F	353.0	353.0	50000.0	213.51101886701414	25.573317467678912
Bhathia_01	R407F	353.0	353.0	50000.0	221.00084930052978	25.573317467678912
Bhathia_01	R407F	353.0	353.0	50000.0	228.7534182110594	25.573317467678912
Bhathia_01	R407F	353.0	353.0	50000.0	236.77794229688686	25.573317467678912
Bhathia_01	R407F	353.0	353.0	50000.0	245.08396157219659	25.573317467678912
Bhathia_01	R407F	353.0	353.0	50000.0	253.68135070878884	25.573317467678912
Bhathia_01	R407F	353.0	353.0	50000.0	262.58033077565597	25.573317467678912
Bhathia_01	R407F	353.0	353.0	50000.0	271.7914813903746	25.573317467678912
Bhathia_01	R407F	353.0	353.0	50000.0	281.32575329676206	25.573317467678912
Bhathia_01	R407F	353.0	353.0	50000.0	291.1944813837476	25.573317467678912
Bhathia_01	R407F	353.0	353.0	50000.0	301.4093981609385	25.573317467678912
Bhathia_01	R407F	353.0	353.0	50000.0	311.9826477069	25.573317467678912
Bhathia_01	R407F	353.0	353.0	50000.0	322.92680010673166	25.573317467678912
Bhathia_01	R407F	353.0	353.0	50000.0	334.2548663961052	25.573317467678912
Bhathia_01	R407F	353.0	353.0	50000.0	345.9803140295299	25.573317467678912
Bhathia_01	R407F	353.0	353.0	50000.0	358.11708289123294	25.573317467678912
Bhathia_01	R407F	353.0	353.0	50000.0	370.67960186769494	25.573317467678912
Bhathia_01	R407F	353.0	353.0	50000.0	383.6828060015357	25.573317467678912
Bhathia_01	R407F	353.0	353.0	50000.0	397.1421542471496	25.573317467678912
Bhathia_01	R407F	353.0	353.0	50000.0	411.0736478491962	25.573317467678912
Bhathia_01	R407F	353.0	353.0	50000.0	425.49384936579753	25.573317467678912
Bhathia_01	R407F	353.0	353.0	50000.0	440.41990235905604	25.573317467678912
Bhathia_01	R407F	353.0	353.0	50000.0	455.86955177630426	25.573317467678912
Bhathia_01	R407F	353.0	353.0	50000.0	471.8611650463152	25.573317467678912
Bhathia_01	R407F	353.0	353.0	50000.0	488.41375391555476	25.573317467678912
Bhathia_01	R407F	353.0	353.0	50000.0	505.546997050434	25.573317467678912
Bhathia_01	R407F	353.0	353.0	50000.0	523.2812634324383	25.573317467678912
Bhathia_01	R407F	353.0	353.0	50000.0	541.6376365739385	25.573317467678912
Bhathia_01	R407F	353.0	353.0	50000.0	560.6379395834789	25.573317467678912
Bhathia_01	R407F	353.0	353.0	50000.0	580.30476111034	25.573317467678912
Bhathia_01	R407F	353.0	353.0	50000.0	600.6614821992193	25.573317467678912
Bhathia_01	R407F	353.0	353.0	50000.0	621.7323040869574	25.573317467678912
Bhathia_01	R407F	353.0	353.0	50000.0	643.5422769743552	25.573317467678912
Bhathia_01	R407F	353.0	353.0	50000.0	666.1173298072896	25.573317467678912
Bhathia_01	R407F	353.0	353.0	50000.0	689.4843011025289	25.573317467678912
Bhathia_01	R407F	353.0	353.0	50000.0	713.670970854901	25.573317467678912
Bhathia_01	R407F	353.0	353.0	50000.0	738.7060935637436	25.573317467678912
Bhathia_01	R407F	353.0	353.0	50000.0	764.6194324179003	25.573317467678912
Bhathia_01	R407F	353.0	353.0	50000.0	791.4417946799063	25.573317467678912
Bhathia_01	R407F	353.0	353.0	50000.0	819.2050683114275	25.573317467678912
Bhathia_01	R407F	353.0	353.0	50000.0	847.9422598834972	25.573317467678912
Bhathia_01	R407F	353.0	353.0	50000.0	877.6875338166207	25.573317467678912
Bhathia_01	R407F	353.0	353.0	50000.0	908.4762529973926	25.573317467678912
Bhathia_01	R407F	353.0	353.0	50000.0	940.3450208199293	25.573317467678912
Bhathia_01	R407F	353.0	353.0	50000.0	973.3317247020778	25.573317467678912
Bhathia_01	R407F	353.0	353.0	50000.0	1007.4755811281508	25.573317467678912
Bhathia_01	R407F	353.0	353.0	50000.0	1042.817182271731	25.573317467678912
Bhathia_01	R407F	353.0	353.0	50000.0	1079.3985442539745	25.573317467678912
Bhathia_01	R407F	353.0	353.0	50000.0	1117.2631570947824	25.573317467678912
Bhathia_01	R407F	353.0	353.0	50000.0	1156.4560364162314	25.573317467678912
Bhathia_01	R407F	353.0	353.0	50000.0	1197.023776959721	25.573317467678912
Bhathia_01	R407F	353.0	353.0	50000.0	1239.0146079804795	25.573317467678912
Bhathia_01	R407F	353.0	353.0	50000.0	1282.478450585262	25.573317467678912
Bhathia_01	R407F	353.0	353.0	50000.0	1327.4669770814253	25.573317467678912
Bhathia_01	R407F	353.0	353.0	50000.0	1374.0336724079282	25.573317467678912
Bhathia_01	R407F	353.0	353.0	50000.0	1422.2338977212928	25.573317467678912
Bhathia_01	R407F	353.0	353.0	50000.0	1472.124956212121	25.573317467678912
Bhathia_01	R407F	353.0	353.0	50000.0	1523.766161230411	25.573317467678912
Bhathia_01	R407F	353.0	353.0	50000.0	1577.2189068006678	25.573317467678912
Bhathia_01	R407F	353.0	353.0	50000.0	1632.5467406106395	25.573317467678912
Bhathia_01	R407F	353.0	353.0	50000.0	1689.81543956045	25.573317467678912
Bhathia_01	R407F	353.0	353.0	50000.0	1749.093087961948	25.573317467678912
Bhathia_01	R407F	353.0	353.0	50000.0	1810.45015848124	25.573317467678912
Bhathia_01	R407F	353.0	353.0	50000.0	1873.9595959206342	25.573317467678912
Bhathia_01	R407F	353.0	353.0	50000.0	1939.6969039396042	25.573317467678912
Bhathia_01	R407F	353.0	353.0	50000.0	2007.7402348178655	25.573317467678912
Bhathia_01	R407F	353.0	353.0	50000.0	2078.1704823672853	25.573317467678912
Bhathia_01	R407F	353.0	353.0	50000.0	2151.0713781030845	25.573317467678912
Bhathia_01	R407F	353.0	353.0	50000.0	2226.529590788659	25.573317467678912
Bhathia_01	R407F	353.0	353.0	50000.0	2304.63482947238	25.573317467678912
Bhathia_01	R407F	353.0	353.0	50000.0	2385.479950138839	25.573317467678912
Bhathia_01	R407F	353.0	353.0	50000.0	2469.161066101381	25.573317467678912
Bhathia_01	R407F	353.0	353.0	50000.0	2555.7776622671126	25.573317467678912
Bhathia_01	R407F	353.0	353.0	50000.0	2645.43271341026	25.573317467678912
Bhathia_01	R407F	353.0	353.0	50000.0	2738.2328065944866	25.573317467678912
Bhathia_01	R407F	353.0	353.0	50000.0	2834.2882678897013	25.573317467678912
Bhathia_01	R407F	353.0	353.0	50000.0	2933.7132935340187	25.573317467678912
Bhathia_01	R407F	353.0	353.0	50000.0	3036.6260856967806	25.573317467678912
Bhathia_01	R407F	353.0	353.0	50000.0	3143.1489930040857	25.573317467678912
Bhathia_01	R407F	353.0	353.0	50000.0	3253.4086559938396	25.573317467678912
Bhathia_01	R407F	353.0	353.0	50000.0	3367.536157673288	25.573317467678912
Bhathia_01	R407F	353.0	353.0	50000.0	3485.667179358007	25.481700830344803
Bhathia_01	R407F	353.0	353.0	50000.0	3607.9421619776303	25.357326267868654
Bhathia_01	R407F	353.0	353.0	50000.0	3734.506473040075	25.229692314896543
Bhathia_01	R407F	353.0	353.0	50000.0	3865.5105794527676	25.098611087121192
Bhathia_01	R407F	353.0	353.0	50000.0	4001.1102264063275	24.964217119596242
Bhathia_01	R407F	353.0	353.0	50000.0	4141.466622533378	24.826322744668982
Bhathia_01	R407F	353.0	353.0	50000.0	4286.746631562607	24.684922129161688
Bhathia_01	R407F	353.0	353.0	50000.0	4437.122970695934	24.53989452961646
Bhathia_01	R407F	353.0	353.0	50000.0	4592.774415944617	24.39093651759862
Bhathia_01	R407F	353.0	353.0	50000.0	4753.8860146684265	24.23822464217138
Bhathia_01	R407F	353.0	353.0	50000.0	4920.649305570547	24.081677260578896
Bhathia_01	R407F	353.0	353.0	50000.0	5093.26254640977	23.921128869687873
Bhathia_01	R407F	353.0	353.0	50000.0	5271.9309497006825	23.756354819860274
Bhathia_01	R407F	353.0	353.0	50000.0	5456.8669266820625	23.587516349773026
Bhathia_01	R407F	353.0	353.0	50000.0	5648.290339843539	23.414428317748662
Bhathia_01	R407F	353.0	353.0	50000.0	5846.4287643107255	23.237055571301713
Bhathia_01	R407F	353.0	353.0	50000.0	6051.517758399548	23.055161222732785
Bhathia_01	R407F	353.0	353.0	50000.0	6263.801143661515	22.868778825745803
Bhathia_01	R407F	353.0	353.0	50000.0	6483.531294752719	22.677704791247383
Bhathia_01	R407F	353.0	353.0	50000.0	6710.9694394713115	22.481782196346213
Bhathia_01	R407F	353.0	353.0	50000.0	6946.385969320071	22.28126575089149
Bhathia_01	R407F	353.0	353.0	50000.0	7190.06076096333	22.075738435667514
Bhathia_01	R407F	353.0	353.0	50000.0	7442.283508960394	21.865264093340134
Bhathia_01	R407F	353.0	353.0	50000.0	7703.354070171016	21.649624419595597
Bhathia_01	R407F	353.0	353.0	50000.0	7973.582820242459	21.42860763141081
Bhathia_01	R407F	353.0	353.0	50000.0	8253.291022601827	21.20241179705408
Bhathia_01	R407F	353.0	353.0	50000.0	8542.811210392447	20.97109727424102
Bhathia_01	R407F	353.0	353.0	50000.0	8842.487581808335	20.734295549679153
Bhathia_01	R407F	353.0	353.0	50000.0	9152.676409296731	20.49200981745093
Bhathia_01	R407F	353.0	353.0	50000.0	9473.746463115214	20.24417642348517
Bhathia_01	R407F	353.0	353.0	50000.0	9806.07944974691	19.990646952786115
Bhathia_01	R407F	353.0	353.0	50000.0	10150.070465695051	19.731516116737374
Bhathia_01	R407F	353.0	353.0	50000.0	10506.128467196331	19.466715153252398
Bhathia_01	R407F	353.0	353.0	50000.0	10874.676756411529	19.195986726796534
Bhathia_01	R407F	353.0	353.0	50000.0	11256.153484671382	18.91928939416431
Bhathia_01	R407F	353.0	353.0	50000.0	11651.012173375993	18.636356231940333
Bhathia_01	R407F	353.0	353.0	50000.0	12059.722253167078	18.347366746204827
Bhathia_01	R407F	353.0	353.0	50000.0	12482.769622014002	18.05241824350954
Bhathia_01	R407F	353.0	353.0	50000.0	12920.657222877158	17.751162312915724
Bhathia_01	R407F	353.0	353.0	50000.0	13373.905641635398	17.44348397848753
Bhathia_01	R407F	353.0	353.0	50000.0	13843.053725988231	17.129256772275166
Bhathia_01	R407F	353.0	353.0	50000.0	14328.65922606916	16.808530817149297
Bhathia_01	R407F	353.0	353.0	50000.0	14831.299457530586	16.48116899925787
Bhathia_01	R407F	353.0	353.0	50000.0	15351.571987890213	16.147290261091268
Bhathia_01	R407F	353.0	353.0	50000.0	15890.095346953078	15.806547452830152
Bhathia_01	R407F	353.0	353.0	50000.0	16447.509762155743	15.45887280916655
Bhathia_01	R407F	353.0	353.0	50000.0	17024.47791970484	15.104135373129258
Bhathia_01	R407F	353.0	353.0	50000.0	17621.68575241697	14.742301035753455
Bhathia_01	R407F	353.0	353.0	50000.0	18239.84325519438	14.37381448485972
Bhathia_01	R407F	353.0	353.0	50000.0	18879.685329108175	13.998196411714428
Bhathia_01	R407F	353.0	353.0	50000.0	19541.972655090256	13.615282205017852
Bhathia_01	R407F	353.0	353.0	50000.0	20227.49259827501	13.225087670195883
Bhathia_01	R407F	353.0	353.0	50000.0	20937.060144063526	12.827395649353535
Bhathia_01	R407F	353.0	353.0	50000.0	21671.518867025392	12.422213674003617
Bhathia_01	R407F	353.0	353.0	50000.0	22431.741933788304	12.009557573034389
Bhathia_01	R407F	353.0	353.0	50000.0	23218.633141108625	11.588962567692587
Bhathia_01	R407F	353.0	353.0	50000.0	24033.127990356785	11.160381489283568
Bhathia_01	R407F	353.0	353.0	50000.0	24876.194799694935	10.723711816732767
Bhathia_01	R407F	353.0	353.0	50000.0	25748.835855269062	10.278936192310388
Bhathia_01	R407F	353.0	353.0	50000.0	26652.088602784228	9.826643065172007
Bhathia_01	R407F	353.0	353.0	50000.0	27587.026880879475	9.366218474942166
Bhathia_01	R407F	353.0	353.0	50000.0	28554.762197768767	8.897452024601504
Bhathia_01	R407F	353.0	353.0	50000.0	29556.445052665636	8.419924914032315
Bhathia_01	R407F	353.0	353.0	50000.0	30593.266303562625	7.933510185362804
Bhathia_01	R407F	353.0	353.0	50000.0	31666.458582991498	7.43844890049038
Bhathia_01	R407F	353.0	353.0	50000.0	32777.29776344747	6.9349368155727165
Bhathia_01	R407F	353.0	353.0	50000.0	33927.104474219595	6.422354557793433
Bhathia_01	R407F	353.0	353.0	50000.0	35117.24567143027	5.900631006684256
Bhathia_01	R407F	353.0	353.0	50000.0	36349.13626315173	5.369697538924894
Bhathia_01	R407F	353.0	353.0	50000.0	37624.240791528864	4.829237312104902
Bhathia_01	R407F	353.0	353.0	50000.0	38944.07517391196	4.279832218644502
Bhathia_01	R407F	353.0	353.0	50000.0	40310.20850506498	3.7207194027428927
Bhathia_01	R407F	353.0	353.0	50000.0	41724.264922596594	3.151658118121401
Bhathia_01	R407F	353.0	353.0	50000.0	43187.92553782676	2.572559875916651
Bhathia_01	R407F	353.0	353.0	50000.0	44702.93043438957	1.9833368686774884
Bhathia_01	R407F	353.0	353.0	50000.0	46271.08073694302	1.3842295461235248
Bhathia_01	R407F	353.0	353.0	50000.0	47894.24075245067	0.775256059629574
Bhathia_01	R407F	353.0	353.0	50000.0	49574.34018657513	0.15551287770663266
Bhathia_01	R407F	353.0	353.0	50000.0	51313.376437824336	0.47510925777359914
Bhathia_01	R407F	353.0	353.0	50000.0	53113.41697217184	1.1167195484360208
Bhathia_01	R407F	353.0	353.0	50000.0	54976.60178098003	1.7694271362007916
Bhathia_01	R407F	353.0	353.0	50000.0	56905.14592514396	2.4323710656833497
Bhathia_01	R407F	353.0	353.0	50000.0	58901.34216848284	3.106719140064626
Bhathia_01	R407F	353.0	353.0	50000.0	60967.5637035091	3.7928463483177204
Bhathia_01	R407F	353.0	353.0	50000.0	63106.2669728156	4.490884054668421
Bhathia_01	R407F	353.0	353.0	50000.0	65319.99458943548	5.200964515154658
Bhathia_01	R407F	353.0	353.0	50000.0	67611.3783596462	5.922833236681271
Bhathia_01	R407F	353.0	353.0	50000.0	69983.14241181171	6.656263766584868
Bhathia_01	R407F	353.0	353.0	50000.0	72438.10643498244	7.402444860636824
Bhathia_01	R407F	353.0	353.0	50000.0	74979.18903110319	8.16152393319068
Bhathia_01	R407F	353.0	353.0	50000.0	77609.41118481442	8.933657183327465
Bhathia_01	R407F	353.0	353.0	50000.0	80331.89985497203	9.719111008584132
Bhathia_01	R407F	353.0	353.0	50000.0	83149.89169215517	10.516913773482765
Bhathia_01	R407F	353.0	353.0	50000.0	86066.7368865822	11.328148860857102
Bhathia_01	R407F	353.0	353.0	50000.0	89085.903151008	12.153326177646491
Bhathia_01	R407F	353.0	353.0	50000.0	92210.9798433415	12.992646231694758
Bhathia_01	R407F	353.0	353.0	50000.0	95445.68223387754	13.846479793454487
Bhathia_01	R407F	353.0	353.0	50000.0	98793.85592222596	14.714521792641317
Bhathia_01	R407F	353.0	353.0	50000.0	102259.48140917791	15.59607905166462
Bhathia_01	R407F	353.0	353.0	50000.0	105846.67882895643	16.49267813277271
Bhathia_01	R407F	353.0	353.0	50000.0	109559.71284746489	17.404637887540485
Bhathia_01	R407F	353.0	353.0	50000.0	113402.99773236972	18.332174912830027
Bhathia_01	R407F	353.0	353.0	50000.0	117381.10260103126	19.275487153594078
Bhathia_01	R407F	353.0	353.0	50000.0	121498.75685253605	20.233188972225136
Bhathia_01	R407F	353.0	353.0	50000.0	125760.85579027371	21.206619561017416
Bhathia_01	R407F	353.0	353.0	50000.0	130172.46644175818	22.196414746213694
Bhathia_01	R407F	353.0	353.0	50000.0	134738.83358259665	23.202776751781318
Bhathia_01	R407F	353.0	353.0	50000.0	139465.3859717822	24.225963093227353
Bhathia_01	R407F	353.0	353.0	50000.0	144357.7428057125	25.26565958304738
Bhathia_01	R407F	353.0	353.0	50000.0	149421.7203986127	26.32065256622619
Bhathia_01	R407F	353.0	353.0	50000.0	154663.33909730316	27.392954468237715
Bhathia_01	R407F	353.0	353.0	50000.0	160088.83043853292	28.482734398448386
Bhathia_01	R407F	353.0	353.0	50000.0	165704.6445573877	29.590092637987603
Bhathia_01	R407F	353.0	353.0	50000.0	171517.45785558026	30.715213681228462
Bhathia_01	R407F	353.0	353.0	50000.0	177534.18093873924	31.856273100578907
Bhathia_01	R407F	353.0	353.0	50000.0	183761.96683213356	33.014430240221
Bhathia_01	R407F	353.0	353.0	50000.0	190208.21948459864	34.19058949534919
Bhathia_01	R407F	353.0	353.0	50000.0	196880.60257077508	35.38465406998418
Bhathia_01	R407F	353.0	353.0	50000.0	203787.04860212465	36.59677357499565
Bhathia_01	R407F	353.0	353.0	50000.0	210935.76835755422	37.826293291184086
Bhathia_01	R407F	353.0	353.0	50000.0	218335.26064486115	39.07133102826604
Bhathia_01	R407F	353.0	353.0	50000.0	225994.32240460056	40.33423450049717
Bhathia_01	R407F	353.0	353.0	50000.0	233922.05916839777	41.61494853525444
Bhathia_01	R407F	353.0	353.0	50000.0	242127.89588411906	42.913254554646564
Bhathia_01	R407F	353.0	353.0	50000.0	250621.58812079762	44.22936009782881
Bhathia_01	R407F	353.0	353.0	50000.0	259413.23366660537	45.56028341973752
Bhathia_01	R407F	353.0	353.0	50000.0	268513.2845336903	46.90717498279473
Bhathia_01	R407F	353.0	353.0	50000.0	277932.5593841194	48.27093243513505
Bhathia_01	R407F	353.0	353.0	50000.0	287682.2563917327	49.65128474902932
Bhathia_01	R407F	353.0	353.0	50000.0	297773.9665551654	51.047967244859464
Bhathia_01	R407F	353.0	353.0	50000.0	308219.6874779006	52.45995521389684
Bhathia_01	R407F	353.0	353.0	50000.0	319031.83763169846	53.88397842781553
Bhathia_01	R407F	353.0	353.0	50000.0	330223.271120397	55.32309337229892
Bhathia_01	R407F	353.0	353.0	50000.0	341807.2929615984	56.77695554583463
Bhathia_01	R407F	353.0	353.0	50000.0	353797.67490444286	58.244692627173315
Bhathia_01	R407F	353.0	353.0	50000.0	366208.67180225096	59.726141587721024
Bhathia_01	R407F	353.0	353.0	50000.0	379055.0385595106	61.21727926912887
Bhathia_01	R407F	353.0	353.0	50000.0	392352.047673353	62.71908455327791
Bhathia_01	R407F	353.0	353.0	50000.0	406115.50739037304	64.23254383593498
Bhathia_01	R407F	353.0	353.0	50000.0	420361.78050037875	65.75717353309162
Bhathia_01	R407F	353.0	353.0	50000.0	435107.80378941365	67.29231582733449
Bhathia_01	R407F	353.0	353.0	50000.0	450371.1081751789	68.8361596056723
Bhathia_01	R407F	353.0	353.0	50000.0	466169.83954879304	70.38388892624228
Bhathia_01	R407F	353.0	353.0	50000.0	482522.7803476675	71.93960371362218
Bhathia_01	R407F	353.0	353.0	50000.0	499449.37188514473	73.5023843985452
Bhathia_01	R407F	353.0	353.0	50000.0	516969.7374634458	75.07163206881627
Bhathia_01	R407F	353.0	353.0	50000.0	535104.7062974056	76.64653998819631
Bhathia_01	R407F	353.0	353.0	50000.0	553875.8382774384	78.22206381219033
Bhathia_01	R407F	353.0	353.0	50000.0	573305.4496011657	79.79908577922343
Bhathia_01	R407F	353.0	353.0	50000.0	593416.6393042037	81.37905071664078
Bhathia_01	R407F	353.0	353.0	50000.0	614233.3167216032	82.96085504437286
Bhathia_01	R407F	353.0	353.0	50000.0	635780.2299126569	84.54409230541116
Bhathia_01	R407F	353.0	353.0	50000.0	658082.9950827911	86.12719915557827
Bhathia_01	R407F	353.0	353.0	50000.0	681168.127037599	87.70307567184697
Bhathia_01	R407F	353.0	353.0	50000.0	705063.0707051408	89.27745502199872
Bhathia_01	R407F	353.0	353.0	50000.0	729796.2337640686	90.8496549069953
Bhathia_01	R407F	353.0	353.0	50000.0	755397.0204162808	92.41888337070712
Bhathia_01	R407F	353.0	353.0	50000.0	781895.866344346	93.98439905656475
Bhathia_01	R407F	353.0	353.0	50000.0	809324.2748951628	95.54074156703639
Bhathia_01	R407F	353.0	353.0	50000.0	837714.8545329691	97.08830440750125
Bhathia_01	R407F	353.0	353.0	50000.0	867101.3576061296	98.62954219328628
Bhathia_01	R407F	353.0	353.0	50000.0	897518.7204738803	100.1637416172809
Bhathia_01	R407F	353.0	353.0	50000.0	929003.1050406658	101.69011085143087
Bhathia_01	R407F	353.0	353.0	50000.0	961591.9417474868	103.2072499701192
Bhathia_01	R407F	353.0	353.0	50000.0	995323.9740713531	104.70774243343428
Bhathia_01	R407F	353.0	353.0	50000.0	1030239.3045857496	106.19860552519138
Bhathia_01	R407F	353.0	353.0	50000.0	1066379.442636875	107.67926916890823
Bhathia_01	R407F	353.0	353.0	50000.0	1103787.3536923314	109.14919267474134
Bhathia_01	R407F	353.0	353.0	50000.0	1142507.5104209343	110.60795140434655
Bhathia_01	R407F	353.0	353.0	50000.0	1182585.945564372	112.04960679606053
Bhathia_01	R407F	353.0	353.0	50000.0	1224070.3066635653	113.4750837187675
Bhathia_01	R407F	353.0	353.0	50000.0	1267009.912704797	114.8876809729536
Bhathia_01	R407F	353.0	353.0	50000.0	1311455.8127529488	116.286871177508
Bhathia_01	R407F	353.0	353.0	50000.0	1357460.8466415561	117.6724922433658
Bhathia_01	R407F	353.0	353.0	50000.0	1405079.70779183	119.04354991519229
Bhathia_01	R407F	353.0	353.0	50000.0	1454369.008235332	120.39255522114358
Bhathia_01	R407F	353.0	353.0	50000.0	1505387.3459176025	121.72703618933782
Bhathia_01	R407F	353.0	353.0	50000.0	1558195.374362756	123.04675063777289
Bhathia_01	R407F	353.0	353.0	50000.0	1612855.874781868	124.35143261750439
Bhathia_01	R407F	353.0	353.0	50000.0	1669433.830710877	125.64082364813567
Bhathia_01	R407F	353.0	353.0	50000.0	1727996.50526674	126.91038938957577
Bhathia_01	R407F	353.0	353.0	50000.0	1788613.5211136676	128.1609118285273
Bhathia_01	R407F	353.0	353.0	50000.0	1851356.9432345594	129.3956056563075
Bhathia_01	R407F	353.0	353.0	50000.0	1916301.3646059704	130.6147348627487
Bhathia_01	R407F	353.0	353.0	50000.0	1983523.9948785233	131.8184434149555
Bhathia_01	R407F	353.0	353.0	50000.0	2053104.7521681644	133.00553683222722
Bhathia_01	R407F	353.0	353.0	50000.0	2125126.3580674017	134.16996156144603
Bhathia_01	R407F	353.0	353.0	50000.0	2199674.4359894753	135.31903903917282
Bhathia_01	R407F	353.0	353.0	50000.0	2276837.6129623787	136.45167322897143
Bhathia_01	R407F	353.0	353.0	50000.0	2356707.6249937494	137.5692619596123
Bhathia_01	R407F	353.0	353.0	50000.0	2439379.426131895	138.67100964442858
Bhathia_01	R407F	353.0	353.0	50000.0	2524951.301352604	139.75315857107387
Bhathia_01	R407F	353.0	353.0	50000.0	2613524.9834059626	140.81641617018295
Bhathia_01	R407F	353.0	353.0	50000.0	2705205.773762079	141.86307509776213
Bhathia_01	R407F	353.0	353.0	50000.0	2800102.6677995026	142.89415953302873
Bhathia_01	R407F	353.0	353.0	50000.0	2898328.4843851826	143.9101649965299
