framework	molecule	T_ads_K	T_des_K	P_ads_Pa	P_des_Pa	SD
Bhathia_01	R407F	283.0	303.0	50000.0	131.76170241217702	0.027400715187043286
Bhathia_01	R407F	283.0	303.0	50000.0	136.3838189377566	0.11462285118904396
Bhathia_01	R407F	283.0	303.0	50000.0	141.16807636456102	0.20485493100847954
Bhathia_01	R407F	283.0	303.0	50000.0	146.12016249204424	0.29819898971655934
Bhathia_01	R407F	283.0	303.0	50000.0	151.24596464403913	0.39476038814648545
Bhathia_01	R407F	283.0	303.0	50000.0	156.55157666794562	0.49464791145735626
Bhathia_01	R407F	283.0	303.0	50000.0	162.04330617944572	0.5979738698633764
Bhathia_01	R407F	283.0	303.0	50000.0	167.72768206135862	0.7048542015120467
Bhathia_01	R407F	283.0	303.0	50000.0	173.6114622255508	0.815408577487906
Bhathia_01	R407F	283.0	303.0	50000.0	179.70164164712898	0.9231140727492341
Bhathia_01	R407F	283.0	303.0	50000.0	186.00546068046754	1.0275819524784964
Bhathia_01	R407F	283.0	303.0	50000.0	192.53041366695666	1.1356423154296782
Bhathia_01	R407F	283.0	303.0	50000.0	199.28425784470534	1.2474160305024233
Bhathia_01	R407F	283.0	303.0	50000.0	206.27502257078967	1.363027838722631
Bhathia_01	R407F	283.0	303.0	50000.0	213.51101886701414	1.4826064628116729
Bhathia_01	R407F	283.0	303.0	50000.0	221.00084930052978	1.6062847187243359
Bhathia_01	R407F	283.0	303.0	50000.0	228.7534182110594	1.7341996290907433
Bhathia_01	R407F	283.0	303.0	50000.0	236.77794229688686	1.8664925384856388
Bhathia_01	R407F	283.0	303.0	50000.0	245.08396157219659	1.9925765893503253
Bhathia_01	R407F	283.0	303.0	50000.0	253.68135070878884	2.1174919694075482
Bhathia_01	R407F	283.0	303.0	50000.0	262.58033077565597	2.2466846769212703
Bhathia_01	R407F	283.0	303.0	50000.0	271.7914813903746	2.380297288747446
Bhathia_01	R407F	283.0	303.0	50000.0	281.32575329676206	2.5184768500360635
Bhathia_01	R407F	283.0	303.0	50000.0	291.1944813837476	2.6613749929104746
Bhathia_01	R407F	283.0	303.0	50000.0	301.4093981609385	2.809148056592466
Bhathia_01	R407F	283.0	303.0	50000.0	311.9826477069	2.961957208829754
Bhathia_01	R407F	283.0	303.0	50000.0	322.92680010673166	3.119968568463762
Bhathia_01	R407F	283.0	303.0	50000.0	334.2548663961052	3.2672022490251993
Bhathia_01	R407F	283.0	303.0	50000.0	345.9803140295299	3.416268841397902
Bhathia_01	R407F	283.0	303.0	50000.0	358.11708289123294	3.570413121591605
Bhathia_01	R407F	283.0	303.0	50000.0	370.67960186769494	3.729802398093542
Bhathia_01	R407F	283.0	303.0	50000.0	383.6828060015357	3.8946090764933423
Bhathia_01	R407F	283.0	303.0	50000.0	397.1421542471496	4.065010783175584
Bhathia_01	R407F	283.0	303.0	50000.0	411.0736478491962	4.241190489417046
Bhathia_01	R407F	283.0	303.0	50000.0	425.49384936579753	4.42332247788899
Bhathia_01	R407F	283.0	303.0	50000.0	440.41990235905604	4.611308675441393
Bhathia_01	R407F	283.0	303.0	50000.0	455.86955177630426	4.680210407243911
Bhathia_01	R407F	283.0	303.0	50000.0	471.8611650463152	4.749054362543195
Bhathia_01	R407F	283.0	303.0	50000.0	488.41375391555476	4.821409342292553
Bhathia_01	R407F	283.0	303.0	50000.0	505.546997050434	4.897347235894103
Bhathia_01	R407F	283.0	303.0	50000.0	523.2812634324383	4.976954048770588
Bhathia_01	R407F	283.0	303.0	50000.0	541.6376365739385	5.060362873658732
Bhathia_01	R407F	283.0	303.0	50000.0	560.6379395834789	5.147721799473906
Bhathia_01	R407F	283.0	303.0	50000.0	580.30476111034	5.239211578017824
Bhathia_01	R407F	283.0	303.0	50000.0	600.6614821992193	5.330233364222364
Bhathia_01	R407F	283.0	303.0	50000.0	621.7323040869574	5.403229764518796
Bhathia_01	R407F	283.0	303.0	50000.0	643.5422769743552	5.479963432042311
Bhathia_01	R407F	283.0	303.0	50000.0	666.1173298072896	5.560571620948912
Bhathia_01	R407F	283.0	303.0	50000.0	689.4843011025289	5.64519916585102
Bhathia_01	R407F	283.0	303.0	50000.0	713.670970854901	5.734148476833489
Bhathia_01	R407F	283.0	303.0	50000.0	738.7060935637436	5.827494246612345
Bhathia_01	R407F	283.0	303.0	50000.0	764.6194324179003	5.92534280207849
Bhathia_01	R407F	283.0	303.0	50000.0	791.4417946799063	6.0278451121900485
Bhathia_01	R407F	283.0	303.0	50000.0	819.2050683114275	6.1239814620347595
Bhathia_01	R407F	283.0	303.0	50000.0	847.9422598834972	6.204078926719393
Bhathia_01	R407F	283.0	303.0	50000.0	877.6875338166207	6.2886536288920905
Bhathia_01	R407F	283.0	303.0	50000.0	908.4762529973926	6.377659061044031
Bhathia_01	R407F	283.0	303.0	50000.0	940.3450208199293	6.471279606238221
Bhathia_01	R407F	283.0	303.0	50000.0	973.3317247020778	6.569666848461326
Bhathia_01	R407F	283.0	303.0	50000.0	1007.4755811281508	6.673014667478621
Bhathia_01	R407F	283.0	303.0	50000.0	1042.817182271731	6.7816741227074315
Bhathia_01	R407F	283.0	303.0	50000.0	1079.3985442539745	6.895760582857183
Bhathia_01	R407F	283.0	303.0	50000.0	1117.2631570947824	6.995807232514031
Bhathia_01	R407F	283.0	303.0	50000.0	1156.4560364162314	7.0830937818719635
Bhathia_01	R407F	283.0	303.0	50000.0	1197.023776959721	7.175192826164184
Bhathia_01	R407F	283.0	303.0	50000.0	1239.0146079804795	7.272357721576644
Bhathia_01	R407F	283.0	303.0	50000.0	1282.478450585262	7.375090066838175
Bhathia_01	R407F	283.0	303.0	50000.0	1327.4669770814253	7.483328863357077
Bhathia_01	R407F	283.0	303.0	50000.0	1374.0336724079282	7.597300878106719
Bhathia_01	R407F	283.0	303.0	50000.0	1422.2338977212928	7.717413556717639
Bhathia_01	R407F	283.0	303.0	50000.0	1472.124956212121	7.843936985664798
Bhathia_01	R407F	283.0	303.0	50000.0	1523.766161230411	7.946881044236931
Bhathia_01	R407F	283.0	303.0	50000.0	1577.2189068006678	8.042613181203173
Bhathia_01	R407F	283.0	303.0	50000.0	1632.5467406106395	8.144217813847336
Bhathia_01	R407F	283.0	303.0	50000.0	1689.81543956045	8.251919632862153
Bhathia_01	R407F	283.0	303.0	50000.0	1749.093087961948	8.365964848110284
Bhathia_01	R407F	283.0	303.0	50000.0	1810.45015848124	8.486634482476157
Bhathia_01	R407F	283.0	303.0	50000.0	1873.9595959206342	8.614526891945975
Bhathia_01	R407F	283.0	303.0	50000.0	1939.6969039396042	8.749536686170758
Bhathia_01	R407F	283.0	303.0	50000.0	2007.7402348178655	8.891979286687588
Bhathia_01	R407F	283.0	303.0	50000.0	2078.1704823672853	8.997916298802604
Bhathia_01	R407F	283.0	303.0	50000.0	2151.0713781030845	9.10411706189563
Bhathia_01	R407F	283.0	303.0	50000.0	2226.529590788659	9.217690188474663
Bhathia_01	R407F	283.0	303.0	50000.0	2304.63482947238	9.338841614153969
Bhathia_01	R407F	283.0	303.0	50000.0	2385.479950138839	9.46766616449247
Bhathia_01	R407F	283.0	303.0	50000.0	2469.161066101381	9.604470118812761
Bhathia_01	R407F	283.0	303.0	50000.0	2555.7776622671126	9.749564743279878
Bhathia_01	R407F	283.0	303.0	50000.0	2645.43271341026	9.903310330347667
Bhathia_01	R407F	283.0	303.0	50000.0	2738.2328065944866	10.064103975239153
Bhathia_01	R407F	283.0	303.0	50000.0	2834.2882678897013	10.176885581879139
Bhathia_01	R407F	283.0	303.0	50000.0	2933.7132935340187	10.29793625354401
Bhathia_01	R407F	283.0	303.0	50000.0	3036.6260856967806	10.427638212072402
Bhathia_01	R407F	283.0	303.0	50000.0	3143.1489930040857	10.566330367877882
Bhathia_01	R407F	283.0	303.0	50000.0	3253.4086559938396	10.714771140835609
Bhathia_01	R407F	283.0	303.0	50000.0	3367.536157673288	10.87328251087179
Bhathia_01	R407F	283.0	303.0	50000.0	3485.667179358007	11.042002583680759
Bhathia_01	R407F	283.0	303.0	50000.0	3607.9421619776303	11.221222626393699
Bhathia_01	R407F	283.0	303.0	50000.0	3734.506473040075	11.396557452690406
Bhathia_01	R407F	283.0	303.0	50000.0	3865.5105794527676	11.527253870925735
Bhathia_01	R407F	283.0	303.0	50000.0	4001.1102264063275	11.668495610407101
Bhathia_01	R407F	283.0	303.0	50000.0	4141.466622533378	11.820082410638301
Bhathia_01	R407F	283.0	303.0	50000.0	4286.746631562607	11.98243639910336
Bhathia_01	R407F	283.0	303.0	50000.0	4437.122970695934	12.156042787804568
Bhathia_01	R407F	283.0	303.0	50000.0	4592.774415944617	12.341553767279697
Bhathia_01	R407F	283.0	303.0	50000.0	4753.8860146684265	12.539972511553065
Bhathia_01	R407F	283.0	303.0	50000.0	4920.649305570547	12.751837442116663
Bhathia_01	R407F	283.0	303.0	50000.0	5093.26254640977	12.944980306914369
Bhathia_01	R407F	283.0	303.0	50000.0	5271.9309497006825	13.09923453002033
Bhathia_01	R407F	283.0	303.0	50000.0	5456.8669266820625	13.265299769786383
Bhathia_01	R407F	283.0	303.0	50000.0	5648.290339843539	13.443824667131333
Bhathia_01	R407F	283.0	303.0	50000.0	5846.4287643107255	13.636340043088705
Bhathia_01	R407F	283.0	303.0	50000.0	6051.517758399548	13.842605103810307
Bhathia_01	R407F	283.0	303.0	50000.0	6263.801143661515	14.063216919197778
Bhathia_01	R407F	283.0	303.0	50000.0	6483.531294752719	14.298748505545701
Bhathia_01	R407F	283.0	303.0	50000.0	6710.9694394713115	14.549778136095874
Bhathia_01	R407F	283.0	303.0	50000.0	6946.385969320071	14.761892841038547
Bhathia_01	R407F	283.0	303.0	50000.0	7190.06076096333	14.944996896114295
Bhathia_01	R407F	283.0	303.0	50000.0	7442.283508960394	15.142473524144524
Bhathia_01	R407F	283.0	303.0	50000.0	7703.354070171016	15.354964369412397
Bhathia_01	R407F	283.0	303.0	50000.0	7973.582820242459	15.583212032475442
Bhathia_01	R407F	283.0	303.0	50000.0	8253.291022601827	15.828046549962636
Bhathia_01	R407F	283.0	303.0	50000.0	8542.811210392447	16.091140954999574
Bhathia_01	R407F	283.0	303.0	50000.0	8842.487581808335	16.372046636804882
Bhathia_01	R407F	283.0	303.0	50000.0	9152.676409296731	16.67151024609716
Bhathia_01	R407F	283.0	303.0	50000.0	9473.746463115214	16.902459878420675
Bhathia_01	R407F	283.0	303.0	50000.0	9806.07944974691	17.11797173452044
Bhathia_01	R407F	283.0	303.0	50000.0	10150.070465695051	17.351308353883926
Bhathia_01	R407F	283.0	303.0	50000.0	10506.128467196331	17.603349686409267
Bhathia_01	R407F	283.0	303.0	50000.0	10874.676756411529	17.87416266964859
Bhathia_01	R407F	283.0	303.0	50000.0	11256.153484671382	18.164578661140986
Bhathia_01	R407F	283.0	303.0	50000.0	11651.012173375993	18.475443613313068
Bhathia_01	R407F	283.0	303.0	50000.0	12059.722253167078	18.807678032053193
Bhathia_01	R407F	283.0	303.0	50000.0	12482.769622014002	19.163705884097972
Bhathia_01	R407F	283.0	303.0	50000.0	12920.657222877158	19.40971101375247
Bhathia_01	R407F	283.0	303.0	50000.0	13373.905641635398	19.660924844241247
Bhathia_01	R407F	283.0	303.0	50000.0	13843.053725988231	19.932492368887097
Bhathia_01	R407F	283.0	303.0	50000.0	14328.65922606916	20.225397666465216
Bhathia_01	R407F	283.0	303.0	50000.0	14831.299457530586	20.541284824979485
Bhathia_01	R407F	283.0	303.0	50000.0	15351.571987890213	20.88132705554307
Bhathia_01	R407F	283.0	303.0	50000.0	15890.095346953078	21.245639662079157
Bhathia_01	R407F	283.0	303.0	50000.0	16447.509762155743	21.635295916830042
Bhathia_01	R407F	283.0	303.0	50000.0	17024.47791970484	22.037910324920283
Bhathia_01	R407F	283.0	303.0	50000.0	17621.68575241697	22.297831564493833
Bhathia_01	R407F	283.0	303.0	50000.0	18239.84325519438	22.582042736355508
Bhathia_01	R407F	283.0	303.0	50000.0	18879.685329108175	22.8900976867706
Bhathia_01	R407F	283.0	303.0	50000.0	19541.972655090256	23.223006147050096
Bhathia_01	R407F	283.0	303.0	50000.0	20227.49259827501	23.581893318393472
Bhathia_01	R407F	283.0	303.0	50000.0	20937.060144063526	23.967873974621362
Bhathia_01	R407F	283.0	303.0	50000.0	21671.518867025392	24.382865162519497
Bhathia_01	R407F	283.0	303.0	50000.0	22431.741933788304	24.828578754731485
Bhathia_01	R407F	283.0	303.0	50000.0	23218.633141108625	25.24938687783466
Bhathia_01	R407F	283.0	303.0	50000.0	24033.127990356785	25.527339551916114
Bhathia_01	R407F	283.0	303.0	50000.0	24876.194799694935	25.83107176097402
Bhathia_01	R407F	283.0	303.0	50000.0	25748.835855269062	26.161803828618645
Bhathia_01	R407F	283.0	303.0	50000.0	26652.088602784228	26.522734693175693
Bhathia_01	R407F	283.0	303.0	50000.0	27587.026880879475	26.913500815405456
Bhathia_01	R407F	283.0	303.0	50000.0	28554.762197768767	27.335174618469974
Bhathia_01	R407F	283.0	303.0	50000.0	29556.445052665636	27.789165280648415
Bhathia_01	R407F	283.0	303.0	50000.0	30593.266303562625	28.276947977894864
Bhathia_01	R407F	283.0	303.0	50000.0	31666.458582991498	28.681815130466777
Bhathia_01	R407F	283.0	303.0	50000.0	32777.29776344747	28.953041532637062
Bhathia_01	R407F	283.0	303.0	50000.0	33927.104474219595	29.25287873770043
Bhathia_01	R407F	283.0	303.0	50000.0	35117.24567143027	29.58262116655961
Bhathia_01	R407F	283.0	303.0	50000.0	36349.13626315173	29.943681675773888
Bhathia_01	R407F	283.0	303.0	50000.0	37624.240791528864	30.33756655970518
Bhathia_01	R407F	283.0	303.0	50000.0	38944.07517391196	30.76812671276172
Bhathia_01	R407F	283.0	303.0	50000.0	40310.20850506498	31.23519343972572
Bhathia_01	R407F	283.0	303.0	50000.0	41724.264922596594	31.740040567141126
Bhathia_01	R407F	283.0	303.0	50000.0	43187.92553782676	32.074940375989506
Bhathia_01	R407F	283.0	303.0	50000.0	44702.93043438957	32.29642940794697
Bhathia_01	R407F	283.0	303.0	50000.0	46271.08073694302	32.54966062621528
Bhathia_01	R407F	283.0	303.0	50000.0	47894.24075245067	32.83725327130877
Bhathia_01	R407F	283.0	303.0	50000.0	49574.34018657513	33.15895264766733
Bhathia_01	R407F	283.0	303.0	50000.0	51313.376437824336	33.51656627515949
Bhathia_01	R407F	283.0	303.0	50000.0	53113.41697217184	33.91201452831193
Bhathia_01	R407F	283.0	303.0	50000.0	54976.60178098003	34.347281576292445
Bhathia_01	R407F	283.0	303.0	50000.0	56905.14592514396	34.82722711333391
Bhathia_01	R407F	283.0	303.0	50000.0	58901.34216848284	35.02132970927874
Bhathia_01	R407F	283.0	303.0	50000.0	60967.5637035091	35.14567474059666
Bhathia_01	R407F	283.0	303.0	50000.0	63106.2669728156	35.30301038412692
Bhathia_01	R407F	283.0	303.0	50000.0	65319.99458943548	35.49521046919198
Bhathia_01	R407F	283.0	303.0	50000.0	67611.3783596462	35.72565065122008
Bhathia_01	R407F	283.0	303.0	50000.0	69983.14241181171	35.99815053150511
Bhathia_01	R407F	283.0	303.0	50000.0	72438.10643498244	36.31258473258365
Bhathia_01	R407F	283.0	303.0	50000.0	74979.18903110319	36.67139801032769
Bhathia_01	R407F	283.0	303.0	50000.0	77609.41118481442	37.07718268702236
Bhathia_01	R407F	283.0	303.0	50000.0	80331.89985497203	37.05570237666008
Bhathia_01	R407F	283.0	303.0	50000.0	83149.89169215517	37.039034672975205
Bhathia_01	R407F	283.0	303.0	50000.0	86066.7368865822	37.05948221047839
Bhathia_01	R407F	283.0	303.0	50000.0	89085.903151008	37.11852772924987
Bhathia_01	R407F	283.0	303.0	50000.0	92210.9798433415	37.21863327594872
Bhathia_01	R407F	283.0	303.0	50000.0	95445.68223387754	37.36268371293614
Bhathia_01	R407F	283.0	303.0	50000.0	98793.85592222596	37.555026480200574
Bhathia_01	R407F	283.0	303.0	50000.0	102259.48140917791	37.80124894423924
Bhathia_01	R407F	283.0	303.0	50000.0	105846.67882895643	38.040877296932386
Bhathia_01	R407F	283.0	303.0	50000.0	109559.71284746489	37.82586247617727
Bhathia_01	R407F	283.0	303.0	50000.0	113402.99773236972	37.648752565617755
Bhathia_01	R407F	283.0	303.0	50000.0	117381.10260103126	37.512150045634165
Bhathia_01	R407F	283.0	303.0	50000.0	121498.75685253605	37.42336741496461
Bhathia_01	R407F	283.0	303.0	50000.0	125760.85579027371	37.38234843066901
Bhathia_01	R407F	283.0	303.0	50000.0	130172.46644175818	37.39095830626543
Bhathia_01	R407F	283.0	303.0	50000.0	134738.83358259665	37.45236061643208
Bhathia_01	R407F	283.0	303.0	50000.0	139465.3859717822	37.570063506820276
Bhathia_01	R407F	283.0	303.0	50000.0	144357.7428057125	37.58494070362573
Bhathia_01	R407F	283.0	303.0	50000.0	149421.7203986127	37.22947068252042
Bhathia_01	R407F	283.0	303.0	50000.0	154663.33909730316	36.916954585971816
Bhathia_01	R407F	283.0	303.0	50000.0	160088.83043853292	36.650055283339455
Bhathia_01	R407F	283.0	303.0	50000.0	165704.6445573877	36.431581861167494
Bhathia_01	R407F	283.0	303.0	50000.0	171517.45785558026	36.26444079742387
Bhathia_01	R407F	283.0	303.0	50000.0	177534.18093873924	36.15750500033058
Bhathia_01	R407F	283.0	303.0	50000.0	183761.96683213356	36.110801228137205
Bhathia_01	R407F	283.0	303.0	50000.0	190208.21948459864	36.12566815487776
Bhathia_01	R407F	283.0	303.0	50000.0	196880.60257077508	35.94227946700869
Bhathia_01	R407F	283.0	303.0	50000.0	203787.04860212465	35.489708072579866
Bhathia_01	R407F	283.0	303.0	50000.0	210935.76835755422	35.08561024421378
Bhathia_01	R407F	283.0	303.0	50000.0	218335.26064486115	34.73697008941292
Bhathia_01	R407F	283.0	303.0	50000.0	225994.32240460056	34.439646418056356
Bhathia_01	R407F	283.0	303.0	50000.0	233922.05916839777	34.19529279262166
Bhathia_01	R407F	283.0	303.0	50000.0	242127.89588411906	33.9426314966764
Bhathia_01	R407F	283.0	303.0	50000.0	250621.58812079762	32.39503516107012
Bhathia_01	R407F	283.0	303.0	50000.0	259413.23366660537	30.862008340891244
Bhathia_01	R407F	283.0	303.0	50000.0	268513.2845336903	29.340767572892226
Bhathia_01	R407F	283.0	303.0	50000.0	277932.5593841194	27.82930900262018
Bhathia_01	R407F	283.0	303.0	50000.0	287682.2563917327	26.32798044411238
Bhathia_01	R407F	283.0	303.0	50000.0	297773.9665551654	24.837175761155937
Bhathia_01	R407F	283.0	303.0	50000.0	308219.6874779006	23.35893300113203
Bhathia_01	R407F	283.0	303.0	50000.0	319031.83763169846	21.899116544732212
Bhathia_01	R407F	283.0	303.0	50000.0	330223.271120397	20.45113001165277
Bhathia_01	R407F	283.0	303.0	50000.0	341807.2929615984	19.015325482238048
Bhathia_01	R407F	283.0	303.0	50000.0	353797.67490444286	17.592068880697774
Bhathia_01	R407F	283.0	303.0	50000.0	366208.67180225096	16.1816337670499
Bhathia_01	R407F	283.0	303.0	50000.0	379055.0385595106	14.78989027456853
Bhathia_01	R407F	283.0	303.0	50000.0	392352.047673353	13.41424596278167
Bhathia_01	R407F	283.0	303.0	50000.0	406115.50739037304	12.05176972828012
Bhathia_01	R407F	283.0	303.0	50000.0	420361.78050037875	10.702657274443133
Bhathia_01	R407F	283.0	303.0	50000.0	435107.80378941365	9.367043136057681
Bhathia_01	R407F	283.0	303.0	50000.0	450371.1081751789	8.046264636441677
Bhathia_01	R407F	283.0	303.0	50000.0	466169.83954879304	6.7462459326121
Bhathia_01	R407F	283.0	303.0	50000.0	482522.7803476675	5.460273708153823
Bhathia_01	R407F	283.0	303.0	50000.0	499449.37188514473	4.188532638249051
Bhathia_01	R407F	283.0	303.0	50000.0	516969.7374634458	2.9312047667125567
Bhathia_01	R407F	283.0	303.0	50000.0	535104.7062974056	1.6890950637161868
Bhathia_01	R407F	283.0	303.0	50000.0	553875.8382774384	0.46729680505014526
Bhathia_01	R407F	283.0	333.0	50000.0	131.76170241217702	0.027400715187043286
Bhathia_01	R407F	283.0	333.0	50000.0	136.3838189377566	0.11462285118904396
Bhathia_01	R407F	283.0	333.0	50000.0	141.16807636456102	0.20485493100847954
Bhathia_01	R407F	283.0	333.0	50000.0	146.12016249204424	0.29819898971655934
Bhathia_01	R407F	283.0	333.0	50000.0	151.24596464403913	0.39476038814648545
Bhathia_01	R407F	283.0	333.0	50000.0	156.55157666794562	0.49464791145735626
Bhathia_01	R407F	283.0	333.0	50000.0	162.04330617944572	0.5979738698633764
Bhathia_01	R407F	283.0	333.0	50000.0	167.72768206135862	0.7048542015120467
Bhathia_01	R407F	283.0	333.0	50000.0	173.6114622255508	0.815408577487906
Bhathia_01	R407F	283.0	333.0	50000.0	179.70164164712898	0.9231140727492341
Bhathia_01	R407F	283.0	333.0	50000.0	186.00546068046754	1.0275819524784964
Bhathia_01	R407F	283.0	333.0	50000.0	192.53041366695666	1.1356423154296782
Bhathia_01	R407F	283.0	333.0	50000.0	199.28425784470534	1.2474160305024233
Bhathia_01	R407F	283.0	333.0	50000.0	206.27502257078967	1.363027838722631
Bhathia_01	R407F	283.0	333.0	50000.0	213.51101886701414	1.4826064628116729
Bhathia_01	R407F	283.0	333.0	50000.0	221.00084930052978	1.6062847187243359
Bhathia_01	R407F	283.0	333.0	50000.0	228.7534182110594	1.7341996290907433
Bhathia_01	R407F	283.0	333.0	50000.0	236.77794229688686	1.8664925384856388
Bhathia_01	R407F	283.0	333.0	50000.0	245.08396157219659	1.9925765893503253
Bhathia_01	R407F	283.0	333.0	50000.0	253.68135070878884	2.1174919694075482
Bhathia_01	R407F	283.0	333.0	50000.0	262.58033077565597	2.2466846769212703
Bhathia_01	R407F	283.0	333.0	50000.0	271.7914813903746	2.380297288747446
Bhathia_01	R407F	283.0	333.0	50000.0	281.32575329676206	2.5184768500360635
Bhathia_01	R407F	283.0	333.0	50000.0	291.1944813837476	2.6613749929104746
Bhathia_01	R407F	283.0	333.0	50000.0	301.4093981609385	2.809148056592466
Bhathia_01	R407F	283.0	333.0	50000.0	311.9826477069	2.961957208829754
Bhathia_01	R407F	283.0	333.0	50000.0	322.92680010673166	3.119968568463762
Bhathia_01	R407F	283.0	333.0	50000.0	334.2548663961052	3.2672022490251993
Bhathia_01	R407F	283.0	333.0	50000.0	345.9803140295299	3.416268841397902
Bhathia_01	R407F	283.0	333.0	50000.0	358.11708289123294	3.570413121591605
Bhathia_01	R407F	283.0	333.0	50000.0	370.67960186769494	3.729802398093542
Bhathia_01	R407F	283.0	333.0	50000.0	383.6828060015357	3.8946090764933423
Bhathia_01	R407F	283.0	333.0	50000.0	397.1421542471496	4.065010783175584
Bhathia_01	R407F	283.0	333.0	50000.0	411.0736478491962	4.241190489417046
Bhathia_01	R407F	283.0	333.0	50000.0	425.49384936579753	4.42332247788899
Bhathia_01	R407F	283.0	333.0	50000.0	440.41990235905604	4.611308675441393
Bhathia_01	R407F	283.0	333.0	50000.0	455.86955177630426	4.7827707427401105
Bhathia_01	R407F	283.0	333.0	50000.0	471.8611650463152	4.959955100038029
Bhathia_01	R407F	283.0	333.0	50000.0	488.41375391555476	5.143042737212808
Bhathia_01	R407F	283.0	333.0	50000.0	505.546997050434	5.332211595196373
Bhathia_01	R407F	283.0	333.0	50000.0	523.2812634324383	5.527658792515605
Bhathia_01	R407F	283.0	333.0	50000.0	541.6376365739385	5.72957389504419
Bhathia_01	R407F	283.0	333.0	50000.0	560.6379395834789	5.938155212338831
Bhathia_01	R407F	283.0	333.0	50000.0	580.30476111034	6.153612907612555
Bhathia_01	R407F	283.0	333.0	50000.0	600.6614821992193	6.371282391785338
Bhathia_01	R407F	283.0	333.0	50000.0	621.7323040869574	6.573817198589101
Bhathia_01	R407F	283.0	333.0	50000.0	643.5422769743552	6.783032267975095
Bhathia_01	R407F	283.0	333.0	50000.0	666.1173298072896	6.999132893685233
Bhathia_01	R407F	283.0	333.0	50000.0	689.4843011025289	7.222326630396157
Bhathia_01	R407F	283.0	333.0	50000.0	713.670970854901	7.45282649393596
Bhathia_01	R407F	283.0	333.0	50000.0	738.7060935637436	7.690852929300036
Bhathia_01	R407F	283.0	333.0	50000.0	764.6194324179003	7.936630662635911
Bhathia_01	R407F	283.0	333.0	50000.0	791.4417946799063	8.190389750039566
Bhathia_01	R407F	283.0	333.0	50000.0	819.2050683114275	8.441172091789175
Bhathia_01	R407F	283.0	333.0	50000.0	847.9422598834972	8.679345017207476
Bhathia_01	R407F	283.0	333.0	50000.0	877.6875338166207	8.925290698733232
Bhathia_01	R407F	283.0	333.0	50000.0	908.4762529973926	9.179265975685693
Bhathia_01	R407F	283.0	333.0	50000.0	940.3450208199293	9.441513871681362
Bhathia_01	R407F	283.0	333.0	50000.0	973.3317247020778	9.712249573160655
Bhathia_01	R407F	283.0	333.0	50000.0	1007.4755811281508	9.99175089390569
Bhathia_01	R407F	283.0	333.0	50000.0	1042.817182271731	10.280264437963199
Bhathia_01	R407F	283.0	333.0	50000.0	1079.3985442539745	10.578028399742958
Bhathia_01	R407F	283.0	333.0	50000.0	1117.2631570947824	10.865784317001568
Bhathia_01	R407F	283.0	333.0	50000.0	1156.4560364162314	11.144841656712599
Bhathia_01	R407F	283.0	333.0	50000.0	1197.023776959721	11.432912370951724
Bhathia_01	R407F	283.0	333.0	50000.0	1239.0146079804795	11.730180180521646
Bhathia_01	R407F	283.0	333.0	50000.0	1282.478450585262	12.03698505313306
Bhathia_01	R407F	283.0	333.0	50000.0	1327.4669770814253	12.353515787524437
Bhathia_01	R407F	283.0	333.0	50000.0	1374.0336724079282	12.680158970198926
Bhathia_01	R407F	283.0	333.0	50000.0	1422.2338977212928	13.01728777626032
Bhathia_01	R407F	283.0	333.0	50000.0	1472.124956212121	13.365340409347416
Bhathia_01	R407F	283.0	333.0	50000.0	1523.766161230411	13.694132824959683
Bhathia_01	R407F	283.0	333.0	50000.0	1577.2189068006678	14.02014652959741
Bhathia_01	R407F	283.0	333.0	50000.0	1632.5467406106395	14.356743322836127
Bhathia_01	R407F	283.0	333.0	50000.0	1689.81543956045	14.70415576757422
Bhathia_01	R407F	283.0	333.0	50000.0	1749.093087961948	15.062718462389496
Bhathia_01	R407F	283.0	333.0	50000.0	1810.45015848124	15.3645882532784
Bhathia_01	R407F	283.0	333.0	50000.0	1873.9595959206342	15.627742772937284
Bhathia_01	R407F	283.0	333.0	50000.0	1939.6969039396042	15.900020087601378
Bhathia_01	R407F	283.0	333.0	50000.0	2007.7402348178655	16.181748098900034
Bhathia_01	R407F	283.0	333.0	50000.0	2078.1704823672853	16.428866061926172
Bhathia_01	R407F	283.0	333.0	50000.0	2151.0713781030845	16.678268958894428
Bhathia_01	R407F	283.0	333.0	50000.0	2226.529590788659	16.936809178117485
Bhathia_01	R407F	283.0	333.0	50000.0	2304.63482947238	17.204851174689484
Bhathia_01	R407F	283.0	333.0	50000.0	2385.479950138839	17.48244511565502
Bhathia_01	R407F	283.0	333.0	50000.0	2469.161066101381	17.77008138937359
Bhathia_01	R407F	283.0	333.0	50000.0	2555.7776622671126	18.067916707219776
Bhathia_01	R407F	283.0	333.0	50000.0	2645.43271341026	18.37640569846222
Bhathia_01	R407F	283.0	333.0	50000.0	2738.2328065944866	18.6934988510997
Bhathia_01	R407F	283.0	333.0	50000.0	2834.2882678897013	18.96452766208515
Bhathia_01	R407F	283.0	333.0	50000.0	2933.7132935340187	19.24563023457522
Bhathia_01	R407F	283.0	333.0	50000.0	3036.6260856967806	19.537318745332243
Bhathia_01	R407F	283.0	333.0	50000.0	3143.1489930040857	19.83976576911413
Bhathia_01	R407F	283.0	333.0	50000.0	3253.4086559938396	20.15367109015322
Bhathia_01	R407F	283.0	333.0	50000.0	3367.536157673288	20.47907128336012
Bhathia_01	R407F	283.0	333.0	50000.0	3485.667179358007	20.816546951054566
Bhathia_01	R407F	283.0	333.0	50000.0	3607.9421619776303	21.16630318137873
Bhathia_01	R407F	283.0	333.0	50000.0	3734.506473040075	21.514222711989675
Bhathia_01	R407F	283.0	333.0	50000.0	3865.5105794527676	21.81941326530763
Bhathia_01	R407F	283.0	333.0	50000.0	4001.1102264063275	22.13663053895933
Bhathia_01	R407F	283.0	333.0	50000.0	4141.466622533378	22.466021360137418
Bhathia_01	R407F	283.0	333.0	50000.0	4286.746631562607	22.807903155751944
Bhathia_01	R407F	283.0	333.0	50000.0	4437.122970695934	23.163033797637958
Bhathia_01	R407F	283.0	333.0	50000.0	4592.774415944617	23.531737039993512
Bhathia_01	R407F	283.0	333.0	50000.0	4753.8860146684265	23.914841546036914
Bhathia_01	R407F	283.0	333.0	50000.0	4920.649305570547	24.31303263963172
Bhathia_01	R407F	283.0	333.0	50000.0	5093.26254640977	24.694582649377917
Bhathia_01	R407F	283.0	333.0	50000.0	5271.9309497006825	25.039378745789534
Bhathia_01	R407F	283.0	333.0	50000.0	5456.8669266820625	25.39804453853054
Bhathia_01	R407F	283.0	333.0	50000.0	5648.290339843539	25.77126144113346
Bhathia_01	R407F	283.0	333.0	50000.0	5846.4287643107255	26.159841717688114
Bhathia_01	R407F	283.0	333.0	50000.0	6051.517758399548	26.564373438179675
Bhathia_01	R407F	283.0	333.0	50000.0	6263.801143661515	26.985192735998595
Bhathia_01	R407F	283.0	333.0	50000.0	6483.531294752719	27.422783944307906
Bhathia_01	R407F	283.0	333.0	50000.0	6710.9694394713115	27.878100642396987
Bhathia_01	R407F	283.0	333.0	50000.0	6946.385969320071	28.296483830831903
Bhathia_01	R407F	283.0	333.0	50000.0	7190.06076096333	28.68776178901976
Bhathia_01	R407F	283.0	333.0	50000.0	7442.283508960394	29.095679467836373
Bhathia_01	R407F	283.0	333.0	50000.0	7703.354070171016	29.520732892744437
Bhathia_01	R407F	283.0	333.0	50000.0	7973.582820242459	29.9639772648551
Bhathia_01	R407F	283.0	333.0	50000.0	8253.291022601827	30.42559990412552
Bhathia_01	R407F	283.0	333.0	50000.0	8542.811210392447	30.907219693860362
Bhathia_01	R407F	283.0	333.0	50000.0	8842.487581808335	31.409089170728425
Bhathia_01	R407F	283.0	333.0	50000.0	9152.676409296731	31.931874876349724
Bhathia_01	R407F	283.0	333.0	50000.0	9473.746463115214	32.388636646019954
Bhathia_01	R407F	283.0	333.0	50000.0	9806.07944974691	32.83225200105817
Bhathia_01	R407F	283.0	333.0	50000.0	10150.070465695051	33.29584529503739
Bhathia_01	R407F	283.0	333.0	50000.0	10506.128467196331	33.780310042705565
Bhathia_01	R407F	283.0	333.0	50000.0	10874.676756411529	34.286194667317694
Bhathia_01	R407F	283.0	333.0	50000.0	11256.153484671382	34.814443127671126
Bhathia_01	R407F	283.0	333.0	50000.0	11651.012173375993	35.365859980019025
Bhathia_01	R407F	283.0	333.0	50000.0	12059.722253167078	35.94080312595981
Bhathia_01	R407F	283.0	333.0	50000.0	12482.769622014002	36.541625286345216
Bhathia_01	R407F	283.0	333.0	50000.0	12920.657222877158	37.03479676318046
Bhathia_01	R407F	283.0	333.0	50000.0	13373.905641635398	37.53592901313099
Bhathia_01	R407F	283.0	333.0	50000.0	13843.053725988231	38.06024524020149
Bhathia_01	R407F	283.0	333.0	50000.0	14328.65922606916	38.60869552911007
Bhathia_01	R407F	283.0	333.0	50000.0	14831.299457530586	39.182554961812855
Bhathia_01	R407F	283.0	333.0	50000.0	15351.571987890213	39.783077260367804
Bhathia_01	R407F	283.0	333.0	50000.0	15890.095346953078	40.410746669800005
Bhathia_01	R407F	283.0	333.0	50000.0	16447.509762155743	41.06671589409129
Bhathia_01	R407F	283.0	333.0	50000.0	17024.47791970484	41.73827569777765
Bhathia_01	R407F	283.0	333.0	50000.0	17621.68575241697	42.27006659591725
Bhathia_01	R407F	283.0	333.0	50000.0	18239.84325519438	42.82843256408475
Bhathia_01	R407F	283.0	333.0	50000.0	18879.685329108175	43.4131675968334
Bhathia_01	R407F	283.0	333.0	50000.0	19541.972655090256	44.02641980376765
Bhathia_01	R407F	283.0	333.0	50000.0	20227.49259827501	44.668588521500865
Bhathia_01	R407F	283.0	333.0	50000.0	20937.060144063526	45.34090317782732
Bhathia_01	R407F	283.0	333.0	50000.0	21671.518867025392	46.04509055859323
Bhathia_01	R407F	283.0	333.0	50000.0	22431.741933788304	46.78246547980672
Bhathia_01	R407F	283.0	333.0	50000.0	23218.633141108625	47.49818537672055
Bhathia_01	R407F	283.0	333.0	50000.0	24033.127990356785	48.0743961041149
Bhathia_01	R407F	283.0	333.0	50000.0	24876.194799694935	48.67980095699523
Bhathia_01	R407F	283.0	333.0	50000.0	25748.835855269062	49.31568349374741
Bhathia_01	R407F	283.0	333.0	50000.0	26652.088602784228	49.98436020553368
Bhathia_01	R407F	283.0	333.0	50000.0	27587.026880879475	50.68606086719049
Bhathia_01	R407F	283.0	333.0	50000.0	28554.762197768767	51.42230666426107
Bhathia_01	R407F	283.0	333.0	50000.0	29556.445052665636	52.19458088633482
Bhathia_01	R407F	283.0	333.0	50000.0	30593.266303562625	53.0043102620725
Bhathia_01	R407F	283.0	333.0	50000.0	31666.458582991498	53.73463814009159
Bhathia_01	R407F	283.0	333.0	50000.0	32777.29776344747	54.334253104017
Bhathia_01	R407F	283.0	333.0	50000.0	33927.104474219595	54.96656895273693
Bhathia_01	R407F	283.0	333.0	50000.0	35117.24567143027	55.63255391177735
Bhathia_01	R407F	283.0	333.0	50000.0	36349.13626315173	56.33367819447597
Bhathia_01	R407F	283.0	333.0	50000.0	37624.240791528864	57.07208333251575
Bhathia_01	R407F	283.0	333.0	50000.0	38944.07517391196	57.85008887713997
Bhathia_01	R407F	283.0	333.0	50000.0	40310.20850506498	58.66838394480532
Bhathia_01	R407F	283.0	333.0	50000.0	41724.264922596594	59.52875755724232
Bhathia_01	R407F	283.0	333.0	50000.0	43187.92553782676	60.22327217035634
Bhathia_01	R407F	283.0	333.0	50000.0	44702.93043438957	60.808563670576774
Bhathia_01	R407F	283.0	333.0	50000.0	46271.08073694302	61.429405254305195
Bhathia_01	R407F	283.0	333.0	50000.0	47894.24075245067	62.087969293145335
Bhathia_01	R407F	283.0	333.0	50000.0	49574.34018657513	62.784826185206796
Bhathia_01	R407F	283.0	333.0	50000.0	51313.376437824336	63.52175389666914
Bhathia_01	R407F	283.0	333.0	50000.0	53113.41697217184	64.30059557182855
Bhathia_01	R407F	283.0	333.0	50000.0	54976.60178098003	65.1232784434705
Bhathia_01	R407F	283.0	333.0	50000.0	56905.14592514396	65.9935022655104
Bhathia_01	R407F	283.0	333.0	50000.0	58901.34216848284	66.58146463028339
Bhathia_01	R407F	283.0	333.0	50000.0	60967.5637035091	67.10337418050408
Bhathia_01	R407F	283.0	333.0	50000.0	63106.2669728156	67.66181092000139
Bhathia_01	R407F	283.0	333.0	50000.0	65319.99458943548	68.25860994272956
Bhathia_01	R407F	283.0	333.0	50000.0	67611.3783596462	68.89639604324515
Bhathia_01	R407F	283.0	333.0	50000.0	69983.14241181171	69.57809103383347
Bhathia_01	R407F	283.0	333.0	50000.0	72438.10643498244	70.3044174512356
Bhathia_01	R407F	283.0	333.0	50000.0	74979.18903110319	71.07740900809962
Bhathia_01	R407F	283.0	333.0	50000.0	77609.41118481442	71.89941670437133
Bhathia_01	R407F	283.0	333.0	50000.0	80331.89985497203	72.29570611387044
Bhathia_01	R407F	283.0	333.0	50000.0	83149.89169215517	72.69655424419952
Bhathia_01	R407F	283.0	333.0	50000.0	86066.7368865822	73.13484765301543
Bhathia_01	R407F	283.0	333.0	50000.0	89085.903151008	73.61190262589555
Bhathia_01	R407F	283.0	333.0	50000.0	92210.9798433415	74.12983665015025
Bhathia_01	R407F	283.0	333.0	50000.0	95445.68223387754	74.69082247940976
Bhathia_01	R407F	283.0	333.0	50000.0	98793.85592222596	75.29795274586503
Bhathia_01	R407F	283.0	333.0	50000.0	102259.48140917791	75.95509599901057
Bhathia_01	R407F	283.0	333.0	50000.0	105846.67882895643	76.60256886265208
Bhathia_01	R407F	283.0	333.0	50000.0	109559.71284746489	76.79159200994572
Bhathia_01	R407F	283.0	333.0	50000.0	113402.99773236972	77.0141487737551
Bhathia_01	R407F	283.0	333.0	50000.0	117381.10260103126	77.27198214995848
Bhathia_01	R407F	283.0	333.0	50000.0	121498.75685253605	77.56946987993912
Bhathia_01	R407F	283.0	333.0	50000.0	125760.85579027371	77.90716889557925
Bhathia_01	R407F	283.0	333.0	50000.0	130172.46644175818	78.28647958597054
Bhathia_01	R407F	283.0	333.0	50000.0	134738.83358259665	78.70961410249794
Bhathia_01	R407F	283.0	333.0	50000.0	139465.3859717822	79.17903369390773
Bhathia_01	R407F	283.0	333.0	50000.0	144357.7428057125	79.53391132998765
Bhathia_01	R407F	283.0	333.0	50000.0	149421.7203986127	79.50393795423885
Bhathia_01	R407F	283.0	333.0	50000.0	154663.33909730316	79.50378424916731
Bhathia_01	R407F	283.0	333.0	50000.0	160088.83043853292	79.53545851830684
Bhathia_01	R407F	283.0	333.0	50000.0	165704.6445573877	79.60072896840511
Bhathia_01	R407F	283.0	333.0	50000.0	171517.45785558026	79.70152784704537
Bhathia_01	R407F	283.0	333.0	50000.0	177534.18093873924	79.84275163424242
Bhathia_01	R407F	283.0	333.0	50000.0	183761.96683213356	80.02512405380679
Bhathia_01	R407F	283.0	333.0	50000.0	190208.21948459864	80.24999366099462
Bhathia_01	R407F	283.0	333.0	50000.0	196880.60257077508	80.25671312671659
Bhathia_01	R407F	283.0	333.0	50000.0	203787.04860212465	79.97374397656176
Bhathia_01	R407F	283.0	333.0	50000.0	210935.76835755422	79.71723741375011
Bhathia_01	R407F	283.0	333.0	50000.0	218335.26064486115	79.4912923779031
Bhathia_01	R407F	283.0	333.0	50000.0	225994.32240460056	79.29433062331685
Bhathia_01	R407F	283.0	333.0	50000.0	233922.05916839777	79.12808639668287
Bhathia_01	R407F	283.0	333.0	50000.0	242127.89588411906	78.93078077709553
Bhathia_01	R407F	283.0	333.0	50000.0	250621.58812079762	77.41521296325035
Bhathia_01	R407F	283.0	333.0	50000.0	259413.23366660537	75.88868567600555
Bhathia_01	R407F	283.0	333.0	50000.0	268513.2845336903	74.35020209088687
Bhathia_01	R407F	283.0	333.0	50000.0	277932.5593841194	72.79931733637636
Bhathia_01	R407F	283.0	333.0	50000.0	287682.2563917327	71.23684076187625
Bhathia_01	R407F	283.0	333.0	50000.0	297773.9665551654	69.66399735205982
Bhathia_01	R407F	283.0	333.0	50000.0	308219.6874779006	68.08297859965666
Bhathia_01	R407F	283.0	333.0	50000.0	319031.83763169846	66.49914004152802
Bhathia_01	R407F	283.0	333.0	50000.0	330223.271120397	64.90908292653317
Bhathia_01	R407F	283.0	333.0	50000.0	341807.2929615984	63.31405908824592
Bhathia_01	R407F	283.0	333.0	50000.0	353797.67490444286	61.715636418083925
Bhathia_01	R407F	283.0	333.0	50000.0	366208.67180225096	60.115235426521465
Bhathia_01	R407F	283.0	333.0	50000.0	379055.0385595106	58.51939709139362
Bhathia_01	R407F	283.0	333.0	50000.0	392352.047673353	56.927198250754685
Bhathia_01	R407F	283.0	333.0	50000.0	406115.50739037304	55.337300351224584
Bhathia_01	R407F	283.0	333.0	50000.0	420361.78050037875	53.75107972100637
Bhathia_01	R407F	283.0	333.0	50000.0	435107.80378941365	52.169350543742745
Bhathia_01	R407F	283.0	333.0	50000.0	450371.1081751789	50.594527396976346
Bhathia_01	R407F	283.0	333.0	50000.0	466169.83954879304	49.03336973586429
Bhathia_01	R407F	283.0	333.0	50000.0	482522.7803476675	47.479897887835406
Bhathia_01	R407F	283.0	333.0	50000.0	499449.37188514473	45.9348372375344
Bhathia_01	R407F	283.0	333.0	50000.0	516969.7374634458	44.3989152945112
Bhathia_01	R407F	283.0	333.0	50000.0	535104.7062974056	42.872598406233074
Bhathia_01	R407F	283.0	333.0	50000.0	553875.8382774384	41.36159924395153
Bhathia_01	R407F	283.0	333.0	50000.0	573305.4496011657	39.86381368685953
Bhathia_01	R407F	283.0	333.0	50000.0	593416.6393042037	38.3764063861718
Bhathia_01	R407F	283.0	333.0	50000.0	614233.3167216032	36.89952999370449
Bhathia_01	R407F	283.0	333.0	50000.0	635780.2299126569	35.43322392197565
Bhathia_01	R407F	283.0	333.0	50000.0	658082.9950827911	33.978700754272474
Bhathia_01	R407F	283.0	333.0	50000.0	681168.127037599	32.5422216104735
Bhathia_01	R407F	283.0	333.0	50000.0	705063.0707051408	31.116603728738237
Bhathia_01	R407F	283.0	333.0	50000.0	729796.2337640686	29.701769042677427
Bhathia_01	R407F	283.0	333.0	50000.0	755397.0204162808	28.297623298786785
Bhathia_01	R407F	283.0	333.0	50000.0	781895.866344346	26.904090318422
Bhathia_01	R407F	283.0	333.0	50000.0	809324.2748951628	25.525736968113527
Bhathia_01	R407F	283.0	333.0	50000.0	837714.8545329691	24.160793358048526
Bhathia_01	R407F	283.0	333.0	50000.0	867101.3576061296	22.805888557695233
Bhathia_01	R407F	283.0	333.0	50000.0	897518.7204738803	21.460974349381367
Bhathia_01	R407F	283.0	333.0	50000.0	929003.1050406658	20.125981342537383
Bhathia_01	R407F	283.0	333.0	50000.0	961591.9417474868	18.801554737161762
Bhathia_01	R407F	283.0	333.0	50000.0	995323.9740713531	17.49391134451839
Bhathia_01	R407F	283.0	333.0	50000.0	1030239.3045857496	16.195924938334805
Bhathia_01	R407F	283.0	333.0	50000.0	1066379.442636875	14.907442571817343
Bhathia_01	R407F	283.0	333.0	50000.0	1103787.3536923314	13.628462043855945
Bhathia_01	R407F	283.0	333.0	50000.0	1142507.5104209343	12.358707692120907
Bhathia_01	R407F	283.0	333.0	50000.0	1182585.945564372	11.102339573622885
Bhathia_01	R407F	283.0	333.0	50000.0	1224070.3066635653	9.858206313885294
Bhathia_01	R407F	283.0	333.0	50000.0	1267009.912704797	8.623052179572742
Bhathia_01	R407F	283.0	333.0	50000.0	1311455.8127529488	7.396878172626086
Bhathia_01	R407F	283.0	333.0	50000.0	1357460.8466415561	6.179794767009586
Bhathia_01	R407F	283.0	333.0	50000.0	1405079.70779183	4.972447844992564
Bhathia_01	R407F	283.0	333.0	50000.0	1454369.008235332	3.781060097878991
Bhathia_01	R407F	283.0	333.0	50000.0	1505387.3459176025	2.5992512363428277
Bhathia_01	R407F	283.0	333.0	50000.0	1558195.374362756	1.427628884833636
Bhathia_01	R407F	283.0	333.0	50000.0	1612855.874781868	0.26618329847265554
Bhathia_01	R407F	283.0	353.0	50000.0	131.76170241217702	0.027400715187043286
Bhathia_01	R407F	283.0	353.0	50000.0	136.3838189377566	0.11462285118904396
Bhathia_01	R407F	283.0	353.0	50000.0	141.16807636456102	0.20485493100847954
Bhathia_01	R407F	283.0	353.0	50000.0	146.12016249204424	0.29819898971655934
Bhathia_01	R407F	283.0	353.0	50000.0	151.24596464403913	0.39476038814648545
Bhathia_01	R407F	283.0	353.0	50000.0	156.55157666794562	0.49464791145735626
Bhathia_01	R407F	283.0	353.0	50000.0	162.04330617944572	0.5979738698633764
Bhathia_01	R407F	283.0	353.0	50000.0	167.72768206135862	0.7048542015120467
Bhathia_01	R407F	283.0	353.0	50000.0	173.6114622255508	0.815408577487906
Bhathia_01	R407F	283.0	353.0	50000.0	179.70164164712898	0.9231140727492341
Bhathia_01	R407F	283.0	353.0	50000.0	186.00546068046754	1.0275819524784964
Bhathia_01	R407F	283.0	353.0	50000.0	192.53041366695666	1.1356423154296782
Bhathia_01	R407F	283.0	353.0	50000.0	199.28425784470534	1.2474160305024233
Bhathia_01	R407F	283.0	353.0	50000.0	206.27502257078967	1.363027838722631
Bhathia_01	R407F	283.0	353.0	50000.0	213.51101886701414	1.4826064628116729
Bhathia_01	R407F	283.0	353.0	50000.0	221.00084930052978	1.6062847187243359
Bhathia_01	R407F	283.0	353.0	50000.0	228.7534182110594	1.7341996290907433
Bhathia_01	R407F	283.0	353.0	50000.0	236.77794229688686	1.8664925384856388
Bhathia_01	R407F	283.0	353.0	50000.0	245.08396157219659	1.9925765893503253
Bhathia_01	R407F	283.0	353.0	50000.0	253.68135070878884	2.1174919694075482
Bhathia_01	R407F	283.0	353.0	50000.0	262.58033077565597	2.2466846769212703
Bhathia_01	R407F	283.0	353.0	50000.0	271.7914813903746	2.380297288747446
Bhathia_01	R407F	283.0	353.0	50000.0	281.32575329676206	2.5184768500360635
Bhathia_01	R407F	283.0	353.0	50000.0	291.1944813837476	2.6613749929104746
Bhathia_01	R407F	283.0	353.0	50000.0	301.4093981609385	2.809148056592466
Bhathia_01	R407F	283.0	353.0	50000.0	311.9826477069	2.961957208829754
Bhathia_01	R407F	283.0	353.0	50000.0	322.92680010673166	3.119968568463762
Bhathia_01	R407F	283.0	353.0	50000.0	334.2548663961052	3.2672022490251993
Bhathia_01	R407F	283.0	353.0	50000.0	345.9803140295299	3.416268841397902
Bhathia_01	R407F	283.0	353.0	50000.0	358.11708289123294	3.570413121591605
Bhathia_01	R407F	283.0	353.0	50000.0	370.67960186769494	3.729802398093542
Bhathia_01	R407F	283.0	353.0	50000.0	383.6828060015357	3.8946090764933423
Bhathia_01	R407F	283.0	353.0	50000.0	397.1421542471496	4.065010783175584
Bhathia_01	R407F	283.0	353.0	50000.0	411.0736478491962	4.241190489417046
Bhathia_01	R407F	283.0	353.0	50000.0	425.49384936579753	4.42332247788899
Bhathia_01	R407F	283.0	353.0	50000.0	440.41990235905604	4.611308675441393
Bhathia_01	R407F	283.0	353.0	50000.0	455.86955177630426	4.7827707427401105
Bhathia_01	R407F	283.0	353.0	50000.0	471.8611650463152	4.959955100038029
Bhathia_01	R407F	283.0	353.0	50000.0	488.41375391555476	5.143042737212808
Bhathia_01	R407F	283.0	353.0	50000.0	505.546997050434	5.332211595196373
Bhathia_01	R407F	283.0	353.0	50000.0	523.2812634324383	5.527658792515605
Bhathia_01	R407F	283.0	353.0	50000.0	541.6376365739385	5.72957389504419
Bhathia_01	R407F	283.0	353.0	50000.0	560.6379395834789	5.938155212338831
Bhathia_01	R407F	283.0	353.0	50000.0	580.30476111034	6.153612907612555
Bhathia_01	R407F	283.0	353.0	50000.0	600.6614821992193	6.371282391785338
Bhathia_01	R407F	283.0	353.0	50000.0	621.7323040869574	6.573817198589101
Bhathia_01	R407F	283.0	353.0	50000.0	643.5422769743552	6.783032267975095
Bhathia_01	R407F	283.0	353.0	50000.0	666.1173298072896	6.999132893685233
Bhathia_01	R407F	283.0	353.0	50000.0	689.4843011025289	7.222326630396157
Bhathia_01	R407F	283.0	353.0	50000.0	713.670970854901	7.45282649393596
Bhathia_01	R407F	283.0	353.0	50000.0	738.7060935637436	7.690852929300036
Bhathia_01	R407F	283.0	353.0	50000.0	764.6194324179003	7.936630662635911
Bhathia_01	R407F	283.0	353.0	50000.0	791.4417946799063	8.190389750039566
Bhathia_01	R407F	283.0	353.0	50000.0	819.2050683114275	8.441172091789175
Bhathia_01	R407F	283.0	353.0	50000.0	847.9422598834972	8.679345017207476
Bhathia_01	R407F	283.0	353.0	50000.0	877.6875338166207	8.925290698733232
Bhathia_01	R407F	283.0	353.0	50000.0	908.4762529973926	9.179265975685693
Bhathia_01	R407F	283.0	353.0	50000.0	940.3450208199293	9.441513871681362
Bhathia_01	R407F	283.0	353.0	50000.0	973.3317247020778	9.712249573160655
Bhathia_01	R407F	283.0	353.0	50000.0	1007.4755811281508	9.99175089390569
Bhathia_01	R407F	283.0	353.0	50000.0	1042.817182271731	10.280264437963199
Bhathia_01	R407F	283.0	353.0	50000.0	1079.3985442539745	10.578028399742958
Bhathia_01	R407F	283.0	353.0	50000.0	1117.2631570947824	10.865784317001568
Bhathia_01	R407F	283.0	353.0	50000.0	1156.4560364162314	11.144841656712599
Bhathia_01	R407F	283.0	353.0	50000.0	1197.023776959721	11.432912370951724
Bhathia_01	R407F	283.0	353.0	50000.0	1239.0146079804795	11.730180180521646
Bhathia_01	R407F	283.0	353.0	50000.0	1282.478450585262	12.03698505313306
Bhathia_01	R407F	283.0	353.0	50000.0	1327.4669770814253	12.353515787524437
Bhathia_01	R407F	283.0	353.0	50000.0	1374.0336724079282	12.680158970198926
Bhathia_01	R407F	283.0	353.0	50000.0	1422.2338977212928	13.01728777626032
Bhathia_01	R407F	283.0	353.0	50000.0	1472.124956212121	13.365340409347416
Bhathia_01	R407F	283.0	353.0	50000.0	1523.766161230411	13.694132824959683
Bhathia_01	R407F	283.0	353.0	50000.0	1577.2189068006678	14.02014652959741
Bhathia_01	R407F	283.0	353.0	50000.0	1632.5467406106395	14.356743322836127
Bhathia_01	R407F	283.0	353.0	50000.0	1689.81543956045	14.70415576757422
Bhathia_01	R407F	283.0	353.0	50000.0	1749.093087961948	15.062718462389496
Bhathia_01	R407F	283.0	353.0	50000.0	1810.45015848124	15.432796799612575
Bhathia_01	R407F	283.0	353.0	50000.0	1873.9595959206342	15.814636073543884
Bhathia_01	R407F	283.0	353.0	50000.0	1939.6969039396042	16.20860709485048
Bhathia_01	R407F	283.0	353.0	50000.0	2007.7402348178655	16.615157550871434
Bhathia_01	R407F	283.0	353.0	50000.0	2078.1704823672853	16.990285850529165
Bhathia_01	R407F	283.0	353.0	50000.0	2151.0713781030845	17.37088112082574
Bhathia_01	R407F	283.0	353.0	50000.0	2226.529590788659	17.76392399417792
Bhathia_01	R407F	283.0	353.0	50000.0	2304.63482947238	18.169734026588266
Bhathia_01	R407F	283.0	353.0	50000.0	2385.479950138839	18.588653423604324
Bhathia_01	R407F	283.0	353.0	50000.0	2469.161066101381	19.02112139740163
Bhathia_01	R407F	283.0	353.0	50000.0	2555.7776622671126	19.46753886465924
Bhathia_01	R407F	283.0	353.0	50000.0	2645.43271341026	19.928233401090022
Bhathia_01	R407F	283.0	353.0	50000.0	2738.2328065944866	20.401163507046004
Bhathia_01	R407F	283.0	353.0	50000.0	2834.2882678897013	20.83191968936904
Bhathia_01	R407F	283.0	353.0	50000.0	2933.7132935340187	21.276812795940195
Bhathia_01	R407F	283.0	353.0	50000.0	3036.6260856967806	21.736314605554895
Bhathia_01	R407F	283.0	353.0	50000.0	3143.1489930040857	22.210815890800355
Bhathia_01	R407F	283.0	353.0	50000.0	3253.4086559938396	22.70068048739015
Bhathia_01	R407F	283.0	353.0	50000.0	3367.536157673288	23.206522050153797
Bhathia_01	R407F	283.0	353.0	50000.0	3485.667179358007	23.637196899161438
Bhathia_01	R407F	283.0	353.0	50000.0	3607.9421619776303	24.051845614582405
Bhathia_01	R407F	283.0	353.0	50000.0	3734.506473040075	24.466034168759034
Bhathia_01	R407F	283.0	353.0	50000.0	3865.5105794527676	24.83902464601119
Bhathia_01	R407F	283.0	353.0	50000.0	4001.1102264063275	25.225041260320044
Bhathia_01	R407F	283.0	353.0	50000.0	4141.466622533378	25.624806232597663
Bhathia_01	R407F	283.0	353.0	50000.0	4286.746631562607	26.038555022893974
Bhathia_01	R407F	283.0	353.0	50000.0	4437.122970695934	26.46666525727381
Bhathia_01	R407F	283.0	353.0	50000.0	4592.774415944617	26.910105194106713
Bhathia_01	R407F	283.0	353.0	50000.0	4753.8860146684265	27.369136329650402
Bhathia_01	R407F	283.0	353.0	50000.0	4920.649305570547	27.84437392158902
Bhathia_01	R407F	283.0	353.0	50000.0	5093.26254640977	28.30457356137268
Bhathia_01	R407F	283.0	353.0	50000.0	5271.9309497006825	28.729222294174704
Bhathia_01	R407F	283.0	353.0	50000.0	5456.8669266820625	29.16907586540031
Bhathia_01	R407F	283.0	353.0	50000.0	5648.290339843539	29.624970545048864
Bhathia_01	R407F	283.0	353.0	50000.0	5846.4287643107255	30.09765314001707
Bhathia_01	R407F	283.0	353.0	50000.0	6051.517758399548	30.58712931088203
Bhathia_01	R407F	283.0	353.0	50000.0	6263.801143661515	31.09470546120049
Bhathia_01	R407F	283.0	353.0	50000.0	6483.531294752719	31.620458540513226
Bhathia_01	R407F	283.0	353.0	50000.0	6710.9694394713115	32.16485509460212
Bhathia_01	R407F	283.0	353.0	50000.0	6946.385969320071	32.67389655860773
Bhathia_01	R407F	283.0	353.0	50000.0	7190.06076096333	33.157263971297446
Bhathia_01	R407F	283.0	353.0	50000.0	7442.283508960394	33.658421972519896
Bhathia_01	R407F	283.0	353.0	50000.0	7703.354070171016	34.178089161545344
Bhathia_01	R407F	283.0	353.0	50000.0	7973.582820242459	34.717227212173675
Bhathia_01	R407F	283.0	353.0	50000.0	8253.291022601827	35.27667724783826
Bhathia_01	R407F	283.0	353.0	50000.0	8542.811210392447	35.85688506015736
Bhathia_01	R407F	283.0	353.0	50000.0	8842.487581808335	36.45938501763313
Bhathia_01	R407F	283.0	353.0	50000.0	9152.676409296731	37.083744250672865
Bhathia_01	R407F	283.0	353.0	50000.0	9473.746463115214	37.64402034607871
Bhathia_01	R407F	283.0	353.0	50000.0	9806.07944974691	38.192527911263376
Bhathia_01	R407F	283.0	353.0	50000.0	10150.070465695051	38.762530627721816
Bhathia_01	R407F	283.0	353.0	50000.0	10506.128467196331	39.35482024170074
Bhathia_01	R407F	283.0	353.0	50000.0	10874.676756411529	39.970061232273984
Bhathia_01	R407F	283.0	353.0	50000.0	11256.153484671382	40.6090927335517
Bhathia_01	R407F	283.0	353.0	50000.0	11651.012173375993	41.272775132309526
Bhathia_01	R407F	283.0	353.0	50000.0	12059.722253167078	41.96243066139908
Bhathia_01	R407F	283.0	353.0	50000.0	12482.769622014002	42.67902425531103
Bhathia_01	R407F	283.0	353.0	50000.0	12920.657222877158	43.28985715421596
Bhathia_01	R407F	283.0	353.0	50000.0	13373.905641635398	43.911135936728485
Bhathia_01	R407F	283.0	353.0	50000.0	13843.053725988231	44.55600646178644
Bhathia_01	R407F	283.0	353.0	50000.0	14328.65922606916	45.22860549887967
Bhathia_01	R407F	283.0	353.0	50000.0	14831.299457530586	45.927293687810085
Bhathia_01	R407F	283.0	353.0	50000.0	15351.571987890213	46.65461354173923
Bhathia_01	R407F	283.0	353.0	50000.0	15890.095346953078	47.41119369945806
Bhathia_01	R407F	283.0	353.0	50000.0	16447.509762155743	48.19791943120127
Bhathia_01	R407F	283.0	353.0	50000.0	17024.47791970484	49.00270394150704
Bhathia_01	R407F	283.0	353.0	50000.0	17621.68575241697	49.66996179034002
Bhathia_01	R407F	283.0	353.0	50000.0	18239.84325519438	50.365697141062014
Bhathia_01	R407F	283.0	353.0	50000.0	18879.685329108175	51.09065923913488
Bhathia_01	R407F	283.0	353.0	50000.0	19541.972655090256	51.84604396813527
Bhathia_01	R407F	283.0	353.0	50000.0	20227.49259827501	52.6327974062804
Bhathia_01	R407F	283.0	353.0	50000.0	20937.060144063526	53.45200767351852
Bhathia_01	R407F	283.0	353.0	50000.0	21671.518867025392	54.30581821401906
Bhathia_01	R407F	283.0	353.0	50000.0	22431.741933788304	55.195336617227866
Bhathia_01	R407F	283.0	353.0	50000.0	23218.633141108625	56.06482913631555
Bhathia_01	R407F	283.0	353.0	50000.0	24033.127990356785	56.79863099168626
Bhathia_01	R407F	283.0	353.0	50000.0	24876.194799694935	57.562911707181385
Bhathia_01	R407F	283.0	353.0	50000.0	25748.835855269062	58.36128345255537
Bhathia_01	R407F	283.0	353.0	50000.0	26652.088602784228	59.19461272767122
Bhathia_01	R407F	283.0	353.0	50000.0	27587.026880879475	60.063483275377685
Bhathia_01	R407F	283.0	353.0	50000.0	28554.762197768767	60.97018185894195
Bhathia_01	R407F	283.0	353.0	50000.0	29556.445052665636	61.915236370972146
Bhathia_01	R407F	283.0	353.0	50000.0	30593.266303562625	62.9006521670474
Bhathia_01	R407F	283.0	353.0	50000.0	31666.458582991498	63.80902782589215
Bhathia_01	R407F	283.0	353.0	50000.0	32777.29776344747	64.58916011459809
Bhathia_01	R407F	283.0	353.0	50000.0	33927.104474219595	65.40489311101875
Bhathia_01	R407F	283.0	353.0	50000.0	35117.24567143027	66.2570713786565
Bhathia_01	R407F	283.0	353.0	50000.0	36349.13626315173	67.14725101826687
Bhathia_01	R407F	283.0	353.0	50000.0	37624.240791528864	68.07724205460221
Bhathia_01	R407F	283.0	353.0	50000.0	38944.07517391196	69.049363161353
Bhathia_01	R407F	283.0	353.0	50000.0	40310.20850506498	70.06437761052585
Bhathia_01	R407F	283.0	353.0	50000.0	41724.264922596594	71.12369237861836
Bhathia_01	R407F	283.0	353.0	50000.0	43187.92553782676	72.02022281031638
Bhathia_01	R407F	283.0	353.0	50000.0	44702.93043438957	72.80997921446729
Bhathia_01	R407F	283.0	353.0	50000.0	46271.08073694302	73.63746247721842
Bhathia_01	R407F	283.0	353.0	50000.0	47894.24075245067	74.50499996968956
Bhathia_01	R407F	283.0	353.0	50000.0	49574.34018657513	75.41315304091576
Bhathia_01	R407F	283.0	353.0	50000.0	51313.376437824336	76.36336522804828
Bhathia_01	R407F	283.0	353.0	50000.0	53113.41697217184	77.35822076611409
Bhathia_01	R407F	283.0	353.0	50000.0	54976.60178098003	78.39888910722352
Bhathia_01	R407F	283.0	353.0	50000.0	56905.14592514396	79.4884110217932
Bhathia_01	R407F	283.0	353.0	50000.0	58901.34216848284	80.29797236721423
Bhathia_01	R407F	283.0	353.0	50000.0	60967.5637035091	81.04255419900936
Bhathia_01	R407F	283.0	353.0	50000.0	63106.2669728156	81.82628632785526
Bhathia_01	R407F	283.0	353.0	50000.0	65319.99458943548	82.6495380612335
Bhathia_01	R407F	283.0	353.0	50000.0	67611.3783596462	83.51523241027176
Bhathia_01	R407F	283.0	353.0	50000.0	69983.14241181171	84.42533230998521
Bhathia_01	R407F	283.0	353.0	50000.0	72438.10643498244	85.38135051374357
Bhathia_01	R407F	283.0	353.0	50000.0	74979.18903110319	86.38522740271387
Bhathia_01	R407F	283.0	353.0	50000.0	77609.41118481442	87.43879216508125
Bhathia_01	R407F	283.0	353.0	50000.0	80331.89985497203	88.06780151846976
Bhathia_01	R407F	283.0	353.0	50000.0	83149.89169215517	88.70092736815229
Bhathia_01	R407F	283.0	353.0	50000.0	86066.7368865822	89.37210214347637
Bhathia_01	R407F	283.0	353.0	50000.0	89085.903151008	90.08218005058319
Bhathia_01	R407F	283.0	353.0	50000.0	92210.9798433415	90.83345011185918
Bhathia_01	R407F	283.0	353.0	50000.0	95445.68223387754	91.62767014744848
Bhathia_01	R407F	283.0	353.0	50000.0	98793.85592222596	92.46783518463927
Bhathia_01	R407F	283.0	353.0	50000.0	102259.48140917791	93.35680886327545
Bhathia_01	R407F	283.0	353.0	50000.0	105846.67882895643	94.23597109379824
Bhathia_01	R407F	283.0	353.0	50000.0	109559.71284746489	94.65606849854876
Bhathia_01	R407F	283.0	353.0	50000.0	113402.99773236972	95.10905194683197
Bhathia_01	R407F	283.0	353.0	50000.0	117381.10260103126	95.5967636315466
Bhathia_01	R407F	283.0	353.0	50000.0	121498.75685253605	96.12232597139749
Bhathia_01	R407F	283.0	353.0	50000.0	125760.85579027371	96.6868960672213
Bhathia_01	R407F	283.0	353.0	50000.0	130172.46644175818	97.29203540125518
Bhathia_01	R407F	283.0	353.0	50000.0	134738.83358259665	97.94016384059458
Bhathia_01	R407F	283.0	353.0	50000.0	139465.3859717822	98.63349822665425
Bhathia_01	R407F	283.0	353.0	50000.0	144357.7428057125	99.21092574697074
Bhathia_01	R407F	283.0	353.0	50000.0	149421.7203986127	99.4014044626689
Bhathia_01	R407F	283.0	353.0	50000.0	154663.33909730316	99.62082002852641
Bhathia_01	R407F	283.0	353.0	50000.0	160088.83043853292	99.87092465407301
Bhathia_01	R407F	283.0	353.0	50000.0	165704.6445573877	100.15340721040666
Bhathia_01	R407F	283.0	353.0	50000.0	171517.45785558026	100.47049496009924
Bhathia_01	R407F	283.0	353.0	50000.0	177534.18093873924	100.82625979956049
Bhathia_01	R407F	283.0	353.0	50000.0	183761.96683213356	101.22205070750242
Bhathia_01	R407F	283.0	353.0	50000.0	190208.21948459864	101.65927247285654
Bhathia_01	R407F	283.0	353.0	50000.0	196880.60257077508	101.87744331347074
Bhathia_01	R407F	283.0	353.0	50000.0	203787.04860212465	101.80475619074107
Bhathia_01	R407F	283.0	353.0	50000.0	210935.76835755422	101.75728639930396
Bhathia_01	R407F	283.0	353.0	50000.0	218335.26064486115	101.73833990175801
Bhathia_01	R407F	283.0	353.0	50000.0	225994.32240460056	101.74679285415199
Bhathia_01	R407F	283.0	353.0	50000.0	233922.05916839777	101.78447530118932
Bhathia_01	R407F	283.0	353.0	50000.0	242127.89588411906	101.78848881095078
Bhathia_01	R407F	283.0	353.0	50000.0	250621.58812079762	100.4724849766036
Bhathia_01	R407F	283.0	353.0	50000.0	259413.23366660537	99.14153157010401
Bhathia_01	R407F	283.0	353.0	50000.0	268513.2845336903	97.79471224031492
Bhathia_01	R407F	283.0	353.0	50000.0	277932.5593841194	96.43095547057476
Bhathia_01	R407F	283.0	353.0	50000.0	287682.2563917327	95.05053462131232
Bhathia_01	R407F	283.0	353.0	50000.0	297773.9665551654	93.65385216467338
Bhathia_01	R407F	283.0	353.0	50000.0	308219.6874779006	92.24202615426002
Bhathia_01	R407F	283.0	353.0	50000.0	319031.83763169846	90.81800619650681
Bhathia_01	R407F	283.0	353.0	50000.0	330223.271120397	89.37898478766938
Bhathia_01	R407F	283.0	353.0	50000.0	341807.2929615984	87.92530568791666
Bhathia_01	R407F	283.0	353.0	50000.0	353797.67490444286	86.45751820450839
Bhathia_01	R407F	283.0	353.0	50000.0	366208.67180225096	84.97612537664668
Bhathia_01	R407F	283.0	353.0	50000.0	379055.0385595106	83.4848229898078
Bhathia_01	R407F	283.0	353.0	50000.0	392352.047673353	81.98315361979522
Bhathia_01	R407F	283.0	353.0	50000.0	406115.50739037304	80.46965479301684
Bhathia_01	R407F	283.0	353.0	50000.0	420361.78050037875	78.94500117188964
Bhathia_01	R407F	283.0	353.0	50000.0	435107.80378941365	77.40989003139877
Bhathia_01	R407F	283.0	353.0	50000.0	450371.1081751789	75.86596528400062
Bhathia_01	R407F	283.0	353.0	50000.0	466169.83954879304	74.31815884315735
Bhathia_01	R407F	283.0	353.0	50000.0	482522.7803476675	72.76255875219942
Bhathia_01	R407F	283.0	353.0	50000.0	499449.37188514473	71.19971089559859
Bhathia_01	R407F	283.0	353.0	50000.0	516969.7374634458	69.63054165829077
Bhathia_01	R407F	283.0	353.0	50000.0	535104.7062974056	68.05567791549701
Bhathia_01	R407F	283.0	353.0	50000.0	553875.8382774384	66.4801100188547
Bhathia_01	R407F	283.0	353.0	50000.0	573305.4496011657	64.90316190432216
Bhathia_01	R407F	283.0	353.0	50000.0	593416.6393042037	63.323149732692016
Bhathia_01	R407F	283.0	353.0	50000.0	614233.3167216032	61.74104890264397
Bhathia_01	R407F	283.0	353.0	50000.0	635780.2299126569	60.157679132241434
Bhathia_01	R407F	283.0	353.0	50000.0	658082.9950827911	58.57493501479465
Bhathia_01	R407F	283.0	353.0	50000.0	681168.127037599	56.99924143079996
Bhathia_01	R407F	283.0	353.0	50000.0	705063.0707051408	55.424856552651676
Bhathia_01	R407F	283.0	353.0	50000.0	729796.2337640686	53.85285380981805
Bhathia_01	R407F	283.0	353.0	50000.0	755397.0204162808	52.28362320213524
Bhathia_01	R407F	283.0	353.0	50000.0	781895.866344346	50.71811868941925
Bhathia_01	R407F	283.0	353.0	50000.0	809324.2748951628	49.16195145056993
Bhathia_01	R407F	283.0	353.0	50000.0	837714.8545329691	47.61441783048095
Bhathia_01	R407F	283.0	353.0	50000.0	867101.3576061296	46.07319812561007
Bhathia_01	R407F	283.0	353.0	50000.0	897518.7204738803	44.539125270057234
Bhathia_01	R407F	283.0	353.0	50000.0	929003.1050406658	43.012910353071575
Bhathia_01	R407F	283.0	353.0	50000.0	961591.9417474868	41.49586098491884
Bhathia_01	R407F	283.0	353.0	50000.0	995323.9740713531	39.99538303955398
Bhathia_01	R407F	283.0	353.0	50000.0	1030239.3045857496	38.50455470554138
Bhathia_01	R407F	283.0	353.0	50000.0	1066379.442636875	37.02399875982798
Bhathia_01	R407F	283.0	353.0	50000.0	1103787.3536923314	35.55416137598536
Bhathia_01	R407F	283.0	353.0	50000.0	1142507.5104209343	34.0957489895935
Bhathia_01	R407F	283.0	353.0	50000.0	1182585.945564372	32.654088239699306
Bhathia_01	R407F	283.0	353.0	50000.0	1224070.3066635653	31.228585372997895
Bhathia_01	R407F	283.0	353.0	50000.0	1267009.912704797	29.81607632998
Bhathia_01	R407F	283.0	353.0	50000.0	1311455.8127529488	28.416917188296445
Bhathia_01	R407F	283.0	353.0	50000.0	1357460.8466415561	27.031465960421805
Bhathia_01	R407F	283.0	353.0	50000.0	1405079.70779183	25.660435898652278
Bhathia_01	R407F	283.0	353.0	50000.0	1454369.008235332	24.311592019386627
Bhathia_01	R407F	283.0	353.0	50000.0	1505387.3459176025	22.977223504154065
Bhathia_01	R407F	283.0	353.0	50000.0	1558195.374362756	21.65758111424872
Bhathia_01	R407F	283.0	353.0	50000.0	1612855.874781868	20.352932781604117
Bhathia_01	R407F	283.0	353.0	50000.0	1669433.830710877	19.063514486203275
Bhathia_01	R407F	283.0	353.0	50000.0	1727996.50526674	17.793999633393433
Bhathia_01	R407F	283.0	353.0	50000.0	1788613.5211136676	16.54378125674493
Bhathia_01	R407F	283.0	353.0	50000.0	1851356.9432345594	15.309113588806227
Bhathia_01	R407F	283.0	353.0	50000.0	1916301.3646059704	14.090155852656073
Bhathia_01	R407F	283.0	353.0	50000.0	1983523.9948785233	12.886880545509314
Bhathia_01	R407F	283.0	353.0	50000.0	2053104.7521681644	11.69945180711985
Bhathia_01	R407F	283.0	353.0	50000.0	2125126.3580674017	10.535272848854943
Bhathia_01	R407F	283.0	353.0	50000.0	2199674.4359894753	9.386691032731774
Bhathia_01	R407F	283.0	353.0	50000.0	2276837.6129623787	8.253671364895238
Bhathia_01	R407F	283.0	353.0	50000.0	2356707.6249937494	7.136234268838161
Bhathia_01	R407F	283.0	353.0	50000.0	2439379.426131895	6.034486513770001
Bhathia_01	R407F	283.0	353.0	50000.0	2524951.301352604	4.952296911846956
Bhathia_01	R407F	283.0	353.0	50000.0	2613524.9834059626	3.889291317870424
Bhathia_01	R407F	283.0	353.0	50000.0	2705205.773762079	2.8419823137307696
Bhathia_01	R407F	283.0	353.0	50000.0	2800102.6677995026	1.8107829823641133
Bhathia_01	R407F	283.0	353.0	50000.0	2898328.4843851826	0.7955849306134084
