framework	molecule	T_ads_K	T_des_K	P_ads_Pa	P_des_Pa	SD
Bhathia_01	R407F	283.0	283.0	100000.0	100.0	133.37641931986735
Bhathia_01	R407F	283.0	283.0	100000.0	103.5079362523115	133.37641931986735
Bhathia_01	R407F	283.0	283.0	100000.0	107.13892867212581	133.37641931986735
Bhathia_01	R407F	283.0	283.0	100000.0	110.89729399135348	133.37641931986735
Bhathia_01	R407F	283.0	283.0	100000.0	114.78750037010863	133.37641931986735
Bhathia_01	R407F	283.0	283.0	100000.0	118.81417270871387	133.37641931986735
Bhathia_01	R407F	283.0	283.0	100000.0	122.98209814604685	133.37641931986735
Bhathia_01	R407F	283.0	283.0	100000.0	127.29623175076546	133.37641931986735
Bhathia_01	R407F	283.0	283.0	100000.0	131.76170241217702	133.34909255397866
Bhathia_01	R407F	283.0	283.0	100000.0	136.3838189377566	133.26208972097976
Bhathia_01	R407F	283.0	283.0	100000.0	141.16807636456102	133.17205537677728
Bhathia_01	R407F	283.0	283.0	100000.0	146.12016249204424	133.07888494979585
Bhathia_01	R407F	283.0	283.0	100000.0	151.24596464403913	132.9824762632864
Bhathia_01	R407F	283.0	283.0	100000.0	156.55157666794562	132.88292698985114
Bhathia_01	R407F	283.0	283.0	100000.0	162.04330617944572	132.78025363500674
Bhathia_01	R407F	283.0	283.0	100000.0	167.72768206135862	132.67400516244126
Bhathia_01	R407F	283.0	283.0	100000.0	173.6114622255508	132.56405805812463
Bhathia_01	R407F	283.0	283.0	100000.0	179.70164164712898	132.4568988077247
Bhathia_01	R407F	283.0	283.0	100000.0	186.00546068046754	132.35245932520218
Bhathia_01	R407F	283.0	283.0	100000.0	192.53041366695666	132.24399004977462
Bhathia_01	R407F	283.0	283.0	100000.0	199.28425784470534	132.13177660250415
Bhathia_01	R407F	283.0	283.0	100000.0	206.27502257078967	132.01566096103204
Bhathia_01	R407F	283.0	283.0	100000.0	213.51101886701414	131.89550896467188
Bhathia_01	R407F	283.0	283.0	100000.0	221.00084930052978	131.77134130966905
Bhathia_01	R407F	283.0	283.0	100000.0	228.7534182110594	131.6431220674038
Bhathia_01	R407F	283.0	283.0	100000.0	236.77794229688686	131.51048381558996
Bhathia_01	R407F	283.0	283.0	100000.0	245.08396157219659	131.38403056543382
Bhathia_01	R407F	283.0	283.0	100000.0	253.68135070878884	131.2589665426445
Bhathia_01	R407F	283.0	283.0	100000.0	262.58033077565597	131.12956070425753
Bhathia_01	R407F	283.0	283.0	100000.0	271.7914813903746	130.9957363825446
Bhathia_01	R407F	283.0	283.0	100000.0	281.32575329676206	130.85729994918327
Bhathia_01	R407F	283.0	283.0	100000.0	291.1944813837476	130.71405617215012
Bhathia_01	R407F	283.0	283.0	100000.0	301.4093981609385	130.56609285411793
Bhathia_01	R407F	283.0	283.0	100000.0	311.9826477069	130.41310224688834
Bhathia_01	R407F	283.0	283.0	100000.0	322.92680010673166	130.25529976810842
Bhathia_01	R407F	283.0	283.0	100000.0	334.2548663961052	130.10861764807686
Bhathia_01	R407F	283.0	283.0	100000.0	345.9803140295299	129.96005455722909
Bhathia_01	R407F	283.0	283.0	100000.0	358.11708289123294	129.8063349874381
Bhathia_01	R407F	283.0	283.0	100000.0	370.67960186769494	129.6473626228437
Bhathia_01	R407F	283.0	283.0	100000.0	383.6828060015357	129.48290548858608
Bhathia_01	R407F	283.0	283.0	100000.0	397.1421542471496	129.31301753258788
Bhathia_01	R407F	283.0	283.0	100000.0	411.0736478491962	129.13783258805603
Bhathia_01	R407F	283.0	283.0	100000.0	425.49384936579753	128.95647245369713
Bhathia_01	R407F	283.0	283.0	100000.0	440.41990235905604	128.76864910269774
Bhathia_01	R407F	283.0	283.0	100000.0	455.86955177630426	128.59712793870148
Bhathia_01	R407F	283.0	283.0	100000.0	471.8611650463152	128.4197050565227
Bhathia_01	R407F	283.0	283.0	100000.0	488.41375391555476	128.2362382669639
Bhathia_01	R407F	283.0	283.0	100000.0	505.546997050434	128.0468909921754
Bhathia_01	R407F	283.0	283.0	100000.0	523.2812634324383	127.85177842710648
Bhathia_01	R407F	283.0	283.0	100000.0	541.6376365739385	127.64999145876249
Bhathia_01	R407F	283.0	283.0	100000.0	560.6379395834789	127.4412308057153
Bhathia_01	R407F	283.0	283.0	100000.0	580.30476111034	127.22525771705183
Bhathia_01	R407F	283.0	283.0	100000.0	600.6614821992193	127.00673240755636
Bhathia_01	R407F	283.0	283.0	100000.0	621.7323040869574	126.80458153683033
Bhathia_01	R407F	283.0	283.0	100000.0	643.5422769743552	126.59602609107401
Bhathia_01	R407F	283.0	283.0	100000.0	666.1173298072896	126.38025679465883
Bhathia_01	R407F	283.0	283.0	100000.0	689.4843011025289	126.15702788210612
Bhathia_01	R407F	283.0	283.0	100000.0	713.670970854901	125.9260854871975
Bhathia_01	R407F	283.0	283.0	100000.0	738.7060935637436	125.68806890808047
Bhathia_01	R407F	283.0	283.0	100000.0	764.6194324179003	125.44276697246315
Bhathia_01	R407F	283.0	283.0	100000.0	791.4417946799063	125.1891163224817
Bhathia_01	R407F	283.0	283.0	100000.0	819.2050683114275	124.93796574559323
Bhathia_01	R407F	283.0	283.0	100000.0	847.9422598834972	124.6992093823597
Bhathia_01	R407F	283.0	283.0	100000.0	877.6875338166207	124.45321861566505
Bhathia_01	R407F	283.0	283.0	100000.0	908.4762529973926	124.19903249272411
Bhathia_01	R407F	283.0	283.0	100000.0	940.3450208199293	123.93618787703251
Bhathia_01	R407F	283.0	283.0	100000.0	973.3317247020778	123.66514576261616
Bhathia_01	R407F	283.0	283.0	100000.0	1007.4755811281508	123.38609451899714
Bhathia_01	R407F	283.0	283.0	100000.0	1042.817182271731	123.0979009948304
Bhathia_01	R407F	283.0	283.0	100000.0	1079.3985442539745	122.79997173530649
Bhathia_01	R407F	283.0	283.0	100000.0	1117.2631570947824	122.51243932786599
Bhathia_01	R407F	283.0	283.0	100000.0	1156.4560364162314	122.23374038786854
Bhathia_01	R407F	283.0	283.0	100000.0	1197.023776959721	121.94586656682084
Bhathia_01	R407F	283.0	283.0	100000.0	1239.0146079804795	121.6481952930662
Bhathia_01	R407F	283.0	283.0	100000.0	1282.478450585262	121.34104438722423
Bhathia_01	R407F	283.0	283.0	100000.0	1327.4669770814253	121.02387840601625
Bhathia_01	R407F	283.0	283.0	100000.0	1374.0336724079282	120.69674140388287
Bhathia_01	R407F	283.0	283.0	100000.0	1422.2338977212928	120.3590224126576
Bhathia_01	R407F	283.0	283.0	100000.0	1472.124956212121	120.01064546930972
Bhathia_01	R407F	283.0	283.0	100000.0	1523.766161230411	119.68123444245408
Bhathia_01	R407F	283.0	283.0	100000.0	1577.2189068006678	119.35588532585638
Bhathia_01	R407F	283.0	283.0	100000.0	1632.5467406106395	119.01948687736811
Bhathia_01	R407F	283.0	283.0	100000.0	1689.81543956045	118.67210562091233
Bhathia_01	R407F	283.0	283.0	100000.0	1749.093087961948	118.31382694390601
Bhathia_01	R407F	283.0	283.0	100000.0	1810.45015848124	117.94384876029751
Bhathia_01	R407F	283.0	283.0	100000.0	1873.9595959206342	117.56155347673534
Bhathia_01	R407F	283.0	283.0	100000.0	1939.6969039396042	117.16691434364859
Bhathia_01	R407F	283.0	283.0	100000.0	2007.7402348178655	116.75996644540362
Bhathia_01	R407F	283.0	283.0	100000.0	2078.1704823672853	116.38449301614494
Bhathia_01	R407F	283.0	283.0	100000.0	2151.0713781030845	116.00339897195083
Bhathia_01	R407F	283.0	283.0	100000.0	2226.529590788659	115.61049653868693
Bhathia_01	R407F	283.0	283.0	100000.0	2304.63482947238	115.20501638226739
Bhathia_01	R407F	283.0	283.0	100000.0	2385.479950138839	114.7859978877752
Bhathia_01	R407F	283.0	283.0	100000.0	2469.161066101381	114.35378392008765
Bhathia_01	R407F	283.0	283.0	100000.0	2555.7776622671126	113.90733466841907
Bhathia_01	R407F	283.0	283.0	100000.0	2645.43271341026	113.44592543871175
Bhathia_01	R407F	283.0	283.0	100000.0	2738.2328065944866	112.97282914046727
Bhathia_01	R407F	283.0	283.0	100000.0	2834.2882678897013	112.5418708576226
Bhathia_01	R407F	283.0	283.0	100000.0	2933.7132935340187	112.09632267620592
Bhathia_01	R407F	283.0	283.0	100000.0	3036.6260856967806	111.63742787151851
Bhathia_01	R407F	283.0	283.0	100000.0	3143.1489930040857	111.16310045550635
Bhathia_01	R407F	283.0	283.0	100000.0	3253.4086559938396	110.67258350072717
Bhathia_01	R407F	283.0	283.0	100000.0	3367.536157673288	110.16720235195282
Bhathia_01	R407F	283.0	283.0	100000.0	3485.667179358007	109.64452145622934
Bhathia_01	R407F	283.0	283.0	100000.0	3607.9421619776303	109.10504605909665
Bhathia_01	R407F	283.0	283.0	100000.0	3734.506473040075	108.56317339051387
Bhathia_01	R407F	283.0	283.0	100000.0	3865.5105794527676	108.05902414649493
Bhathia_01	R407F	283.0	283.0	100000.0	4001.1102264063275	107.53890303571043
Bhathia_01	R407F	283.0	283.0	100000.0	4141.466622533378	107.00123665494698
Bhathia_01	R407F	283.0	283.0	100000.0	4286.746631562607	106.4460019100159
Bhathia_01	R407F	283.0	283.0	100000.0	4437.122970695934	105.87234890747091
Bhathia_01	R407F	283.0	283.0	100000.0	4592.774415944617	105.28006735399251
Bhathia_01	R407F	283.0	283.0	100000.0	4753.8860146684265	104.66815958763341
Bhathia_01	R407F	283.0	283.0	100000.0	4920.649305570547	104.03637274115368
Bhathia_01	R407F	283.0	283.0	100000.0	5093.26254640977	103.4158142508224
Bhathia_01	R407F	283.0	283.0	100000.0	5271.9309497006825	102.82637963816786
Bhathia_01	R407F	283.0	283.0	100000.0	5456.8669266820625	102.21738297193714
Bhathia_01	R407F	283.0	283.0	100000.0	5648.290339843539	101.58831608372681
Bhathia_01	R407F	283.0	283.0	100000.0	5846.4287643107255	100.93824496656306
Bhathia_01	R407F	283.0	283.0	100000.0	6051.517758399548	100.26683505094809
Bhathia_01	R407F	283.0	283.0	100000.0	6263.801143661515	99.572999833974
Bhathia_01	R407F	283.0	283.0	100000.0	6483.531294752719	98.85619915739626
Bhathia_01	R407F	283.0	283.0	100000.0	6710.9694394713115	98.11561519367777
Bhathia_01	R407F	283.0	283.0	100000.0	6946.385969320071	97.40591057728106
Bhathia_01	R407F	283.0	283.0	100000.0	7190.06076096333	96.71732441808095
Bhathia_01	R407F	283.0	283.0	100000.0	7442.283508960394	96.00556281135644
Bhathia_01	R407F	283.0	283.0	100000.0	7703.354070171016	95.2699883853414
Bhathia_01	R407F	283.0	283.0	100000.0	7973.582820242459	94.50993628288833
Bhathia_01	R407F	283.0	283.0	100000.0	8253.291022601827	93.72438917726161
Bhathia_01	R407F	283.0	283.0	100000.0	8542.811210392447	92.9127624209581
Bhathia_01	R407F	283.0	283.0	100000.0	8842.487581808335	92.07379263630006
Bhathia_01	R407F	283.0	283.0	100000.0	9152.676409296731	91.2068425308308
Bhathia_01	R407F	283.0	283.0	100000.0	9473.746463115214	90.39881015869976
Bhathia_01	R407F	283.0	283.0	100000.0	9806.07944974691	89.59677079634494
Bhathia_01	R407F	283.0	283.0	100000.0	10150.070465695051	88.76754642262993
Bhathia_01	R407F	283.0	283.0	100000.0	10506.128467196331	87.91055389161811
Bhathia_01	R407F	283.0	283.0	100000.0	10874.676756411529	87.0245174502594
Bhathia_01	R407F	283.0	283.0	100000.0	11256.153484671382	86.10882265562272
Bhathia_01	R407F	283.0	283.0	100000.0	11651.012173375993	85.16208008617114
Bhathia_01	R407F	283.0	283.0	100000.0	12059.722253167078	84.18367673488646
Bhathia_01	R407F	283.0	283.0	100000.0	12482.769622014002	83.17197471962795
Bhathia_01	R407F	283.0	283.0	100000.0	12920.657222877158	82.26003308455337
Bhathia_01	R407F	283.0	283.0	100000.0	13373.905641635398	81.3312348554013
Bhathia_01	R407F	283.0	283.0	100000.0	13843.053725988231	80.3713485464442
Bhathia_01	R407F	283.0	283.0	100000.0	14328.65922606916	79.3786344520569
Bhathia_01	R407F	283.0	283.0	100000.0	14831.299457530586	78.35242542324787
Bhathia_01	R407F	283.0	283.0	100000.0	15351.571987890213	77.29125794989271
Bhathia_01	R407F	283.0	283.0	100000.0	15890.095346953078	76.19404711709909
Bhathia_01	R407F	283.0	283.0	100000.0	16447.509762155743	75.05959565195987
Bhathia_01	R407F	283.0	283.0	100000.0	17024.47791970484	73.90001931301869
Bhathia_01	R407F	283.0	283.0	100000.0	17621.68575241697	72.87093921570055
Bhathia_01	R407F	283.0	283.0	100000.0	18239.84325519438	71.80678462649912
Bhathia_01	R407F	283.0	283.0	100000.0	18879.685329108175	70.70622807749753
Bhathia_01	R407F	283.0	283.0	100000.0	19541.972655090256	69.56809864940098
Bhathia_01	R407F	283.0	283.0	100000.0	20227.49259827501	68.3910689315012
Bhathia_01	R407F	283.0	283.0	100000.0	20937.060144063526	67.17381060125882
Bhathia_01	R407F	283.0	283.0	100000.0	21671.518867025392	65.91492178150423
Bhathia_01	R407F	283.0	283.0	100000.0	22431.741933788304	64.61301177434481
Bhathia_01	R407F	283.0	283.0	100000.0	23218.633141108625	63.32235439742014
Bhathia_01	R407F	283.0	283.0	100000.0	24033.127990356785	62.16072012131629
Bhathia_01	R407F	283.0	283.0	100000.0	24876.194799694935	60.959226407575464
Bhathia_01	R407F	283.0	283.0	100000.0	25748.835855269062	59.71645925585493
Bhathia_01	R407F	283.0	283.0	100000.0	26652.088602784228	58.430940201462626
Bhathia_01	R407F	283.0	283.0	100000.0	27587.026880879475	57.101254086871116
Bhathia_01	R407F	283.0	283.0	100000.0	28554.762197768767	55.72584701231482
Bhathia_01	R407F	283.0	283.0	100000.0	29556.445052665636	54.3030217738444
Bhathia_01	R407F	283.0	283.0	100000.0	30593.266303562625	52.83136926910176
Bhathia_01	R407F	283.0	283.0	100000.0	31666.458582991498	51.428011046487086
Bhathia_01	R407F	283.0	283.0	100000.0	32777.29776344747	50.14423623362325
Bhathia_01	R407F	283.0	283.0	100000.0	33927.104474219595	48.81611728213506
Bhathia_01	R407F	283.0	283.0	100000.0	35117.24567143027	47.44217461952854
Bhathia_01	R407F	283.0	283.0	100000.0	36349.13626315173	46.020772401957544
Bhathia_01	R407F	283.0	283.0	100000.0	37624.240791528864	44.550249835110506
Bhathia_01	R407F	283.0	283.0	100000.0	38944.07517391196	43.02886700429784
Bhathia_01	R407F	283.0	283.0	100000.0	40310.20850506498	41.45482700589818
Bhathia_01	R407F	283.0	283.0	100000.0	41724.264922596594	39.8263201778871
Bhathia_01	R407F	283.0	283.0	100000.0	43187.92553782676	38.350916471175694
Bhathia_01	R407F	283.0	283.0	100000.0	44702.93043438957	36.97188216687491
Bhathia_01	R407F	283.0	283.0	100000.0	46271.08073694302	35.54498928739116
Bhathia_01	R407F	283.0	283.0	100000.0	47894.24075245067	34.068559247635335
Bhathia_01	R407F	283.0	283.0	100000.0	49574.34018657513	32.54079010929402
Bhathia_01	R407F	283.0	283.0	100000.0	51313.376437824336	30.95975299961123
Bhathia_01	R407F	283.0	283.0	100000.0	53113.41697217184	29.32354135139158
Bhathia_01	R407F	283.0	283.0	100000.0	54976.60178098003	27.630083538079788
Bhathia_01	R407F	283.0	283.0	100000.0	56905.14592514396	25.877322850814192
Bhathia_01	R407F	283.0	283.0	100000.0	58901.34216848284	24.393721997815092
Bhathia_01	R407F	283.0	283.0	100000.0	60967.5637035091	22.962594182229406
Bhathia_01	R407F	283.0	283.0	100000.0	63106.2669728156	21.48125326193584
Bhathia_01	R407F	283.0	283.0	100000.0	65319.99458943548	19.947857993169713
Bhathia_01	R407F	283.0	283.0	100000.0	67611.3783596462	18.3603314760079
Bhathia_01	R407F	283.0	283.0	100000.0	69983.14241181171	16.716663236537734
Bhathia_01	R407F	283.0	283.0	100000.0	72438.10643498244	15.014498512058111
Bhathia_01	R407F	283.0	283.0	100000.0	74979.18903110319	13.251649346391124
Bhathia_01	R407F	283.0	283.0	100000.0	77609.41118481442	11.425755547471642
Bhathia_01	R407F	283.0	283.0	100000.0	80331.89985497203	10.011358013312794
Bhathia_01	R407F	283.0	283.0	100000.0	83149.89169215517	8.58025001187804
Bhathia_01	R407F	283.0	283.0	100000.0	86066.7368865822	7.098067203230849
Bhathia_01	R407F	283.0	283.0	100000.0	89085.903151008	5.562719587841152
Bhathia_01	R407F	283.0	283.0	100000.0	92210.9798433415	3.9721770776160654
Bhathia_01	R407F	283.0	283.0	100000.0	95445.68223387754	2.3240254841015777
Bhathia_01	R407F	283.0	283.0	100000.0	98793.85592222596	0.6159090937933159
Bhathia_01	R407F	283.0	283.0	100000.0	102259.48140917791	1.1546744007383227
Bhathia_01	R407F	283.0	283.0	100000.0	105846.67882895643	2.9303384711123317
Bhathia_01	R407F	283.0	283.0	100000.0	109559.71284746489	4.262441248910854
Bhathia_01	R407F	283.0	283.0	100000.0	113402.99773236972	5.6429689269228325
Bhathia_01	R407F	283.0	283.0	100000.0	117381.10260103126	7.073858276735024
Bhathia_01	R407F	283.0	283.0	100000.0	121498.75685253605	8.557202629945971
Bhathia_01	R407F	283.0	283.0	100000.0	125760.85579027371	10.095105194908847
Bhathia_01	R407F	283.0	283.0	100000.0	130172.46644175818	11.690106403123139
Bhathia_01	R407F	283.0	283.0	100000.0	134738.83358259665	13.3445351687611
Bhathia_01	R407F	283.0	283.0	100000.0	139465.3859717822	15.061073204786046
Bhathia_01	R407F	283.0	283.0	100000.0	144357.7428057125	16.678078810139613
Bhathia_01	R407F	283.0	283.0	100000.0	149421.7203986127	17.923626355478454
Bhathia_01	R407F	283.0	283.0	100000.0	154663.33909730316	19.215327965089628
Bhathia_01	R407F	283.0	283.0	100000.0	160088.83043853292	20.555094879698757
Bhathia_01	R407F	283.0	283.0	100000.0	165704.6445573877	21.94503633049643
Bhathia_01	R407F	283.0	283.0	100000.0	171517.45785558026	23.38716845184503
Bhathia_01	R407F	283.0	283.0	100000.0	177534.18093873924	24.88398569879917
Bhathia_01	R407F	283.0	283.0	100000.0	183761.96683213356	26.437838705529888
Bhathia_01	R407F	283.0	283.0	100000.0	190208.21948459864	28.051216000380297
Bhathia_01	R407F	283.0	283.0	100000.0	196880.60257077508	29.46349282422762
Bhathia_01	R407F	283.0	283.0	100000.0	203787.04860212465	30.603016535803604
Bhathia_01	R407F	283.0	283.0	100000.0	210935.76835755422	31.785015157531273
Bhathia_01	R407F	283.0	283.0	100000.0	218335.26064486115	33.0110887207762
Bhathia_01	R407F	283.0	283.0	100000.0	225994.32240460056	34.2827162669096
Bhathia_01	R407F	283.0	283.0	100000.0	233922.05916839777	35.60095198965577
Bhathia_01	R407F	283.0	283.0	100000.0	242127.89588411906	36.90367936986767
Bhathia_01	R407F	283.0	283.0	100000.0	250621.58812079762	36.90367936986767
Bhathia_01	R407F	283.0	283.0	100000.0	259413.23366660537	36.90367936986767
Bhathia_01	R407F	283.0	283.0	100000.0	268513.2845336903	36.90367936986767
Bhathia_01	R407F	283.0	283.0	100000.0	277932.5593841194	36.90367936986767
Bhathia_01	R407F	283.0	283.0	100000.0	287682.2563917327	36.90367936986767
Bhathia_01	R407F	283.0	283.0	100000.0	297773.9665551654	36.90367936986767
Bhathia_01	R407F	283.0	283.0	100000.0	308219.6874779006	36.90367936986767
Bhathia_01	R407F	283.0	283.0	100000.0	319031.83763169846	36.90367936986767
Bhathia_01	R407F	283.0	283.0	100000.0	330223.271120397	36.90367936986767
Bhathia_01	R407F	283.0	283.0	100000.0	341807.2929615984	36.90367936986767
Bhathia_01	R407F	283.0	283.0	100000.0	353797.67490444286	36.90367936986767
Bhathia_01	R407F	283.0	283.0	100000.0	366208.67180225096	36.90367936986767
Bhathia_01	R407F	283.0	283.0	100000.0	379055.0385595106	36.90367936986767
Bhathia_01	R407F	283.0	283.0	100000.0	392352.047673353	36.90367936986767
Bhathia_01	R407F	283.0	283.0	100000.0	406115.50739037304	36.90367936986767
Bhathia_01	R407F	283.0	283.0	100000.0	420361.78050037875	36.90367936986767
Bhathia_01	R407F	283.0	283.0	100000.0	435107.80378941365	36.90367936986767
Bhathia_01	R407F	283.0	283.0	100000.0	450371.1081751789	36.90367936986767
Bhathia_01	R407F	283.0	283.0	100000.0	466169.83954879304	36.90367936986767
Bhathia_01	R407F	283.0	283.0	100000.0	482522.7803476675	36.90367936986767
Bhathia_01	R407F	283.0	283.0	100000.0	499449.37188514473	36.90367936986767
Bhathia_01	R407F	283.0	283.0	100000.0	516969.7374634458	36.90367936986767
Bhathia_01	R407F	283.0	283.0	100000.0	535104.7062974056	36.90367936986767
Bhathia_01	R407F	283.0	283.0	100000.0	553875.8382774384	36.90367936986767
Bhathia_01	R407F	283.0	283.0	100000.0	573305.4496011657	36.90367936986767
Bhathia_01	R407F	283.0	283.0	100000.0	593416.6393042037	36.90367936986767
Bhathia_01	R407F	283.0	283.0	100000.0	614233.3167216032	36.90367936986767
Bhathia_01	R407F	283.0	283.0	100000.0	635780.2299126569	36.90367936986767
Bhathia_01	R407F	283.0	283.0	100000.0	658082.9950827911	36.90367936986767
Bhathia_01	R407F	283.0	283.0	100000.0	681168.127037599	36.90367936986767
Bhathia_01	R407F	283.0	283.0	100000.0	705063.0707051408	36.90367936986767
Bhathia_01	R407F	283.0	283.0	100000.0	729796.2337640686	36.90367936986767
Bhathia_01	R407F	283.0	283.0	100000.0	755397.0204162808	36.90367936986767
Bhathia_01	R407F	283.0	283.0	100000.0	781895.866344346	36.90367936986767
Bhathia_01	R407F	283.0	283.0	100000.0	809324.2748951628	36.90367936986767
Bhathia_01	R407F	283.0	283.0	100000.0	837714.8545329691	36.90367936986767
Bhathia_01	R407F	283.0	283.0	100000.0	867101.3576061296	36.90367936986767
Bhathia_01	R407F	283.0	283.0	100000.0	897518.7204738803	36.90367936986767
Bhathia_01	R407F	283.0	283.0	100000.0	929003.1050406658	36.90367936986767
Bhathia_01	R407F	283.0	283.0	100000.0	961591.9417474868	36.90367936986767
Bhathia_01	R407F	283.0	283.0	100000.0	995323.9740713531	36.90367936986767
Bhathia_01	R407F	283.0	283.0	100000.0	1030239.3045857496	36.90367936986767
Bhathia_01	R407F	283.0	283.0	100000.0	1066379.442636875	36.90367936986767
Bhathia_01	R407F	283.0	283.0	100000.0	1103787.3536923314	36.90367936986767
Bhathia_01	R407F	283.0	283.0	100000.0	1142507.5104209343	36.90367936986767
Bhathia_01	R407F	283.0	283.0	100000.0	1182585.945564372	36.90367936986767
Bhathia_01	R407F	283.0	283.0	100000.0	1224070.3066635653	36.90367936986767
Bhathia_01	R407F	283.0	283.0	100000.0	1267009.912704797	36.90367936986767
Bhathia_01	R407F	283.0	283.0	100000.0	1311455.8127529488	36.90367936986767
Bhathia_01	R407F	283.0	283.0	100000.0	1357460.8466415561	36.90367936986767
Bhathia_01	R407F	283.0	283.0	100000.0	1405079.70779183	36.90367936986767
Bhathia_01	R407F	283.0	283.0	100000.0	1454369.008235332	36.90367936986767
Bhathia_01	R407F	283.0	283.0	100000.0	1505387.3459176025	36.90367936986767
Bhathia_01	R407F	283.0	283.0	100000.0	1558195.374362756	36.90367936986767
Bhathia_01	R407F	283.0	283.0	100000.0	1612855.874781868	36.90367936986767
Bhathia_01	R407F	283.0	283.0	100000.0	1669433.830710877	36.90367936986767
Bhathia_01	R407F	283.0	283.0	100000.0	1727996.50526674	36.90367936986767
Bhathia_01	R407F	283.0	283.0	100000.0	1788613.5211136676	36.90367936986767
Bhathia_01	R407F	283.0	283.0	100000.0	1851356.9432345594	36.90367936986767
Bhathia_01	R407F	283.0	283.0	100000.0	1916301.3646059704	36.90367936986767
Bhathia_01	R407F	283.0	283.0	100000.0	1983523.9948785233	36.90367936986767
Bhathia_01	R407F	283.0	283.0	100000.0	2053104.7521681644	36.90367936986767
Bhathia_01	R407F	283.0	283.0	100000.0	2125126.3580674017	36.90367936986767
Bhathia_01	R407F	283.0	283.0	100000.0	2199674.4359894753	36.90367936986767
Bhathia_01	R407F	283.0	283.0	100000.0	2276837.6129623787	36.90367936986767
Bhathia_01	R407F	283.0	283.0	100000.0	2356707.6249937494	36.90367936986767
Bhathia_01	R407F	283.0	283.0	100000.0	2439379.426131895	36.90367936986767
Bhathia_01	R407F	283.0	283.0	100000.0	2524951.301352604	36.90367936986767
Bhathia_01	R407F	283.0	283.0	100000.0	2613524.9834059626	36.90367936986767
Bhathia_01	R407F	283.0	283.0	100000.0	2705205.773762079	36.90367936986767
Bhathia_01	R407F	283.0	283.0	100000.0	2800102.6677995026	36.90367936986767
Bhathia_01	R407F	283.0	283.0	100000.0	2898328.4843851826	36.90367936986767
Bhathia_01	R407F	303.0	303.0	100000.0	100.0	95.7362187146286
Bhathia_01	R407F	303.0	303.0	100000.0	103.5079362523115	95.7362187146286
Bhathia_01	R407F	303.0	303.0	100000.0	107.13892867212581	95.7362187146286
Bhathia_01	R407F	303.0	303.0	100000.0	110.89729399135348	95.7362187146286
Bhathia_01	R407F	303.0	303.0	100000.0	114.78750037010863	95.7362187146286
Bhathia_01	R407F	303.0	303.0	100000.0	118.81417270871387	95.7362187146286
Bhathia_01	R407F	303.0	303.0	100000.0	122.98209814604685	95.7362187146286
Bhathia_01	R407F	303.0	303.0	100000.0	127.29623175076546	95.7362187146286
Bhathia_01	R407F	303.0	303.0	100000.0	131.76170241217702	95.7362187146286
Bhathia_01	R407F	303.0	303.0	100000.0	136.3838189377566	95.7362187146286
Bhathia_01	R407F	303.0	303.0	100000.0	141.16807636456102	95.7362187146286
Bhathia_01	R407F	303.0	303.0	100000.0	146.12016249204424	95.7362187146286
Bhathia_01	R407F	303.0	303.0	100000.0	151.24596464403913	95.7362187146286
Bhathia_01	R407F	303.0	303.0	100000.0	156.55157666794562	95.7362187146286
Bhathia_01	R407F	303.0	303.0	100000.0	162.04330617944572	95.7362187146286
Bhathia_01	R407F	303.0	303.0	100000.0	167.72768206135862	95.7362187146286
Bhathia_01	R407F	303.0	303.0	100000.0	173.6114622255508	95.7362187146286
Bhathia_01	R407F	303.0	303.0	100000.0	179.70164164712898	95.7362187146286
Bhathia_01	R407F	303.0	303.0	100000.0	186.00546068046754	95.7362187146286
Bhathia_01	R407F	303.0	303.0	100000.0	192.53041366695666	95.7362187146286
Bhathia_01	R407F	303.0	303.0	100000.0	199.28425784470534	95.7362187146286
Bhathia_01	R407F	303.0	303.0	100000.0	206.27502257078967	95.7362187146286
Bhathia_01	R407F	303.0	303.0	100000.0	213.51101886701414	95.7362187146286
Bhathia_01	R407F	303.0	303.0	100000.0	221.00084930052978	95.7362187146286
Bhathia_01	R407F	303.0	303.0	100000.0	228.7534182110594	95.7362187146286
Bhathia_01	R407F	303.0	303.0	100000.0	236.77794229688686	95.7362187146286
Bhathia_01	R407F	303.0	303.0	100000.0	245.08396157219659	95.7362187146286
Bhathia_01	R407F	303.0	303.0	100000.0	253.68135070878884	95.7362187146286
Bhathia_01	R407F	303.0	303.0	100000.0	262.58033077565597	95.7362187146286
Bhathia_01	R407F	303.0	303.0	100000.0	271.7914813903746	95.7362187146286
Bhathia_01	R407F	303.0	303.0	100000.0	281.32575329676206	95.7362187146286
Bhathia_01	R407F	303.0	303.0	100000.0	291.1944813837476	95.7362187146286
Bhathia_01	R407F	303.0	303.0	100000.0	301.4093981609385	95.7362187146286
Bhathia_01	R407F	303.0	303.0	100000.0	311.9826477069	95.7362187146286
Bhathia_01	R407F	303.0	303.0	100000.0	322.92680010673166	95.7362187146286
Bhathia_01	R407F	303.0	303.0	100000.0	334.2548663961052	95.7362187146286
Bhathia_01	R407F	303.0	303.0	100000.0	345.9803140295299	95.7362187146286
Bhathia_01	R407F	303.0	303.0	100000.0	358.11708289123294	95.7362187146286
Bhathia_01	R407F	303.0	303.0	100000.0	370.67960186769494	95.7362187146286
Bhathia_01	R407F	303.0	303.0	100000.0	383.6828060015357	95.7362187146286
Bhathia_01	R407F	303.0	303.0	100000.0	397.1421542471496	95.7362187146286
Bhathia_01	R407F	303.0	303.0	100000.0	411.0736478491962	95.7362187146286
Bhathia_01	R407F	303.0	303.0	100000.0	425.49384936579753	95.7362187146286
Bhathia_01	R407F	303.0	303.0	100000.0	440.41990235905604	95.7362187146286
Bhathia_01	R407F	303.0	303.0	100000.0	455.86955177630426	95.63332713722706
Bhathia_01	R407F	303.0	303.0	100000.0	471.8611650463152	95.52460483967822
Bhathia_01	R407F	303.0	303.0	100000.0	488.41375391555476	95.41366727941434
Bhathia_01	R407F	303.0	303.0	100000.0	505.546997050434	95.30021628402604
Bhathia_01	R407F	303.0	303.0	100000.0	523.2812634324383	95.18411393225674
Bhathia_01	R407F	303.0	303.0	100000.0	541.6376365739385	95.06533417529855
Bhathia_01	R407F	303.0	303.0	100000.0	560.6379395834789	94.94398905913543
Bhathia_01	R407F	303.0	303.0	100000.0	580.30476111034	94.82007324950142
Bhathia_01	R407F	303.0	303.0	100000.0	600.6614821992193	94.69342979936557
Bhathia_01	R407F	303.0	303.0	100000.0	621.7323040869574	94.5638482685645
Bhathia_01	R407F	303.0	303.0	100000.0	643.5422769743552	94.43176983106402
Bhathia_01	R407F	303.0	303.0	100000.0	666.1173298072896	94.29675802423756
Bhathia_01	R407F	303.0	303.0	100000.0	689.4843011025289	94.15862532412584
Bhathia_01	R407F	303.0	303.0	100000.0	713.670970854901	94.01761072242212
Bhathia_01	R407F	303.0	303.0	100000.0	738.7060935637436	93.87356101595147
Bhathia_01	R407F	303.0	303.0	100000.0	764.6194324179003	93.72614514854395
Bhathia_01	R407F	303.0	303.0	100000.0	791.4417946799063	93.57448338976373
Bhathia_01	R407F	303.0	303.0	100000.0	819.2050683114275	93.41942621747445
Bhathia_01	R407F	303.0	303.0	100000.0	847.9422598834972	93.26094807524515
Bhathia_01	R407F	303.0	303.0	100000.0	877.6875338166207	93.09906453388724
Bhathia_01	R407F	303.0	303.0	100000.0	908.4762529973926	92.93369458994721
Bhathia_01	R407F	303.0	303.0	100000.0	940.3450208199293	92.76465161308714
Bhathia_01	R407F	303.0	303.0	100000.0	973.3317247020778	92.59192382198204
Bhathia_01	R407F	303.0	303.0	100000.0	1007.4755811281508	92.41554270049792
Bhathia_01	R407F	303.0	303.0	100000.0	1042.817182271731	92.2356061860818
Bhathia_01	R407F	303.0	303.0	100000.0	1079.3985442539745	92.0521271174345
Bhathia_01	R407F	303.0	303.0	100000.0	1117.2631570947824	91.86501730318112
Bhathia_01	R407F	303.0	303.0	100000.0	1156.4560364162314	91.67407446860831
Bhathia_01	R407F	303.0	303.0	100000.0	1197.023776959721	91.47917706129256
Bhathia_01	R407F	303.0	303.0	100000.0	1239.0146079804795	91.27959238911913
Bhathia_01	R407F	303.0	303.0	100000.0	1282.478450585262	91.0756553057785
Bhathia_01	R407F	303.0	303.0	100000.0	1327.4669770814253	90.86726570498656
Bhathia_01	R407F	303.0	303.0	100000.0	1374.0336724079282	90.65437666344616
Bhathia_01	R407F	303.0	303.0	100000.0	1422.2338977212928	90.43690358035451
Bhathia_01	R407F	303.0	303.0	100000.0	1472.124956212121	90.2148365316934
Bhathia_01	R407F	303.0	303.0	100000.0	1523.766161230411	89.98842389104452
Bhathia_01	R407F	303.0	303.0	100000.0	1577.2189068006678	89.7577725974394
Bhathia_01	R407F	303.0	303.0	100000.0	1632.5467406106395	89.52305830075787
Bhathia_01	R407F	303.0	303.0	100000.0	1689.81543956045	89.28423171245059
Bhathia_01	R407F	303.0	303.0	100000.0	1749.093087961948	89.04045701989278
Bhathia_01	R407F	303.0	303.0	100000.0	1810.45015848124	88.79145501312892
Bhathia_01	R407F	303.0	303.0	100000.0	1873.9595959206342	88.53748977946707
Bhathia_01	R407F	303.0	303.0	100000.0	1939.6969039396042	88.27812117140992
Bhathia_01	R407F	303.0	303.0	100000.0	2007.7402348178655	88.01330466567309
Bhathia_01	R407F	303.0	303.0	100000.0	2078.1704823672853	87.74307882552492
Bhathia_01	R407F	303.0	303.0	100000.0	2151.0713781030845	87.46780758187815
Bhathia_01	R407F	303.0	303.0	100000.0	2226.529590788659	87.18904978684053
Bhathia_01	R407F	303.0	303.0	100000.0	2304.63482947238	86.90568869521995
Bhathia_01	R407F	303.0	303.0	100000.0	2385.479950138839	86.61632122941994
Bhathia_01	R407F	303.0	303.0	100000.0	2469.161066101381	86.32083981515405
Bhathia_01	R407F	303.0	303.0	100000.0	2555.7776622671126	86.01913575953539
Bhathia_01	R407F	303.0	303.0	100000.0	2645.43271341026	85.71113266808995
Bhathia_01	R407F	303.0	303.0	100000.0	2738.2328065944866	85.39720120214191
Bhathia_01	R407F	303.0	303.0	100000.0	2834.2882678897013	85.07859838407231
Bhathia_01	R407F	303.0	303.0	100000.0	2933.7132935340187	84.75673312916692
Bhathia_01	R407F	303.0	303.0	100000.0	3036.6260856967806	84.4281928681559
Bhathia_01	R407F	303.0	303.0	100000.0	3143.1489930040857	84.09286236176251
Bhathia_01	R407F	303.0	303.0	100000.0	3253.4086559938396	83.75096050478571
Bhathia_01	R407F	303.0	303.0	100000.0	3367.536157673288	83.40233649037883
Bhathia_01	R407F	303.0	303.0	100000.0	3485.667179358007	83.04726016548564
Bhathia_01	R407F	303.0	303.0	100000.0	3607.9421619776303	82.68787653426105
Bhathia_01	R407F	303.0	303.0	100000.0	3734.506473040075	82.32215007294688
Bhathia_01	R407F	303.0	303.0	100000.0	3865.5105794527676	81.9493392787258
Bhathia_01	R407F	303.0	303.0	100000.0	4001.1102264063275	81.56982587636539
Bhathia_01	R407F	303.0	303.0	100000.0	4141.466622533378	81.18279222119689
Bhathia_01	R407F	303.0	303.0	100000.0	4286.746631562607	80.79011028813143
Bhathia_01	R407F	303.0	303.0	100000.0	4437.122970695934	80.3910038890958
Bhathia_01	R407F	303.0	303.0	100000.0	4592.774415944617	79.98461902687505
Bhathia_01	R407F	303.0	303.0	100000.0	4753.8860146684265	79.5708845813974
Bhathia_01	R407F	303.0	303.0	100000.0	4920.649305570547	79.14994297502568
Bhathia_01	R407F	303.0	303.0	100000.0	5093.26254640977	78.72243470345711
Bhathia_01	R407F	303.0	303.0	100000.0	5271.9309497006825	78.28767198895046
Bhathia_01	R407F	303.0	303.0	100000.0	5456.8669266820625	77.84504613866923
Bhathia_01	R407F	303.0	303.0	100000.0	5648.290339843539	77.39423872076384
Bhathia_01	R407F	303.0	303.0	100000.0	5846.4287643107255	76.93671218229173
Bhathia_01	R407F	303.0	303.0	100000.0	6051.517758399548	76.47175590303165
Bhathia_01	R407F	303.0	303.0	100000.0	6263.801143661515	75.99860946853534
Bhathia_01	R407F	303.0	303.0	100000.0	6483.531294752719	75.516971187239
Bhathia_01	R407F	303.0	303.0	100000.0	6710.9694394713115	75.02731435616978
Bhathia_01	R407F	303.0	303.0	100000.0	6946.385969320071	74.52993782381097
Bhathia_01	R407F	303.0	303.0	100000.0	7190.06076096333	74.0244352294956
Bhathia_01	R407F	303.0	303.0	100000.0	7442.283508960394	73.50995112168653
Bhathia_01	R407F	303.0	303.0	100000.0	7703.354070171016	72.98706506007997
Bhathia_01	R407F	303.0	303.0	100000.0	7973.582820242459	72.45540247245724
Bhathia_01	R407F	303.0	303.0	100000.0	8253.291022601827	71.91451623967139
Bhathia_01	R407F	303.0	303.0	100000.0	8542.811210392447	71.3656868337338
Bhathia_01	R407F	303.0	303.0	100000.0	8842.487581808335	70.80777410089058
Bhathia_01	R407F	303.0	303.0	100000.0	9152.676409296731	70.2403731767232
Bhathia_01	R407F	303.0	303.0	100000.0	9473.746463115214	69.66325017309535
Bhathia_01	R407F	303.0	303.0	100000.0	9806.07944974691	69.07669139033227
Bhathia_01	R407F	303.0	303.0	100000.0	10150.070465695051	68.48087290414841
Bhathia_01	R407F	303.0	303.0	100000.0	10506.128467196331	67.87579850541995
Bhathia_01	R407F	303.0	303.0	100000.0	10874.676756411529	67.26073168761644
Bhathia_01	R407F	303.0	303.0	100000.0	11256.153484671382	66.63531215448518
Bhathia_01	R407F	303.0	303.0	100000.0	11651.012173375993	65.99946377578254
Bhathia_01	R407F	303.0	303.0	100000.0	12059.722253167078	65.35330329368685
Bhathia_01	R407F	303.0	303.0	100000.0	12482.769622014002	64.69770003861191
Bhathia_01	R407F	303.0	303.0	100000.0	12920.657222877158	64.03142465252115
Bhathia_01	R407F	303.0	303.0	100000.0	13373.905641635398	63.35421160376212
Bhathia_01	R407F	303.0	303.0	100000.0	13843.053725988231	62.66576494651143
Bhathia_01	R407F	303.0	303.0	100000.0	14328.65922606916	61.96609833838626
Bhathia_01	R407F	303.0	303.0	100000.0	14831.299457530586	61.25564229019489
Bhathia_01	R407F	303.0	303.0	100000.0	15351.571987890213	60.53454165309044
Bhathia_01	R407F	303.0	303.0	100000.0	15890.095346953078	59.80169367285862
Bhathia_01	R407F	303.0	303.0	100000.0	16447.509762155743	59.05681761711373
Bhathia_01	R407F	303.0	303.0	100000.0	17024.47791970484	58.299959272075284
Bhathia_01	R407F	303.0	303.0	100000.0	17621.68575241697	57.53079297015852
Bhathia_01	R407F	303.0	303.0	100000.0	18239.84325519438	56.750752574156316
Bhathia_01	R407F	303.0	303.0	100000.0	18879.685329108175	55.95839590511727
Bhathia_01	R407F	303.0	303.0	100000.0	19541.972655090256	55.152975357585376
Bhathia_01	R407F	303.0	303.0	100000.0	20227.49259827501	54.33498492853532
Bhathia_01	R407F	303.0	303.0	100000.0	20937.060144063526	53.5036721401188
Bhathia_01	R407F	303.0	303.0	100000.0	21671.518867025392	52.659760737924536
Bhathia_01	R407F	303.0	303.0	100000.0	22431.741933788304	51.80356894202731
Bhathia_01	R407F	303.0	303.0	100000.0	23218.633141108625	50.93374273624303
Bhathia_01	R407F	303.0	303.0	100000.0	24033.127990356785	50.05004180406433
Bhathia_01	R407F	303.0	303.0	100000.0	24876.194799694935	49.15227033302062
Bhathia_01	R407F	303.0	303.0	100000.0	25748.835855269062	48.24022123395913
Bhathia_01	R407F	303.0	303.0	100000.0	26652.088602784228	47.31565300115647
Bhathia_01	R407F	303.0	303.0	100000.0	27587.026880879475	46.37675644705646
Bhathia_01	R407F	303.0	303.0	100000.0	28554.762197768767	45.42301624230406
Bhathia_01	R407F	303.0	303.0	100000.0	29556.445052665636	44.45427230057403
Bhathia_01	R407F	303.0	303.0	100000.0	30593.266303562625	43.47034402075402
Bhathia_01	R407F	303.0	303.0	100000.0	31666.458582991498	42.47184731909787
Bhathia_01	R407F	303.0	303.0	100000.0	32777.29776344747	41.45927998788622
Bhathia_01	R407F	303.0	303.0	100000.0	33927.104474219595	40.4310158443058
Bhathia_01	R407F	303.0	303.0	100000.0	35117.24567143027	39.3868132644883
Bhathia_01	R407F	303.0	303.0	100000.0	36349.13626315173	38.326474906863034
Bhathia_01	R407F	303.0	303.0	100000.0	37624.240791528864	37.249847824667675
Bhathia_01	R407F	303.0	303.0	100000.0	38944.07517391196	36.15903922478206
Bhathia_01	R407F	303.0	303.0	100000.0	40310.20850506498	35.05206087419212
Bhathia_01	R407F	303.0	303.0	100000.0	41724.264922596594	33.92839585245897
Bhathia_01	R407F	303.0	303.0	100000.0	43187.92553782676	32.78787304555693
Bhathia_01	R407F	303.0	303.0	100000.0	44702.93043438957	31.63035056295178
Bhathia_01	R407F	303.0	303.0	100000.0	46271.08073694302	30.45668372875164
Bhathia_01	R407F	303.0	303.0	100000.0	47894.24075245067	29.26785322732583
Bhathia_01	R407F	303.0	303.0	100000.0	49574.34018657513	28.06176738135263
Bhathia_01	R407F	303.0	303.0	100000.0	51313.376437824336	26.838377612922763
Bhathia_01	R407F	303.0	303.0	100000.0	53113.41697217184	25.597609839794366
Bhathia_01	R407F	303.0	303.0	100000.0	54976.60178098003	24.339413022892057
Bhathia_01	R407F	303.0	303.0	100000.0	56905.14592514396	23.06661147160271
Bhathia_01	R407F	303.0	303.0	100000.0	58901.34216848284	21.7771071822895
Bhathia_01	R407F	303.0	303.0	100000.0	60967.5637035091	20.47032335795281
Bhathia_01	R407F	303.0	303.0	100000.0	63106.2669728156	19.14632505380777
Bhathia_01	R407F	303.0	303.0	100000.0	65319.99458943548	17.805122555921873
Bhathia_01	R407F	303.0	303.0	100000.0	67611.3783596462	16.44803943382354
Bhathia_01	R407F	303.0	303.0	100000.0	69983.14241181171	15.076869185153512
Bhathia_01	R407F	303.0	303.0	100000.0	72438.10643498244	13.689144552139014
Bhathia_01	R407F	303.0	303.0	100000.0	74979.18903110319	12.285101875403194
Bhathia_01	R407F	303.0	303.0	100000.0	77609.41118481442	10.864991112894561
Bhathia_01	R407F	303.0	303.0	100000.0	80331.89985497203	9.42911769489354
Bhathia_01	R407F	303.0	303.0	100000.0	83149.89169215517	7.981345863832941
Bhathia_01	R407F	303.0	303.0	100000.0	86066.7368865822	6.5196040161779685
Bhathia_01	R407F	303.0	303.0	100000.0	89085.903151008	5.043301717774581
Bhathia_01	R407F	303.0	303.0	100000.0	92210.9798433415	3.5528522170411936
Bhathia_01	R407F	303.0	303.0	100000.0	95445.68223387754	2.048754238080443
Bhathia_01	R407F	303.0	303.0	100000.0	98793.85592222596	0.5329713294608872
Bhathia_01	R407F	303.0	303.0	100000.0	102259.48140917791	0.9913808001412818
Bhathia_01	R407F	303.0	303.0	100000.0	105846.67882895643	2.5274286725578285
Bhathia_01	R407F	303.0	303.0	100000.0	109559.71284746489	4.074535815309843
Bhathia_01	R407F	303.0	303.0	100000.0	113402.99773236972	5.632178780655212
Bhathia_01	R407F	303.0	303.0	100000.0	117381.10260103126	7.199672778729158
Bhathia_01	R407F	303.0	303.0	100000.0	121498.75685253605	8.771800515641381
Bhathia_01	R407F	303.0	303.0	100000.0	125760.85579027371	10.350729798745645
Bhathia_01	R407F	303.0	303.0	100000.0	130172.46644175818	11.937121870408669
Bhathia_01	R407F	303.0	303.0	100000.0	134738.83358259665	13.530147818958143
Bhathia_01	R407F	303.0	303.0	100000.0	139465.3859717822	15.128986489234338
Bhathia_01	R407F	303.0	303.0	100000.0	144357.7428057125	16.731115767218913
Bhathia_01	R407F	303.0	303.0	100000.0	149421.7203986127	18.332128742142945
Bhathia_01	R407F	303.0	303.0	100000.0	154663.33909730316	19.936336075072866
Bhathia_01	R407F	303.0	303.0	100000.0	160088.83043853292	21.543006616737998
Bhathia_01	R407F	303.0	303.0	100000.0	165704.6445573877	23.151420800884946
Bhathia_01	R407F	303.0	303.0	100000.0	171517.45785558026	24.760704718386354
Bhathia_01	R407F	303.0	303.0	100000.0	177534.18093873924	26.364450736672406
Bhathia_01	R407F	303.0	303.0	100000.0	183761.96683213356	27.965005720676
Bhathia_01	R407F	303.0	303.0	100000.0	190208.21948459864	29.563524653133634
Bhathia_01	R407F	303.0	303.0	100000.0	196880.60257077508	31.159176153919006
Bhathia_01	R407F	303.0	303.0	100000.0	203787.04860212465	32.75125972594597
Bhathia_01	R407F	303.0	303.0	100000.0	210935.76835755422	34.3373584228594
Bhathia_01	R407F	303.0	303.0	100000.0	218335.26064486115	35.91208170244232
Bhathia_01	R407F	303.0	303.0	100000.0	225994.32240460056	37.48104221355863
Bhathia_01	R407F	303.0	303.0	100000.0	233922.05916839777	39.0436040942379
Bhathia_01	R407F	303.0	303.0	100000.0	242127.89588411906	40.59904367409665
Bhathia_01	R407F	303.0	303.0	100000.0	250621.58812079762	42.14661667930073
Bhathia_01	R407F	303.0	303.0	100000.0	259413.23366660537	43.679671072612045
Bhathia_01	R407F	303.0	303.0	100000.0	268513.2845336903	45.20091071090821
Bhathia_01	R407F	303.0	303.0	100000.0	277932.5593841194	46.712393321610556
Bhathia_01	R407F	303.0	303.0	100000.0	287682.2563917327	48.21372205776238
Bhathia_01	R407F	303.0	303.0	100000.0	297773.9665551654	49.70453282635218
Bhathia_01	R407F	303.0	303.0	100000.0	308219.6874779006	51.182773386105715
Bhathia_01	R407F	303.0	303.0	100000.0	319031.83763169846	52.64264187445307
Bhathia_01	R407F	303.0	303.0	100000.0	330223.271120397	54.09067144221907
Bhathia_01	R407F	303.0	303.0	100000.0	341807.2929615984	55.52649178101352
Bhathia_01	R407F	303.0	303.0	100000.0	353797.67490444286	56.949725170213526
Bhathia_01	R407F	303.0	303.0	100000.0	366208.67180225096	58.36016718056722
Bhathia_01	R407F	303.0	303.0	100000.0	379055.0385595106	59.751967135947474
Bhathia_01	R407F	303.0	303.0	100000.0	392352.047673353	61.12763830821722
Bhathia_01	R407F	303.0	303.0	100000.0	406115.50739037304	62.49012836594022
Bhathia_01	R407F	303.0	303.0	100000.0	420361.78050037875	63.839258599879315
Bhathia_01	R407F	303.0	303.0	100000.0	435107.80378941365	65.17488574348637
Bhathia_01	R407F	303.0	303.0	100000.0	450371.1081751789	66.4957032562867
Bhathia_01	R407F	303.0	303.0	100000.0	466169.83954879304	67.7956849059302
Bhathia_01	R407F	303.0	303.0	100000.0	482522.7803476675	69.08167999063386
Bhathia_01	R407F	303.0	303.0	100000.0	499449.37188514473	70.35344448481267
Bhathia_01	R407F	303.0	303.0	100000.0	516969.7374634458	71.61058443946398
Bhathia_01	R407F	303.0	303.0	100000.0	535104.7062974056	72.85273180129782
Bhathia_01	R407F	303.0	303.0	100000.0	553875.8382774384	74.07473196596996
Bhathia_01	R407F	303.0	303.0	100000.0	573305.4496011657	74.5418212883217
Bhathia_01	R407F	303.0	303.0	100000.0	593416.6393042037	74.5418212883217
Bhathia_01	R407F	303.0	303.0	100000.0	614233.3167216032	74.5418212883217
Bhathia_01	R407F	303.0	303.0	100000.0	635780.2299126569	74.5418212883217
Bhathia_01	R407F	303.0	303.0	100000.0	658082.9950827911	74.5418212883217
Bhathia_01	R407F	303.0	303.0	100000.0	681168.127037599	74.5418212883217
Bhathia_01	R407F	303.0	303.0	100000.0	705063.0707051408	74.5418212883217
Bhathia_01	R407F	303.0	303.0	100000.0	729796.2337640686	74.5418212883217
Bhathia_01	R407F	303.0	303.0	100000.0	755397.0204162808	74.5418212883217
Bhathia_01	R407F	303.0	303.0	100000.0	781895.866344346	74.5418212883217
Bhathia_01	R407F	303.0	303.0	100000.0	809324.2748951628	74.5418212883217
Bhathia_01	R407F	303.0	303.0	100000.0	837714.8545329691	74.5418212883217
Bhathia_01	R407F	303.0	303.0	100000.0	867101.3576061296	74.5418212883217
Bhathia_01	R407F	303.0	303.0	100000.0	897518.7204738803	74.5418212883217
Bhathia_01	R407F	303.0	303.0	100000.0	929003.1050406658	74.5418212883217
Bhathia_01	R407F	303.0	303.0	100000.0	961591.9417474868	74.5418212883217
Bhathia_01	R407F	303.0	303.0	100000.0	995323.9740713531	74.5418212883217
Bhathia_01	R407F	303.0	303.0	100000.0	1030239.3045857496	74.5418212883217
Bhathia_01	R407F	303.0	303.0	100000.0	1066379.442636875	74.5418212883217
Bhathia_01	R407F	303.0	303.0	100000.0	1103787.3536923314	74.5418212883217
Bhathia_01	R407F	303.0	303.0	100000.0	1142507.5104209343	74.5418212883217
Bhathia_01	R407F	303.0	303.0	100000.0	1182585.945564372	74.5418212883217
Bhathia_01	R407F	303.0	303.0	100000.0	1224070.3066635653	74.5418212883217
Bhathia_01	R407F	303.0	303.0	100000.0	1267009.912704797	74.5418212883217
Bhathia_01	R407F	303.0	303.0	100000.0	1311455.8127529488	74.5418212883217
Bhathia_01	R407F	303.0	303.0	100000.0	1357460.8466415561	74.5418212883217
Bhathia_01	R407F	303.0	303.0	100000.0	1405079.70779183	74.5418212883217
Bhathia_01	R407F	303.0	303.0	100000.0	1454369.008235332	74.5418212883217
Bhathia_01	R407F	303.0	303.0	100000.0	1505387.3459176025	74.5418212883217
Bhathia_01	R407F	303.0	303.0	100000.0	1558195.374362756	74.5418212883217
Bhathia_01	R407F	303.0	303.0	100000.0	1612855.874781868	74.5418212883217
Bhathia_01	R407F	303.0	303.0	100000.0	1669433.830710877	74.5418212883217
Bhathia_01	R407F	303.0	303.0	100000.0	1727996.50526674	74.5418212883217
Bhathia_01	R407F	303.0	303.0	100000.0	1788613.5211136676	74.5418212883217
Bhathia_01	R407F	303.0	303.0	100000.0	1851356.9432345594	74.5418212883217
Bhathia_01	R407F	303.0	303.0	100000.0	1916301.3646059704	74.5418212883217
Bhathia_01	R407F	303.0	303.0	100000.0	1983523.9948785233	74.5418212883217
Bhathia_01	R407F	303.0	303.0	100000.0	2053104.7521681644	74.5418212883217
Bhathia_01	R407F	303.0	303.0	100000.0	2125126.3580674017	74.5418212883217
Bhathia_01	R407F	303.0	303.0	100000.0	2199674.4359894753	74.5418212883217
Bhathia_01	R407F	303.0	303.0	100000.0	2276837.6129623787	74.5418212883217
Bhathia_01	R407F	303.0	303.0	100000.0	2356707.6249937494	74.5418212883217
Bhathia_01	R407F	303.0	303.0	100000.0	2439379.426131895	74.5418212883217
Bhathia_01	R407F	303.0	303.0	100000.0	2524951.301352604	74.5418212883217
Bhathia_01	R407F	303.0	303.0	100000.0	2613524.9834059626	74.5418212883217
Bhathia_01	R407F	303.0	303.0	100000.0	2705205.773762079	74.5418212883217
Bhathia_01	R407F	303.0	303.0	100000.0	2800102.6677995026	74.5418212883217
Bhathia_01	R407F	303.0	303.0	100000.0	2898328.4843851826	74.5418212883217
Bhathia_01	R407F	333.0	333.0	100000.0	100.0	57.84757143455132
Bhathia_01	R407F	333.0	333.0	100000.0	103.5079362523115	57.84757143455132
Bhathia_01	R407F	333.0	333.0	100000.0	107.13892867212581	57.84757143455132
Bhathia_01	R407F	333.0	333.0	100000.0	110.89729399135348	57.84757143455132
Bhathia_01	R407F	333.0	333.0	100000.0	114.78750037010863	57.84757143455132
Bhathia_01	R407F	333.0	333.0	100000.0	118.81417270871387	57.84757143455132
Bhathia_01	R407F	333.0	333.0	100000.0	122.98209814604685	57.84757143455132
Bhathia_01	R407F	333.0	333.0	100000.0	127.29623175076546	57.84757143455132
Bhathia_01	R407F	333.0	333.0	100000.0	131.76170241217702	57.84757143455132
Bhathia_01	R407F	333.0	333.0	100000.0	136.3838189377566	57.84757143455132
Bhathia_01	R407F	333.0	333.0	100000.0	141.16807636456102	57.84757143455132
Bhathia_01	R407F	333.0	333.0	100000.0	146.12016249204424	57.84757143455132
Bhathia_01	R407F	333.0	333.0	100000.0	151.24596464403913	57.84757143455132
Bhathia_01	R407F	333.0	333.0	100000.0	156.55157666794562	57.84757143455132
Bhathia_01	R407F	333.0	333.0	100000.0	162.04330617944572	57.84757143455132
Bhathia_01	R407F	333.0	333.0	100000.0	167.72768206135862	57.84757143455132
Bhathia_01	R407F	333.0	333.0	100000.0	173.6114622255508	57.84757143455132
Bhathia_01	R407F	333.0	333.0	100000.0	179.70164164712898	57.84757143455132
Bhathia_01	R407F	333.0	333.0	100000.0	186.00546068046754	57.84757143455132
Bhathia_01	R407F	333.0	333.0	100000.0	192.53041366695666	57.84757143455132
Bhathia_01	R407F	333.0	333.0	100000.0	199.28425784470534	57.84757143455132
Bhathia_01	R407F	333.0	333.0	100000.0	206.27502257078967	57.84757143455132
Bhathia_01	R407F	333.0	333.0	100000.0	213.51101886701414	57.84757143455132
Bhathia_01	R407F	333.0	333.0	100000.0	221.00084930052978	57.84757143455132
Bhathia_01	R407F	333.0	333.0	100000.0	228.7534182110594	57.84757143455132
Bhathia_01	R407F	333.0	333.0	100000.0	236.77794229688686	57.84757143455132
Bhathia_01	R407F	333.0	333.0	100000.0	245.08396157219659	57.84757143455132
Bhathia_01	R407F	333.0	333.0	100000.0	253.68135070878884	57.84757143455132
Bhathia_01	R407F	333.0	333.0	100000.0	262.58033077565597	57.84757143455132
Bhathia_01	R407F	333.0	333.0	100000.0	271.7914813903746	57.84757143455132
Bhathia_01	R407F	333.0	333.0	100000.0	281.32575329676206	57.84757143455132
Bhathia_01	R407F	333.0	333.0	100000.0	291.1944813837476	57.84757143455132
Bhathia_01	R407F	333.0	333.0	100000.0	301.4093981609385	57.84757143455132
Bhathia_01	R407F	333.0	333.0	100000.0	311.9826477069	57.84757143455132
Bhathia_01	R407F	333.0	333.0	100000.0	322.92680010673166	57.84757143455132
Bhathia_01	R407F	333.0	333.0	100000.0	334.2548663961052	57.84757143455132
Bhathia_01	R407F	333.0	333.0	100000.0	345.9803140295299	57.84757143455132
Bhathia_01	R407F	333.0	333.0	100000.0	358.11708289123294	57.84757143455132
Bhathia_01	R407F	333.0	333.0	100000.0	370.67960186769494	57.84757143455132
Bhathia_01	R407F	333.0	333.0	100000.0	383.6828060015357	57.84757143455132
Bhathia_01	R407F	333.0	333.0	100000.0	397.1421542471496	57.84757143455132
Bhathia_01	R407F	333.0	333.0	100000.0	411.0736478491962	57.84757143455132
Bhathia_01	R407F	333.0	333.0	100000.0	425.49384936579753	57.84757143455132
Bhathia_01	R407F	333.0	333.0	100000.0	440.41990235905604	57.84757143455132
Bhathia_01	R407F	333.0	333.0	100000.0	455.86955177630426	57.84757143455132
Bhathia_01	R407F	333.0	333.0	100000.0	471.8611650463152	57.84757143455132
Bhathia_01	R407F	333.0	333.0	100000.0	488.41375391555476	57.84757143455132
Bhathia_01	R407F	333.0	333.0	100000.0	505.546997050434	57.84757143455132
Bhathia_01	R407F	333.0	333.0	100000.0	523.2812634324383	57.84757143455132
Bhathia_01	R407F	333.0	333.0	100000.0	541.6376365739385	57.84757143455132
Bhathia_01	R407F	333.0	333.0	100000.0	560.6379395834789	57.84757143455132
Bhathia_01	R407F	333.0	333.0	100000.0	580.30476111034	57.84757143455132
Bhathia_01	R407F	333.0	333.0	100000.0	600.6614821992193	57.84757143455132
Bhathia_01	R407F	333.0	333.0	100000.0	621.7323040869574	57.84757143455132
Bhathia_01	R407F	333.0	333.0	100000.0	643.5422769743552	57.84757143455132
Bhathia_01	R407F	333.0	333.0	100000.0	666.1173298072896	57.84757143455132
Bhathia_01	R407F	333.0	333.0	100000.0	689.4843011025289	57.84757143455132
Bhathia_01	R407F	333.0	333.0	100000.0	713.670970854901	57.84757143455132
Bhathia_01	R407F	333.0	333.0	100000.0	738.7060935637436	57.84757143455132
Bhathia_01	R407F	333.0	333.0	100000.0	764.6194324179003	57.84757143455132
Bhathia_01	R407F	333.0	333.0	100000.0	791.4417946799063	57.84757143455132
Bhathia_01	R407F	333.0	333.0	100000.0	819.2050683114275	57.84757143455132
Bhathia_01	R407F	333.0	333.0	100000.0	847.9422598834972	57.84757143455132
Bhathia_01	R407F	333.0	333.0	100000.0	877.6875338166207	57.84757143455132
Bhathia_01	R407F	333.0	333.0	100000.0	908.4762529973926	57.84757143455132
Bhathia_01	R407F	333.0	333.0	100000.0	940.3450208199293	57.84757143455132
Bhathia_01	R407F	333.0	333.0	100000.0	973.3317247020778	57.84757143455132
Bhathia_01	R407F	333.0	333.0	100000.0	1007.4755811281508	57.84757143455132
Bhathia_01	R407F	333.0	333.0	100000.0	1042.817182271731	57.84757143455132
Bhathia_01	R407F	333.0	333.0	100000.0	1079.3985442539745	57.84757143455132
Bhathia_01	R407F	333.0	333.0	100000.0	1117.2631570947824	57.84757143455132
Bhathia_01	R407F	333.0	333.0	100000.0	1156.4560364162314	57.84757143455132
Bhathia_01	R407F	333.0	333.0	100000.0	1197.023776959721	57.84757143455132
Bhathia_01	R407F	333.0	333.0	100000.0	1239.0146079804795	57.84757143455132
Bhathia_01	R407F	333.0	333.0	100000.0	1282.478450585262	57.84757143455132
Bhathia_01	R407F	333.0	333.0	100000.0	1327.4669770814253	57.84757143455132
Bhathia_01	R407F	333.0	333.0	100000.0	1374.0336724079282	57.84757143455132
Bhathia_01	R407F	333.0	333.0	100000.0	1422.2338977212928	57.84757143455132
Bhathia_01	R407F	333.0	333.0	100000.0	1472.124956212121	57.84757143455132
Bhathia_01	R407F	333.0	333.0	100000.0	1523.766161230411	57.84757143455132
Bhathia_01	R407F	333.0	333.0	100000.0	1577.2189068006678	57.84757143455132
Bhathia_01	R407F	333.0	333.0	100000.0	1632.5467406106395	57.84757143455132
Bhathia_01	R407F	333.0	333.0	100000.0	1689.81543956045	57.84757143455132
Bhathia_01	R407F	333.0	333.0	100000.0	1749.093087961948	57.84757143455132
Bhathia_01	R407F	333.0	333.0	100000.0	1810.45015848124	57.77943640763737
Bhathia_01	R407F	333.0	333.0	100000.0	1873.9595959206342	57.66082706563514
Bhathia_01	R407F	333.0	333.0	100000.0	1939.6969039396042	57.53879344305459
Bhathia_01	R407F	333.0	333.0	100000.0	2007.7402348178655	57.41367667079821
Bhathia_01	R407F	333.0	333.0	100000.0	2078.1704823672853	57.28540602617866
Bhathia_01	R407F	333.0	333.0	100000.0	2151.0713781030845	57.15405676617698
Bhathia_01	R407F	333.0	333.0	100000.0	2226.529590788659	57.019531174557684
Bhathia_01	R407F	333.0	333.0	100000.0	2304.63482947238	56.881810734302576
Bhathia_01	R407F	333.0	333.0	100000.0	2385.479950138839	56.74064705963819
Bhathia_01	R407F	333.0	333.0	100000.0	2469.161066101381	56.595972821516106
Bhathia_01	R407F	333.0	333.0	100000.0	2555.7776622671126	56.44770863118406
Bhathia_01	R407F	333.0	333.0	100000.0	2645.43271341026	56.29570086333864
Bhathia_01	R407F	333.0	333.0	100000.0	2738.2328065944866	56.13983776582859
Bhathia_01	R407F	333.0	333.0	100000.0	2834.2882678897013	55.979752084880744
Bhathia_01	R407F	333.0	333.0	100000.0	2933.7132935340187	55.81574660205761
Bhathia_01	R407F	333.0	333.0	100000.0	3036.6260856967806	55.647722622150084
Bhathia_01	R407F	333.0	333.0	100000.0	3143.1489930040857	55.47574528268967
Bhathia_01	R407F	333.0	333.0	100000.0	3253.4086559938396	55.29970052971761
Bhathia_01	R407F	333.0	333.0	100000.0	3367.536157673288	55.11956653992677
Bhathia_01	R407F	333.0	333.0	100000.0	3485.667179358007	54.93510519975493
Bhathia_01	R407F	333.0	333.0	100000.0	3607.9421619776303	54.745748297548644
Bhathia_01	R407F	333.0	333.0	100000.0	3734.506473040075	54.55152684724356
Bhathia_01	R407F	333.0	333.0	100000.0	3865.5105794527676	54.35263087983057
Bhathia_01	R407F	333.0	333.0	100000.0	4001.1102264063275	54.149204174789666
Bhathia_01	R407F	333.0	333.0	100000.0	4141.466622533378	53.94107218889696
Bhathia_01	R407F	333.0	333.0	100000.0	4286.746631562607	53.728096852356195
Bhathia_01	R407F	333.0	333.0	100000.0	4437.122970695934	53.51001129876566
Bhathia_01	R407F	333.0	333.0	100000.0	4592.774415944617	53.28661088856465
Bhathia_01	R407F	333.0	333.0	100000.0	4753.8860146684265	53.057934822800235
Bhathia_01	R407F	333.0	333.0	100000.0	4920.649305570547	52.82421767340289
Bhathia_01	R407F	333.0	333.0	100000.0	5093.26254640977	52.585008650573705
Bhathia_01	R407F	333.0	333.0	100000.0	5271.9309497006825	52.34055023839386
Bhathia_01	R407F	333.0	333.0	100000.0	5456.8669266820625	52.09042309584134
Bhathia_01	R407F	333.0	333.0	100000.0	5648.290339843539	51.83459368627932
Bhathia_01	R407F	333.0	333.0	100000.0	5846.4287643107255	51.573397434328704
Bhathia_01	R407F	333.0	333.0	100000.0	6051.517758399548	51.306162277596826
Bhathia_01	R407F	333.0	333.0	100000.0	6263.801143661515	51.033252366297916
Bhathia_01	R407F	333.0	333.0	100000.0	6483.531294752719	50.75417570579884
Bhathia_01	R407F	333.0	333.0	100000.0	6710.9694394713115	50.46875923364759
Bhathia_01	R407F	333.0	333.0	100000.0	6946.385969320071	50.17773088595353
Bhathia_01	R407F	333.0	333.0	100000.0	7190.06076096333	49.88009715798993
Bhathia_01	R407F	333.0	333.0	100000.0	7442.283508960394	49.57645214198428
Bhathia_01	R407F	333.0	333.0	100000.0	7703.354070171016	49.2660783920767
Bhathia_01	R407F	333.0	333.0	100000.0	7973.582820242459	48.94904817356266
Bhathia_01	R407F	333.0	333.0	100000.0	8253.291022601827	48.625179694866674
Bhathia_01	R407F	333.0	333.0	100000.0	8542.811210392447	48.29518346609318
Bhathia_01	R407F	333.0	333.0	100000.0	8842.487581808335	47.95806411480091
Bhathia_01	R407F	333.0	333.0	100000.0	9152.676409296731	47.61387605545234
Bhathia_01	R407F	333.0	333.0	100000.0	9473.746463115214	47.26271862516753
Bhathia_01	R407F	333.0	333.0	100000.0	9806.07944974691	46.90425891608811
Bhathia_01	R407F	333.0	333.0	100000.0	10150.070465695051	46.53857753660797
Bhathia_01	R407F	333.0	333.0	100000.0	10506.128467196331	46.166146335079176
Bhathia_01	R407F	333.0	333.0	100000.0	10874.676756411529	45.78608284610528
Bhathia_01	R407F	333.0	333.0	100000.0	11256.153484671382	45.398304635988694
Bhathia_01	R407F	333.0	333.0	100000.0	11651.012173375993	45.00310676662086
Bhathia_01	R407F	333.0	333.0	100000.0	12059.722253167078	44.59951519894159
Bhathia_01	R407F	333.0	333.0	100000.0	12482.769622014002	44.18890903873663
Bhathia_01	R407F	333.0	333.0	100000.0	12920.657222877158	43.769926865594265
Bhathia_01	R407F	333.0	333.0	100000.0	13373.905641635398	43.34191387506908
Bhathia_01	R407F	333.0	333.0	100000.0	13843.053725988231	42.90683239302295
Bhathia_01	R407F	333.0	333.0	100000.0	14328.65922606916	42.46247646985524
Bhathia_01	R407F	333.0	333.0	100000.0	14831.299457530586	42.01010694880918
Bhathia_01	R407F	333.0	333.0	100000.0	15351.571987890213	41.549497786618666
Bhathia_01	R407F	333.0	333.0	100000.0	15890.095346953078	41.079913886306876
Bhathia_01	R407F	333.0	333.0	100000.0	16447.509762155743	40.60141566346762
Bhathia_01	R407F	333.0	333.0	100000.0	17024.47791970484	40.11344786538589
Bhathia_01	R407F	333.0	333.0	100000.0	17621.68575241697	39.616174660597174
Bhathia_01	R407F	333.0	333.0	100000.0	18239.84325519438	39.110152607691866
Bhathia_01	R407F	333.0	333.0	100000.0	18879.685329108175	38.59462883466748
Bhathia_01	R407F	333.0	333.0	100000.0	19541.972655090256	38.0695880319436
Bhathia_01	R407F	333.0	333.0	100000.0	20227.49259827501	37.53473128145071
Bhathia_01	R407F	333.0	333.0	100000.0	20937.060144063526	36.98988289006187
Bhathia_01	R407F	333.0	333.0	100000.0	21671.518867025392	36.43509166954206
Bhathia_01	R407F	333.0	333.0	100000.0	22431.741933788304	35.87059093274242
Bhathia_01	R407F	333.0	333.0	100000.0	23218.633141108625	35.295661421423354
Bhathia_01	R407F	333.0	333.0	100000.0	24033.127990356785	34.710116022590654
Bhathia_01	R407F	333.0	333.0	100000.0	24876.194799694935	34.11414906288658
Bhathia_01	R407F	333.0	333.0	100000.0	25748.835855269062	33.50730657635377
Bhathia_01	R407F	333.0	333.0	100000.0	26652.088602784228	32.89036912536408
Bhathia_01	R407F	333.0	333.0	100000.0	27587.026880879475	32.262422259398775
Bhathia_01	R407F	333.0	333.0	100000.0	28554.762197768767	31.623239869089407
Bhathia_01	R407F	333.0	333.0	100000.0	29556.445052665636	30.972718258824326
Bhathia_01	R407F	333.0	333.0	100000.0	30593.266303562625	30.31084342742648
Bhathia_01	R407F	333.0	333.0	100000.0	31666.458582991498	29.637785486378313
Bhathia_01	R407F	333.0	333.0	100000.0	32777.29776344747	28.953715182807887
Bhathia_01	R407F	333.0	333.0	100000.0	33927.104474219595	28.257755976007722
Bhathia_01	R407F	333.0	333.0	100000.0	35117.24567143027	27.549773409419757
Bhathia_01	R407F	333.0	333.0	100000.0	36349.13626315173	26.829760006359283
Bhathia_01	R407F	333.0	333.0	100000.0	37624.240791528864	26.09750923245388
Bhathia_01	R407F	333.0	333.0	100000.0	38944.07517391196	25.354084261385655
Bhathia_01	R407F	333.0	333.0	100000.0	40310.20850506498	24.598424701507568
Bhathia_01	R407F	333.0	333.0	100000.0	41724.264922596594	23.83020365133435
Bhathia_01	R407F	333.0	333.0	100000.0	43187.92553782676	23.049351536415177
Bhathia_01	R407F	333.0	333.0	100000.0	44702.93043438957	22.255673570067962
Bhathia_01	R407F	333.0	333.0	100000.0	46271.08073694302	21.449583580328394
Bhathia_01	R407F	333.0	333.0	100000.0	47894.24075245067	20.631692247036046
Bhathia_01	R407F	333.0	333.0	100000.0	49574.34018657513	19.800793792692986
Bhathia_01	R407F	333.0	333.0	100000.0	51313.376437824336	18.9567321823887
Bhathia_01	R407F	333.0	333.0	100000.0	53113.41697217184	18.09932863416995
Bhathia_01	R407F	333.0	333.0	100000.0	54976.60178098003	17.228533017043087
Bhathia_01	R407F	333.0	333.0	100000.0	56905.14592514396	16.346015247151044
Bhathia_01	R407F	333.0	333.0	100000.0	58901.34216848284	15.45041054980787
Bhathia_01	R407F	333.0	333.0	100000.0	60967.5637035091	14.541175080271096
Bhathia_01	R407F	333.0	333.0	100000.0	63106.2669728156	13.618276488262495
Bhathia_01	R407F	333.0	333.0	100000.0	65319.99458943548	12.681681764629127
Bhathia_01	R407F	333.0	333.0	100000.0	67611.3783596462	11.731958848328386
Bhathia_01	R407F	333.0	333.0	100000.0	69983.14241181171	10.769976994549138
Bhathia_01	R407F	333.0	333.0	100000.0	72438.10643498244	9.794103992398801
Bhathia_01	R407F	333.0	333.0	100000.0	74979.18903110319	8.804286387286172
Bhathia_01	R407F	333.0	333.0	100000.0	77609.41118481442	7.800344747316728
Bhathia_01	R407F	333.0	333.0	100000.0	80331.89985497203	6.7822231813418
Bhathia_01	R407F	333.0	333.0	100000.0	83149.89169215517	5.7520128901583725
Bhathia_01	R407F	333.0	333.0	100000.0	86066.7368865822	4.708110062102009
Bhathia_01	R407F	333.0	333.0	100000.0	89085.903151008	3.6498463622339887
Bhathia_01	R407F	333.0	333.0	100000.0	92210.9798433415	2.5771828468636513
Bhathia_01	R407F	333.0	333.0	100000.0	95445.68223387754	1.4900127609639657
Bhathia_01	R407F	333.0	333.0	100000.0	98793.85592222596	0.3890051968213831
Bhathia_01	R407F	333.0	333.0	100000.0	102259.48140917791	0.7244782821506377
Bhathia_01	R407F	333.0	333.0	100000.0	105846.67882895643	1.8526639770764952
Bhathia_01	R407F	333.0	333.0	100000.0	109559.71284746489	2.995709872171324
Bhathia_01	R407F	333.0	333.0	100000.0	113402.99773236972	4.15369437867957
Bhathia_01	R407F	333.0	333.0	100000.0	117381.10260103126	5.326752324316245
Bhathia_01	R407F	333.0	333.0	100000.0	121498.75685253605	6.51256611242624
Bhathia_01	R407F	333.0	333.0	100000.0	125760.85579027371	7.712852667514223
Bhathia_01	R407F	333.0	333.0	100000.0	130172.46644175818	8.92857222837962
Bhathia_01	R407F	333.0	333.0	100000.0	134738.83358259665	10.15991130661809
Bhathia_01	R407F	333.0	333.0	100000.0	139465.3859717822	11.407002051175185
Bhathia_01	R407F	333.0	333.0	100000.0	144357.7428057125	12.669182396704151
Bhathia_01	R407F	333.0	333.0	100000.0	149421.7203986127	13.944727900316808
Bhathia_01	R407F	333.0	333.0	100000.0	154663.33909730316	15.236455362617217
Bhathia_01	R407F	333.0	333.0	100000.0	160088.83043853292	16.544594548038123
Bhathia_01	R407F	333.0	333.0	100000.0	165704.6445573877	17.86929367481514
Bhathia_01	R407F	333.0	333.0	100000.0	171517.45785558026	19.210753180266465
Bhathia_01	R407F	333.0	333.0	100000.0	177534.18093873924	20.566326636085336
Bhathia_01	R407F	333.0	333.0	100000.0	183761.96683213356	21.93777114263473
Bhathia_01	R407F	333.0	333.0	100000.0	190208.21948459864	23.326232816963795
Bhathia_01	R407F	333.0	333.0	100000.0	196880.60257077508	24.731739720894808
Bhathia_01	R407F	333.0	333.0	100000.0	203787.04860212465	26.154272654299838
Bhathia_01	R407F	333.0	333.0	100000.0	210935.76835755422	27.59285496094174
Bhathia_01	R407F	333.0	333.0	100000.0	218335.26064486115	29.044751286349875
Bhathia_01	R407F	333.0	333.0	100000.0	225994.32240460056	30.513115470142964
Bhathia_01	R407F	333.0	333.0	100000.0	233922.05916839777	31.997602669655965
Bhathia_01	R407F	333.0	333.0	100000.0	242127.89588411906	33.49785374299004
Bhathia_01	R407F	333.0	333.0	100000.0	250621.58812079762	35.013334975360024
Bhathia_01	R407F	333.0	333.0	100000.0	259413.23366660537	36.539806774209545
Bhathia_01	R407F	333.0	333.0	100000.0	268513.2845336903	38.07820430983261
Bhathia_01	R407F	333.0	333.0	100000.0	277932.5593841194	39.6291326911767
Bhathia_01	R407F	333.0	333.0	100000.0	287682.2563917327	41.19152287878913
Bhathia_01	R407F	333.0	333.0	100000.0	297773.9665551654	42.764402235045516
Bhathia_01	R407F	333.0	333.0	100000.0	308219.6874779006	44.345431917706165
Bhathia_01	R407F	333.0	333.0	100000.0	319031.83763169846	45.929193630028045
Bhathia_01	R407F	333.0	333.0	100000.0	330223.271120397	47.51930340376799
Bhathia_01	R407F	333.0	333.0	100000.0	341807.2929615984	49.11431055351785
Bhathia_01	R407F	333.0	333.0	100000.0	353797.67490444286	50.71274209129744
Bhathia_01	R407F	333.0	333.0	100000.0	366208.67180225096	52.31313704245609
Bhathia_01	R407F	333.0	333.0	100000.0	379055.0385595106	53.90903618489044
Bhathia_01	R407F	333.0	333.0	100000.0	392352.047673353	55.501317671750535
Bhathia_01	R407F	333.0	333.0	100000.0	406115.50739037304	57.091151124144844
Bhathia_01	R407F	333.0	333.0	100000.0	420361.78050037875	58.677405684636184
Bhathia_01	R407F	333.0	333.0	100000.0	435107.80378941365	60.259081266805524
Bhathia_01	R407F	333.0	333.0	100000.0	450371.1081751789	61.8338775146953
Bhathia_01	R407F	333.0	333.0	100000.0	466169.83954879304	63.39504260471518
Bhathia_01	R407F	333.0	333.0	100000.0	482522.7803476675	64.94853889300073
Bhathia_01	R407F	333.0	333.0	100000.0	499449.37188514473	66.49359746289791
Bhathia_01	R407F	333.0	333.0	100000.0	516969.7374634458	68.0295311199105
Bhathia_01	R407F	333.0	333.0	100000.0	535104.7062974056	69.5559069577728
Bhathia_01	R407F	333.0	333.0	100000.0	553875.8382774384	71.06694080134399
Bhathia_01	R407F	333.0	333.0	100000.0	573305.4496011657	72.5646368004153
Bhathia_01	R407F	333.0	333.0	100000.0	593416.6393042037	74.05209256975377
Bhathia_01	R407F	333.0	333.0	100000.0	614233.3167216032	75.52902987324475
Bhathia_01	R407F	333.0	333.0	100000.0	635780.2299126569	76.99535951106364
Bhathia_01	R407F	333.0	333.0	100000.0	658082.9950827911	78.44994081944884
Bhathia_01	R407F	333.0	333.0	100000.0	681168.127037599	79.88645268444753
Bhathia_01	R407F	333.0	333.0	100000.0	705063.0707051408	81.3119413217113
Bhathia_01	R407F	333.0	333.0	100000.0	729796.2337640686	82.72702074807577
Bhathia_01	R407F	333.0	333.0	100000.0	755397.0204162808	84.13115750854543
Bhathia_01	R407F	333.0	333.0	100000.0	781895.866344346	85.52470232255915
Bhathia_01	R407F	333.0	333.0	100000.0	809324.2748951628	86.90303181873625
Bhathia_01	R407F	333.0	333.0	100000.0	837714.8545329691	88.26803463088928
Bhathia_01	R407F	333.0	333.0	100000.0	867101.3576061296	89.62297436475531
Bhathia_01	R407F	333.0	333.0	100000.0	897518.7204738803	90.96797655950024
Bhathia_01	R407F	333.0	333.0	100000.0	929003.1050406658	92.30286604892986
Bhathia_01	R407F	333.0	333.0	100000.0	961591.9417474868	93.62750897205824
Bhathia_01	R407F	333.0	333.0	100000.0	995323.9740713531	94.93500418584401
Bhathia_01	R407F	333.0	333.0	100000.0	1030239.3045857496	96.2331610656453
Bhathia_01	R407F	333.0	333.0	100000.0	1066379.442636875	97.52162301455132
Bhathia_01	R407F	333.0	333.0	100000.0	1103787.3536923314	98.80075926613036
Bhathia_01	R407F	333.0	333.0	100000.0	1142507.5104209343	100.0705312707165
Bhathia_01	R407F	333.0	333.0	100000.0	1182585.945564372	101.32687663462951
Bhathia_01	R407F	333.0	333.0	100000.0	1224070.3066635653	102.57113183458335
Bhathia_01	R407F	333.0	333.0	100000.0	1267009.912704797	103.80631569333855
Bhathia_01	R407F	333.0	333.0	100000.0	1311455.8127529488	105.03245467537522
Bhathia_01	R407F	333.0	333.0	100000.0	1357460.8466415561	106.24948525290742
Bhathia_01	R407F	333.0	333.0	100000.0	1405079.70779183	107.45690239328182
Bhathia_01	R407F	333.0	333.0	100000.0	1454369.008235332	108.64821361320816
Bhathia_01	R407F	333.0	333.0	100000.0	1505387.3459176025	109.829607050798
Bhathia_01	R407F	333.0	333.0	100000.0	1558195.374362756	111.00168627000048
Bhathia_01	R407F	333.0	333.0	100000.0	1612855.874781868	112.16289699713472
Bhathia_01	R407F	333.0	333.0	100000.0	1669433.830710877	112.42909556852601
Bhathia_01	R407F	333.0	333.0	100000.0	1727996.50526674	112.42909556852601
Bhathia_01	R407F	333.0	333.0	100000.0	1788613.5211136676	112.42909556852601
Bhathia_01	R407F	333.0	333.0	100000.0	1851356.9432345594	112.42909556852601
Bhathia_01	R407F	333.0	333.0	100000.0	1916301.3646059704	112.42909556852601
Bhathia_01	R407F	333.0	333.0	100000.0	1983523.9948785233	112.42909556852601
Bhathia_01	R407F	333.0	333.0	100000.0	2053104.7521681644	112.42909556852601
Bhathia_01	R407F	333.0	333.0	100000.0	2125126.3580674017	112.42909556852601
Bhathia_01	R407F	333.0	333.0	100000.0	2199674.4359894753	112.42909556852601
Bhathia_01	R407F	333.0	333.0	100000.0	2276837.6129623787	112.42909556852601
Bhathia_01	R407F	333.0	333.0	100000.0	2356707.6249937494	112.42909556852601
Bhathia_01	R407F	333.0	333.0	100000.0	2439379.426131895	112.42909556852601
Bhathia_01	R407F	333.0	333.0	100000.0	2524951.301352604	112.42909556852601
Bhathia_01	R407F	333.0	333.0	100000.0	2613524.9834059626	112.42909556852601
Bhathia_01	R407F	333.0	333.0	100000.0	2705205.773762079	112.42909556852601
Bhathia_01	R407F	333.0	333.0	100000.0	2800102.6677995026	112.42909556852601
Bhathia_01	R407F	333.0	333.0	100000.0	2898328.4843851826	112.42909556852601
Bhathia_01	R407F	353.0	353.0	100000.0	100.0	40.59586900622681
Bhathia_01	R407F	353.0	353.0	100000.0	103.5079362523115	40.59586900622681
Bhathia_01	R407F	353.0	353.0	100000.0	107.13892867212581	40.59586900622681
Bhathia_01	R407F	353.0	353.0	100000.0	110.89729399135348	40.59586900622681
Bhathia_01	R407F	353.0	353.0	100000.0	114.78750037010863	40.59586900622681
Bhathia_01	R407F	353.0	353.0	100000.0	118.81417270871387	40.59586900622681
Bhathia_01	R407F	353.0	353.0	100000.0	122.98209814604685	40.59586900622681
Bhathia_01	R407F	353.0	353.0	100000.0	127.29623175076546	40.59586900622681
Bhathia_01	R407F	353.0	353.0	100000.0	131.76170241217702	40.59586900622681
Bhathia_01	R407F	353.0	353.0	100000.0	136.3838189377566	40.59586900622681
Bhathia_01	R407F	353.0	353.0	100000.0	141.16807636456102	40.59586900622681
Bhathia_01	R407F	353.0	353.0	100000.0	146.12016249204424	40.59586900622681
Bhathia_01	R407F	353.0	353.0	100000.0	151.24596464403913	40.59586900622681
Bhathia_01	R407F	353.0	353.0	100000.0	156.55157666794562	40.59586900622681
Bhathia_01	R407F	353.0	353.0	100000.0	162.04330617944572	40.59586900622681
Bhathia_01	R407F	353.0	353.0	100000.0	167.72768206135862	40.59586900622681
Bhathia_01	R407F	353.0	353.0	100000.0	173.6114622255508	40.59586900622681
Bhathia_01	R407F	353.0	353.0	100000.0	179.70164164712898	40.59586900622681
Bhathia_01	R407F	353.0	353.0	100000.0	186.00546068046754	40.59586900622681
Bhathia_01	R407F	353.0	353.0	100000.0	192.53041366695666	40.59586900622681
Bhathia_01	R407F	353.0	353.0	100000.0	199.28425784470534	40.59586900622681
Bhathia_01	R407F	353.0	353.0	100000.0	206.27502257078967	40.59586900622681
Bhathia_01	R407F	353.0	353.0	100000.0	213.51101886701414	40.59586900622681
Bhathia_01	R407F	353.0	353.0	100000.0	221.00084930052978	40.59586900622681
Bhathia_01	R407F	353.0	353.0	100000.0	228.7534182110594	40.59586900622681
Bhathia_01	R407F	353.0	353.0	100000.0	236.77794229688686	40.59586900622681
Bhathia_01	R407F	353.0	353.0	100000.0	245.08396157219659	40.59586900622681
Bhathia_01	R407F	353.0	353.0	100000.0	253.68135070878884	40.59586900622681
Bhathia_01	R407F	353.0	353.0	100000.0	262.58033077565597	40.59586900622681
Bhathia_01	R407F	353.0	353.0	100000.0	271.7914813903746	40.59586900622681
Bhathia_01	R407F	353.0	353.0	100000.0	281.32575329676206	40.59586900622681
Bhathia_01	R407F	353.0	353.0	100000.0	291.1944813837476	40.59586900622681
Bhathia_01	R407F	353.0	353.0	100000.0	301.4093981609385	40.59586900622681
Bhathia_01	R407F	353.0	353.0	100000.0	311.9826477069	40.59586900622681
Bhathia_01	R407F	353.0	353.0	100000.0	322.92680010673166	40.59586900622681
Bhathia_01	R407F	353.0	353.0	100000.0	334.2548663961052	40.59586900622681
Bhathia_01	R407F	353.0	353.0	100000.0	345.9803140295299	40.59586900622681
Bhathia_01	R407F	353.0	353.0	100000.0	358.11708289123294	40.59586900622681
Bhathia_01	R407F	353.0	353.0	100000.0	370.67960186769494	40.59586900622681
Bhathia_01	R407F	353.0	353.0	100000.0	383.6828060015357	40.59586900622681
Bhathia_01	R407F	353.0	353.0	100000.0	397.1421542471496	40.59586900622681
Bhathia_01	R407F	353.0	353.0	100000.0	411.0736478491962	40.59586900622681
Bhathia_01	R407F	353.0	353.0	100000.0	425.49384936579753	40.59586900622681
Bhathia_01	R407F	353.0	353.0	100000.0	440.41990235905604	40.59586900622681
Bhathia_01	R407F	353.0	353.0	100000.0	455.86955177630426	40.59586900622681
Bhathia_01	R407F	353.0	353.0	100000.0	471.8611650463152	40.59586900622681
Bhathia_01	R407F	353.0	353.0	100000.0	488.41375391555476	40.59586900622681
Bhathia_01	R407F	353.0	353.0	100000.0	505.546997050434	40.59586900622681
Bhathia_01	R407F	353.0	353.0	100000.0	523.2812634324383	40.59586900622681
Bhathia_01	R407F	353.0	353.0	100000.0	541.6376365739385	40.59586900622681
Bhathia_01	R407F	353.0	353.0	100000.0	560.6379395834789	40.59586900622681
Bhathia_01	R407F	353.0	353.0	100000.0	580.30476111034	40.59586900622681
Bhathia_01	R407F	353.0	353.0	100000.0	600.6614821992193	40.59586900622681
Bhathia_01	R407F	353.0	353.0	100000.0	621.7323040869574	40.59586900622681
Bhathia_01	R407F	353.0	353.0	100000.0	643.5422769743552	40.59586900622681
Bhathia_01	R407F	353.0	353.0	100000.0	666.1173298072896	40.59586900622681
Bhathia_01	R407F	353.0	353.0	100000.0	689.4843011025289	40.59586900622681
Bhathia_01	R407F	353.0	353.0	100000.0	713.670970854901	40.59586900622681
Bhathia_01	R407F	353.0	353.0	100000.0	738.7060935637436	40.59586900622681
Bhathia_01	R407F	353.0	353.0	100000.0	764.6194324179003	40.59586900622681
Bhathia_01	R407F	353.0	353.0	100000.0	791.4417946799063	40.59586900622681
Bhathia_01	R407F	353.0	353.0	100000.0	819.2050683114275	40.59586900622681
Bhathia_01	R407F	353.0	353.0	100000.0	847.9422598834972	40.59586900622681
Bhathia_01	R407F	353.0	353.0	100000.0	877.6875338166207	40.59586900622681
Bhathia_01	R407F	353.0	353.0	100000.0	908.4762529973926	40.59586900622681
Bhathia_01	R407F	353.0	353.0	100000.0	940.3450208199293	40.59586900622681
Bhathia_01	R407F	353.0	353.0	100000.0	973.3317247020778	40.59586900622681
Bhathia_01	R407F	353.0	353.0	100000.0	1007.4755811281508	40.59586900622681
Bhathia_01	R407F	353.0	353.0	100000.0	1042.817182271731	40.59586900622681
Bhathia_01	R407F	353.0	353.0	100000.0	1079.3985442539745	40.59586900622681
Bhathia_01	R407F	353.0	353.0	100000.0	1117.2631570947824	40.59586900622681
Bhathia_01	R407F	353.0	353.0	100000.0	1156.4560364162314	40.59586900622681
Bhathia_01	R407F	353.0	353.0	100000.0	1197.023776959721	40.59586900622681
Bhathia_01	R407F	353.0	353.0	100000.0	1239.0146079804795	40.59586900622681
Bhathia_01	R407F	353.0	353.0	100000.0	1282.478450585262	40.59586900622681
Bhathia_01	R407F	353.0	353.0	100000.0	1327.4669770814253	40.59586900622681
Bhathia_01	R407F	353.0	353.0	100000.0	1374.0336724079282	40.59586900622681
Bhathia_01	R407F	353.0	353.0	100000.0	1422.2338977212928	40.59586900622681
Bhathia_01	R407F	353.0	353.0	100000.0	1472.124956212121	40.59586900622681
Bhathia_01	R407F	353.0	353.0	100000.0	1523.766161230411	40.59586900622681
Bhathia_01	R407F	353.0	353.0	100000.0	1577.2189068006678	40.59586900622681
Bhathia_01	R407F	353.0	353.0	100000.0	1632.5467406106395	40.59586900622681
Bhathia_01	R407F	353.0	353.0	100000.0	1689.81543956045	40.59586900622681
Bhathia_01	R407F	353.0	353.0	100000.0	1749.093087961948	40.59586900622681
Bhathia_01	R407F	353.0	353.0	100000.0	1810.45015848124	40.59586900622681
Bhathia_01	R407F	353.0	353.0	100000.0	1873.9595959206342	40.59586900622681
Bhathia_01	R407F	353.0	353.0	100000.0	1939.6969039396042	40.59586900622681
Bhathia_01	R407F	353.0	353.0	100000.0	2007.7402348178655	40.59586900622681
Bhathia_01	R407F	353.0	353.0	100000.0	2078.1704823672853	40.59586900622681
Bhathia_01	R407F	353.0	353.0	100000.0	2151.0713781030845	40.59586900622681
Bhathia_01	R407F	353.0	353.0	100000.0	2226.529590788659	40.59586900622681
Bhathia_01	R407F	353.0	353.0	100000.0	2304.63482947238	40.59586900622681
Bhathia_01	R407F	353.0	353.0	100000.0	2385.479950138839	40.59586900622681
Bhathia_01	R407F	353.0	353.0	100000.0	2469.161066101381	40.59586900622681
Bhathia_01	R407F	353.0	353.0	100000.0	2555.7776622671126	40.59586900622681
Bhathia_01	R407F	353.0	353.0	100000.0	2645.43271341026	40.59586900622681
Bhathia_01	R407F	353.0	353.0	100000.0	2738.2328065944866	40.59586900622681
Bhathia_01	R407F	353.0	353.0	100000.0	2834.2882678897013	40.59586900622681
Bhathia_01	R407F	353.0	353.0	100000.0	2933.7132935340187	40.59586900622681
Bhathia_01	R407F	353.0	353.0	100000.0	3036.6260856967806	40.59586900622681
Bhathia_01	R407F	353.0	353.0	100000.0	3143.1489930040857	40.59586900622681
Bhathia_01	R407F	353.0	353.0	100000.0	3253.4086559938396	40.59586900622681
Bhathia_01	R407F	353.0	353.0	100000.0	3367.536157673288	40.59586900622681
Bhathia_01	R407F	353.0	353.0	100000.0	3485.667179358007	40.504242660718006
Bhathia_01	R407F	353.0	353.0	100000.0	3607.9421619776303	40.37985111108758
Bhathia_01	R407F	353.0	353.0	100000.0	3734.506473040075	40.25222584282405
Bhathia_01	R407F	353.0	353.0	100000.0	3865.5105794527676	40.12124412665719
Bhathia_01	R407F	353.0	353.0	100000.0	4001.1102264063275	39.98705923939094
Bhathia_01	R407F	353.0	353.0	100000.0	4141.466622533378	39.8490484466769
Bhathia_01	R407F	353.0	353.0	100000.0	4286.746631562607	39.70742828355754
Bhathia_01	R407F	353.0	353.0	100000.0	4437.122970695934	39.56223516227371
Bhathia_01	R407F	353.0	353.0	100000.0	4592.774415944617	39.41338507330272
Bhathia_01	R407F	353.0	353.0	100000.0	4753.8860146684265	39.260772009760906
Bhathia_01	R407F	353.0	353.0	100000.0	4920.649305570547	39.10436872705413
Bhathia_01	R407F	353.0	353.0	100000.0	5093.26254640977	38.943882216418324
Bhathia_01	R407F	353.0	353.0	100000.0	5271.9309497006825	38.779028613946004
Bhathia_01	R407F	353.0	353.0	100000.0	5456.8669266820625	38.61002765512967
Bhathia_01	R407F	353.0	353.0	100000.0	5648.290339843539	38.436807093334465
Bhathia_01	R407F	353.0	353.0	100000.0	5846.4287643107255	38.25959120898465
Bhathia_01	R407F	353.0	353.0	100000.0	6051.517758399548	38.07799478436566
Bhathia_01	R407F	353.0	353.0	100000.0	6263.801143661515	37.89148705482765
Bhathia_01	R407F	353.0	353.0	100000.0	6483.531294752719	37.70023476492566
Bhathia_01	R407F	353.0	353.0	100000.0	6710.9694394713115	37.504233442429715
Bhathia_01	R407F	353.0	353.0	100000.0	6946.385969320071	37.30360791721064
Bhathia_01	R407F	353.0	353.0	100000.0	7190.06076096333	37.09848417093472
Bhathia_01	R407F	353.0	353.0	100000.0	7442.283508960394	36.88800078095012
Bhathia_01	R407F	353.0	353.0	100000.0	7703.354070171016	36.672333314176264
Bhathia_01	R407F	353.0	353.0	100000.0	7973.582820242459	36.45137675706127
Bhathia_01	R407F	353.0	353.0	100000.0	8253.291022601827	36.224972076671456
Bhathia_01	R407F	353.0	353.0	100000.0	8542.811210392447	35.9935721620141
Bhathia_01	R407F	353.0	353.0	100000.0	8842.487581808335	35.75698053028087
Bhathia_01	R407F	353.0	353.0	100000.0	9152.676409296731	35.51477306366953
Bhathia_01	R407F	353.0	353.0	100000.0	9473.746463115214	35.26681508873132
Bhathia_01	R407F	353.0	353.0	100000.0	9806.07944974691	35.01326290057595
Bhathia_01	R407F	353.0	353.0	100000.0	10150.070465695051	34.754198643016636
Bhathia_01	R407F	353.0	353.0	100000.0	10506.128467196331	34.489392844362825
Bhathia_01	R407F	353.0	353.0	100000.0	10874.676756411529	34.21859529495076
Bhathia_01	R407F	353.0	353.0	100000.0	11256.153484671382	33.94191635607576
Bhathia_01	R407F	353.0	353.0	100000.0	11651.012173375993	33.65905633197926
Bhathia_01	R407F	353.0	353.0	100000.0	12059.722253167078	33.36997941513833
Bhathia_01	R407F	353.0	353.0	100000.0	12482.769622014002	33.0751034894539
Bhathia_01	R407F	353.0	353.0	100000.0	12920.657222877158	32.773752048028314
Bhathia_01	R407F	353.0	353.0	100000.0	13373.905641635398	32.46611371364328
Bhathia_01	R407F	353.0	353.0	100000.0	13843.053725988231	32.151937240623816
Bhathia_01	R407F	353.0	353.0	100000.0	14328.65922606916	31.83106170047173
Bhathia_01	R407F	353.0	353.0	100000.0	14831.299457530586	31.503752870299433
Bhathia_01	R407F	353.0	353.0	100000.0	15351.571987890213	31.16991418548084
Bhathia_01	R407F	353.0	353.0	100000.0	15890.095346953078	30.8290734994034
Bhathia_01	R407F	353.0	353.0	100000.0	16447.509762155743	30.48151061695671
Bhathia_01	R407F	353.0	353.0	100000.0	17024.47791970484	30.1265002152168
Bhathia_01	R407F	353.0	353.0	100000.0	17621.68575241697	29.764997925720603
Bhathia_01	R407F	353.0	353.0	100000.0	18239.84325519438	29.396349043646627
Bhathia_01	R407F	353.0	353.0	100000.0	18879.685329108175	29.02079473475626
Bhathia_01	R407F	353.0	353.0	100000.0	19541.972655090256	28.637823985287703
Bhathia_01	R407F	353.0	353.0	100000.0	20227.49259827501	28.247653343448263
Bhathia_01	R407F	353.0	353.0	100000.0	20937.060144063526	27.849857946329205
Bhathia_01	R407F	353.0	353.0	100000.0	21671.518867025392	27.444702418222832
Bhathia_01	R407F	353.0	353.0	100000.0	22431.741933788304	27.032030813593266
Bhathia_01	R407F	353.0	353.0	100000.0	23218.633141108625	26.61144207027194
Bhathia_01	R407F	353.0	353.0	100000.0	24033.127990356785	26.18288286142784
Bhathia_01	R407F	353.0	353.0	100000.0	24876.194799694935	25.746235863546005
Bhathia_01	R407F	353.0	353.0	100000.0	25748.835855269062	25.301277485972413
Bhathia_01	R407F	353.0	353.0	100000.0	26652.088602784228	24.84913540930878
Bhathia_01	R407F	353.0	353.0	100000.0	27587.026880879475	24.38871118663984
Bhathia_01	R407F	353.0	353.0	100000.0	28554.762197768767	23.919862505098266
Bhathia_01	R407F	353.0	353.0	100000.0	29556.445052665636	23.44232102459398
Bhathia_01	R407F	353.0	353.0	100000.0	30593.266303562625	22.95591420087155
Bhathia_01	R407F	353.0	353.0	100000.0	31666.458582991498	22.46084493231083
Bhathia_01	R407F	353.0	353.0	100000.0	32777.29776344747	21.957361962991428
Bhathia_01	R407F	353.0	353.0	100000.0	33927.104474219595	21.444762598772726
Bhathia_01	R407F	353.0	353.0	100000.0	35117.24567143027	20.923022687584744
Bhathia_01	R407F	353.0	353.0	100000.0	36349.13626315173	20.392072488720896
Bhathia_01	R407F	353.0	353.0	100000.0	37624.240791528864	19.851608159810073
Bhathia_01	R407F	353.0	353.0	100000.0	38944.07517391196	19.302216576285108
Bhathia_01	R407F	353.0	353.0	100000.0	40310.20850506498	18.743081099647693
Bhathia_01	R407F	353.0	353.0	100000.0	41724.264922596594	18.17401879819519
Bhathia_01	R407F	353.0	353.0	100000.0	43187.92553782676	17.594916941748426
Bhathia_01	R407F	353.0	353.0	100000.0	44702.93043438957	17.005689931345024
Bhathia_01	R407F	353.0	353.0	100000.0	46271.08073694302	16.40657599993196
Bhathia_01	R407F	353.0	353.0	100000.0	47894.24075245067	15.797597568932872
Bhathia_01	R407F	353.0	353.0	100000.0	49574.34018657513	15.17785172540808
Bhathia_01	R407F	353.0	353.0	100000.0	51313.376437824336	14.547232797517031
Bhathia_01	R407F	353.0	353.0	100000.0	53113.41697217184	13.905618597253651
Bhathia_01	R407F	353.0	353.0	100000.0	54976.60178098003	13.252913177968152
Bhathia_01	R407F	353.0	353.0	100000.0	56905.14592514396	12.589959969855997
Bhathia_01	R407F	353.0	353.0	100000.0	58901.34216848284	11.915610475907076
Bhathia_01	R407F	353.0	353.0	100000.0	60967.5637035091	11.229482648430519
Bhathia_01	R407F	353.0	353.0	100000.0	63106.2669728156	10.531443338635253
Bhathia_01	R407F	353.0	353.0	100000.0	65319.99458943548	9.821362047537384
Bhathia_01	R407F	353.0	353.0	100000.0	67611.3783596462	9.099493022815421
Bhathia_01	R407F	353.0	353.0	100000.0	69983.14241181171	8.366060757327226
Bhathia_01	R407F	353.0	353.0	100000.0	72438.10643498244	7.619881870119027
Bhathia_01	R407F	353.0	353.0	100000.0	74979.18903110319	6.860802449547404
Bhathia_01	R407F	353.0	353.0	100000.0	77609.41118481442	6.088668157086439
Bhathia_01	R407F	353.0	353.0	100000.0	80331.89985497203	5.303219796130349
Bhathia_01	R407F	353.0	353.0	100000.0	83149.89169215517	4.505414618245281
Bhathia_01	R407F	353.0	353.0	100000.0	86066.7368865822	3.6941801983849296
Bhathia_01	R407F	353.0	353.0	100000.0	89085.903151008	2.8690047299034838
Bhathia_01	R407F	353.0	353.0	100000.0	92210.9798433415	2.0296874727114007
Bhathia_01	R407F	353.0	353.0	100000.0	95445.68223387754	1.175859823941934
Bhathia_01	R407F	353.0	353.0	100000.0	98793.85592222596	0.307814599343844
Bhathia_01	R407F	353.0	353.0	100000.0	102259.48140917791	0.5737455039521902
Bhathia_01	R407F	353.0	353.0	100000.0	105846.67882895643	1.47032918869123
Bhathia_01	R407F	353.0	353.0	100000.0	109559.71284746489	2.382288183479303
Bhathia_01	R407F	353.0	353.0	100000.0	113402.99773236972	3.3098296157073577
Bhathia_01	R407F	353.0	353.0	100000.0	117381.10260103126	4.2531254372971
Bhathia_01	R407F	353.0	353.0	100000.0	121498.75685253605	5.210823568726906
Bhathia_01	R407F	353.0	353.0	100000.0	125760.85579027371	6.184245051250473
Bhathia_01	R407F	353.0	353.0	100000.0	130172.46644175818	7.174052048470539
Bhathia_01	R407F	353.0	353.0	100000.0	134738.83358259665	8.180404448591307
Bhathia_01	R407F	353.0	353.0	100000.0	139465.3859717822	9.20359512175118
Bhathia_01	R407F	353.0	353.0	100000.0	144357.7428057125	10.243259563254734
Bhathia_01	R407F	353.0	353.0	100000.0	149421.7203986127	11.298263664994908
Bhathia_01	R407F	353.0	353.0	100000.0	154663.33909730316	12.37053971125656
Bhathia_01	R407F	353.0	353.0	100000.0	160088.83043853292	13.460319417793613
Bhathia_01	R407F	353.0	353.0	100000.0	165704.6445573877	14.567692083741465
Bhathia_01	R407F	353.0	353.0	100000.0	171517.45785558026	15.692801569189264
Bhathia_01	R407F	353.0	353.0	100000.0	177534.18093873924	16.83383673331321
Bhathia_01	R407F	353.0	353.0	100000.0	183761.96683213356	17.9920031083191
Bhathia_01	R407F	353.0	353.0	100000.0	190208.21948459864	19.16808105471294
Bhathia_01	R407F	353.0	353.0	100000.0	196880.60257077508	20.362178103231656
Bhathia_01	R407F	353.0	353.0	100000.0	203787.04860212465	21.574288236638477
Bhathia_01	R407F	353.0	353.0	100000.0	210935.76835755422	22.803797017276835
Bhathia_01	R407F	353.0	353.0	100000.0	218335.26064486115	24.048807820957986
Bhathia_01	R407F	353.0	353.0	100000.0	225994.32240460056	25.31170070363957
Bhathia_01	R407F	353.0	353.0	100000.0	233922.05916839777	26.59240277972825
Bhathia_01	R407F	353.0	353.0	100000.0	242127.89588411906	27.890839614239717
Bhathia_01	R407F	353.0	353.0	100000.0	250621.58812079762	29.206867871870614
Bhathia_01	R407F	353.0	353.0	100000.0	259413.23366660537	30.537764178803705
Bhathia_01	R407F	353.0	353.0	100000.0	268513.2845336903	31.884627276564565
Bhathia_01	R407F	353.0	353.0	100000.0	277932.5593841194	33.24837569776526
Bhathia_01	R407F	353.0	353.0	100000.0	287682.2563917327	34.62869522359331
Bhathia_01	R407F	353.0	353.0	100000.0	297773.9665551654	36.02537002700341
Bhathia_01	R407F	353.0	353.0	100000.0	308219.6874779006	37.43734241805233
Bhathia_01	R407F	353.0	353.0	100000.0	319031.83763169846	38.861339511040846
Bhathia_01	R407F	353.0	353.0	100000.0	330223.271120397	40.30041824221824
Bhathia_01	R407F	353.0	353.0	100000.0	341807.2929615984	41.754065757517346
Bhathia_01	R407F	353.0	353.0	100000.0	353797.67490444286	43.22191091025647
Bhathia_01	R407F	353.0	353.0	100000.0	366208.67180225096	44.703369691169954
Bhathia_01	R407F	353.0	353.0	100000.0	379055.0385595106	46.194499121153356
Bhathia_01	R407F	353.0	353.0	100000.0	392352.047673353	47.6962631809438
Bhathia_01	R407F	353.0	353.0	100000.0	406115.50739037304	49.20975113087518
Bhathia_01	R407F	353.0	353.0	100000.0	420361.78050037875	50.73435264648568
Bhathia_01	R407F	353.0	353.0	100000.0	435107.80378941365	52.26938276689262
Bhathia_01	R407F	353.0	353.0	100000.0	450371.1081751789	53.813216959245196
Bhathia_01	R407F	353.0	353.0	100000.0	466169.83954879304	55.360933305494356
Bhathia_01	R407F	353.0	353.0	100000.0	482522.7803476675	56.91666326520884
Bhathia_01	R407F	353.0	353.0	100000.0	499449.37188514473	58.479450666213225
Bhathia_01	R407F	353.0	353.0	100000.0	516969.7374634458	60.048667549012706
Bhathia_01	R407F	353.0	353.0	100000.0	535104.7062974056	61.62354231988369
Bhathia_01	R407F	353.0	353.0	100000.0	553875.8382774384	63.199039806846926
Bhathia_01	R407F	353.0	353.0	100000.0	573305.4496011657	64.7760560934274
Bhathia_01	R407F	353.0	353.0	100000.0	593416.6393042037	66.35608459204767
Bhathia_01	R407F	353.0	353.0	100000.0	614233.3167216032	67.93818416136922
Bhathia_01	R407F	353.0	353.0	100000.0	635780.2299126569	69.52154631245105
Bhathia_01	R407F	353.0	353.0	100000.0	658082.9950827911	71.10435158792413
Bhathia_01	R407F	353.0	353.0	100000.0	681168.127037599	72.68015484924815
Bhathia_01	R407F	353.0	353.0	100000.0	705063.0707051408	74.25446440189397
Bhathia_01	R407F	353.0	353.0	100000.0	729796.2337640686	75.82654504024018
Bhathia_01	R407F	353.0	353.0	100000.0	755397.0204162808	77.39573280845214
Bhathia_01	R407F	353.0	353.0	100000.0	781895.866344346	78.9612704443963
Bhathia_01	R407F	353.0	353.0	100000.0	809324.2748951628	80.51747611448715
Bhathia_01	R407F	353.0	353.0	100000.0	837714.8545329691	82.06513184453523
Bhathia_01	R407F	353.0	353.0	100000.0	867101.3576061296	83.60628794791131
Bhathia_01	R407F	353.0	353.0	100000.0	897518.7204738803	85.14040791133864
Bhathia_01	R407F	353.0	353.0	100000.0	929003.1050406658	86.66670530222659
Bhathia_01	R407F	353.0	353.0	100000.0	961591.9417474868	88.18380047015354
Bhathia_01	R407F	353.0	353.0	100000.0	995323.9740713531	89.68424392245181
Bhathia_01	R407F	353.0	353.0	100000.0	1030239.3045857496	91.17511004162156
Bhathia_01	R407F	353.0	353.0	100000.0	1066379.442636875	92.65569932347758
Bhathia_01	R407F	353.0	353.0	100000.0	1103787.3536923314	94.12544712763842
Bhathia_01	R407F	353.0	353.0	100000.0	1142507.5104209343	95.58408681310901
Bhathia_01	R407F	353.0	353.0	100000.0	1182585.945564372	97.02570786027565
Bhathia_01	R407F	353.0	353.0	100000.0	1224070.3066635653	98.45122434509997
Bhathia_01	R407F	353.0	353.0	100000.0	1267009.912704797	99.86385053733156
Bhathia_01	R407F	353.0	353.0	100000.0	1311455.8127529488	101.26304951698577
Bhathia_01	R407F	353.0	353.0	100000.0	1357460.8466415561	102.64858831317102
Bhathia_01	R407F	353.0	353.0	100000.0	1405079.70779183	104.01958485975702
Bhathia_01	R407F	353.0	353.0	100000.0	1454369.008235332	105.36854209161892
Bhathia_01	R407F	353.0	353.0	100000.0	1505387.3459176025	106.70296817982145
Bhathia_01	R407F	353.0	353.0	100000.0	1558195.374362756	108.022636929853
Bhathia_01	R407F	353.0	353.0	100000.0	1612855.874781868	109.32734068797305
Bhathia_01	R407F	353.0	353.0	100000.0	1669433.830710877	110.61691543573733
Bhathia_01	R407F	353.0	353.0	100000.0	1727996.50526674	111.88644614960157
Bhathia_01	R407F	353.0	353.0	100000.0	1788613.5211136676	113.13680448215263
Bhathia_01	R407F	353.0	353.0	100000.0	1851356.9432345594	114.3714233613246
Bhathia_01	R407F	353.0	353.0	100000.0	1916301.3646059704	115.59049088289302
Bhathia_01	R407F	353.0	353.0	100000.0	1983523.9948785233	116.79396029431985
Bhathia_01	R407F	353.0	353.0	100000.0	2053104.7521681644	117.98131965493893
Bhathia_01	R407F	353.0	353.0	100000.0	2125126.3580674017	119.14559442047455
Bhathia_01	R407F	353.0	353.0	100000.0	2199674.4359894753	120.29432548947112
Bhathia_01	R407F	353.0	353.0	100000.0	2276837.6129623787	121.42733576529203
Bhathia_01	R407F	353.0	353.0	100000.0	2356707.6249937494	122.54482234398391
Bhathia_01	R407F	353.0	353.0	100000.0	2439379.426131895	123.64646233895459
Bhathia_01	R407F	353.0	353.0	100000.0	2524951.301352604	124.72870154574397
Bhathia_01	R407F	353.0	353.0	100000.0	2613524.9834059626	125.79173517719806
Bhathia_01	R407F	353.0	353.0	100000.0	2705205.773762079	126.83859754436367
Bhathia_01	R407F	353.0	353.0	100000.0	2800102.6677995026	127.86986836108204
Bhathia_01	R407F	353.0	353.0	100000.0	2898328.4843851826	128.88547034834602
