framework	molecule	T_ads_K	T_des_K	P_ads_Pa	P_des_Pa	SD
Bhathia_01	R407F	283.0	283.0	100000.0	100.0	133.37641931986735
Bhathia_01	R407F	283.0	283.0	100000.0	103.5079362523115	133.37641931986735
Bhathia_01	R407F	283.0	283.0	100000.0	107.13892867212581	133.37641931986735
Bhathia_01	R407F	283.0	283.0	100000.0	110.89729399135348	133.37641931986735
Bhathia_01	R407F	283.0	283.0	100000.0	114.78750037010863	133.37641931986735
Bhathia_01	R407F	283.0	283.0	100000.0	118.81417270871387	133.37641931986735
Bhathia_01	R407F	283.0	283.0	100000.0	122.98209814604685	133.37641931986735
Bhathia_01	R407F	283.0	283.0	100000.0	127.29623175076546	133.37641931986735
Bhathia_01	R407F	283.0	283.0	100000.0	131.76170241217702	133.34909255397866
Bhathia_01	R407F	283.0	283.0	100000.0	136.3838189377566	133.26208972097976
Bhathia_01	R407F	283.0	283.0	100000.0	141.16807636456102	133.17205537677728
Bhathia_01	R407F	283.0	283.0	100000.0	146.12016249204424	133.07888494979585
Bhathia_01	R407F	283.0	283.0	100000.0	151.24596464403913	132.9824762632864
Bhathia_01	R407F	283.0	283.0	100000.0	156.55157666794562	132.88292698985114
Bhathia_01	R407F	283.0	283.0	100000.0	162.04330617944572	132.78025363500674
Bhathia_01	R407F	283.0	283.0	100000.0	167.72768206135862	132.67400516244126
Bhathia_01	R407F	283.0	283.0	100000.0	173.6114622255508	132.56405805812463
Bhathia_01	R407F	283.0	283.0	100000.0	179.70164164712898	132.4568988077247
Bhathia_01	R407F	283.0	283.0	100000.0	186.00546068046754	132.35245932520218
Bhathia_01	R407F	283.0	283.0	100000.0	192.53041366695666	132.24399004977462
Bhathia_01	R407F	283.0	283.0	100000.0	199.28425784470534	132.13177660250415
Bhathia_01	R407F	283.0	283.0	100000.0	206.27502257078967	132.01566096103204
Bhathia_01	R407F	283.0	283.0	100000.0	213.51101886701414	131.89550896467188
Bhathia_01	R407F	283.0	283.0	100000.0	221.00084930052978	131.77134130966905
Bhathia_01	R407F	283.0	283.0	100000.0	228.7534182110594	131.6431220674038
Bhathia_01	R407F	283.0	283.0	100000.0	236.77794229688686	131.51048381558996
Bhathia_01	R407F	283.0	283.0	100000.0	245.08396157219659	131.38403056543382
Bhathia_01	R407F	283.0	283.0	100000.0	253.68135070878884	131.2589665426445
Bhathia_01	R407F	283.0	283.0	100000.0	262.58033077565597	131.12956070425753
Bhathia_01	R407F	283.0	283.0	100000.0	271.7914813903746	130.9957363825446
Bhathia_01	R407F	283.0	283.0	100000.0	281.32575329676206	130.85729994918327
Bhathia_01	R407F	283.0	283.0	100000.0	291.1944813837476	130.71405617215012
Bhathia_01	R407F	283.0	283.0	100000.0	301.4093981609385	130.56609285411793
Bhathia_01	R407F	283.0	283.0	100000.0	311.9826477069	130.41310224688834
Bhathia_01	R407F	283.0	283.0	100000.0	322.92680010673166	130.25529976810842
Bhathia_01	R407F	283.0	283.0	100000.0	334.2548663961052	130.10861764807686
Bhathia_01	R407F	283.0	283.0	100000.0	345.9803140295299	129.96005455722909
Bhathia_01	R407F	283.0	283.0	100000.0	358.11708289123294	129.8063349874381
Bhathia_01	R407F	283.0	283.0	100000.0	370.67960186769494	129.6473626228437
Bhathia_01	R407F	283.0	283.0	100000.0	383.6828060015357	129.48290548858608
Bhathia_01	R407F	283.0	283.0	100000.0	397.1421542471496	129.31301753258788
Bhathia_01	R407F	283.0	283.0	100000.0	411.0736478491962	129.13783258805603
Bhathia_01	R407F	283.0	283.0	100000.0	425.49384936579753	128.95647245369713
Bhathia_01	R407F	283.0	283.0	100000.0	440.41990235905604	128.76864910269774
Bhathia_01	R407F	283.0	283.0	100000.0	455.86955177630426	128.59712793870148
Bhathia_01	R407F	283.0	283.0	100000.0	471.8611650463152	128.4197050565227
Bhathia_01	R407F	283.0	283.0	100000.0	488.41375391555476	128.2362382669639
Bhathia_01	R407F	283.0	283.0	100000.0	505.546997050434	128.0468909921754
Bhathia_01	R407F	283.0	283.0	100000.0	523.2812634324383	127.85177842710648
Bhathia_01	R407F	283.0	283.0	100000.0	541.6376365739385	127.64999145876249
Bhathia_01	R407F	283.0	283.0	100000.0	560.6379395834789	127.4412308057153
Bhathia_01	R407F	283.0	283.0	100000.0	580.30476111034	127.22525771705183
Bhathia_01	R407F	283.0	283.0	100000.0	600.6614821992193	127.00673240755636
Bhathia_01	R407F	283.0	283.0	100000.0	621.7323040869574	126.80458153683033
Bhathia_01	R407F	283.0	283.0	100000.0	643.5422769743552	126.59602609107401
Bhathia_01	R407F	283.0	283.0	100000.0	666.1173298072896	126.38025679465883
Bhathia_01	R407F	283.0	283.0	100000.0	689.4843011025289	126.15702788210612
Bhathia_01	R407F	283.0	283.0	100000.0	713.670970854901	125.9260854871975
Bhathia_01	R407F	283.0	283.0	100000.0	738.7060935637436	125.68806890808047
Bhathia_01	R407F	283.0	283.0	100000.0	764.6194324179003	125.44276697246315
Bhathia_01	R407F	283.0	283.0	100000.0	791.4417946799063	125.1891163224817
Bhathia_01	R407F	283.0	283.0	100000.0	819.2050683114275	124.93796574559323
Bhathia_01	R407F	283.0	283.0	100000.0	847.9422598834972	124.6992093823597
Bhathia_01	R407F	283.0	283.0	100000.0	877.6875338166207	124.45321861566505
Bhathia_01	R407F	283.0	283.0	100000.0	908.4762529973926	124.19903249272411
Bhathia_01	R407F	283.0	283.0	100000.0	940.3450208199293	123.93618787703251
Bhathia_01	R407F	283.0	283.0	100000.0	973.3317247020778	123.66514576261616
Bhathia_01	R407F	283.0	283.0	100000.0	1007.4755811281508	123.38609451899714
Bhathia_01	R407F	283.0	283.0	100000.0	1042.817182271731	123.0979009948304
Bhathia_01	R407F	283.0	283.0	100000.0	1079.3985442539745	122.79997173530649
Bhathia_01	R407F	283.0	283.0	100000.0	1117.2631570947824	122.51243932786599
Bhathia_01	R407F	283.0	283.0	100000.0	1156.4560364162314	122.23374038786854
Bhathia_01	R407F	283.0	283.0	100000.0	1197.023776959721	121.94586656682084
Bhathia_01	R407F	283.0	283.0	100000.0	1239.0146079804795	121.6481952930662
Bhathia_01	R407F	283.0	283.0	100000.0	1282.478450585262	121.34104438722423
Bhathia_01	R407F	283.0	283.0	100000.0	1327.4669770814253	121.02387840601625
Bhathia_01	R407F	283.0	283.0	100000.0	1374.0336724079282	120.69674140388287
Bhathia_01	R407F	283.0	283.0	100000.0	1422.2338977212928	120.3590224126576
Bhathia_01	R407F	283.0	283.0	100000.0	1472.124956212121	120.01064546930972
Bhathia_01	R407F	283.0	283.0	100000.0	1523.766161230411	119.68123444245408
Bhathia_01	R407F	283.0	283.0	100000.0	1577.2189068006678	119.35588532585638
Bhathia_01	R407F	283.0	283.0	100000.0	1632.5467406106395	119.01948687736811
Bhathia_01	R407F	283.0	283.0	100000.0	1689.81543956045	118.67210562091233
Bhathia_01	R407F	283.0	283.0	100000.0	1749.093087961948	118.31382694390601
Bhathia_01	R407F	283.0	283.0	100000.0	1810.45015848124	117.94384876029751
Bhathia_01	R407F	283.0	283.0	100000.0	1873.9595959206342	117.56155347673534
Bhathia_01	R407F	283.0	283.0	100000.0	1939.6969039396042	117.16691434364859
Bhathia_01	R407F	283.0	283.0	100000.0	2007.7402348178655	116.75996644540362
Bhathia_01	R407F	283.0	283.0	100000.0	2078.1704823672853	116.38449301614494
Bhathia_01	R407F	283.0	283.0	100000.0	2151.0713781030845	116.00339897195083
Bhathia_01	R407F	283.0	283.0	100000.0	2226.529590788659	115.61049653868693
Bhathia_01	R407F	283.0	283.0	100000.0	2304.63482947238	115.20501638226739
Bhathia_01	R407F	283.0	283.0	100000.0	2385.479950138839	114.7859978877752
Bhathia_01	R407F	283.0	283.0	100000.0	2469.161066101381	114.35378392008765
Bhathia_01	R407F	283.0	283.0	100000.0	2555.7776622671126	113.90733466841907
Bhathia_01	R407F	283.0	283.0	100000.0	2645.43271341026	113.44592543871175
Bhathia_01	R407F	283.0	283.0	100000.0	2738.2328065944866	112.97282914046727
Bhathia_01	R407F	283.0	283.0	100000.0	2834.2882678897013	112.5418708576226
Bhathia_01	R407F	283.0	283.0	100000.0	2933.7132935340187	112.09632267620592
Bhathia_01	R407F	283.0	283.0	100000.0	3036.6260856967806	111.63742787151851
Bhathia_01	R407F	283.0	283.0	100000.0	3143.1489930040857	111.16310045550635
Bhathia_01	R407F	283.0	283.0	100000.0	3253.4086559938396	110.67258350072717
Bhathia_01	R407F	283.0	283.0	100000.0	3367.536157673288	110.16720235195282
Bhathia_01	R407F	283.0	283.0	100000.0	3485.667179358007	109.64452145622934
Bhathia_01	R407F	283.0	283.0	100000.0	3607.9421619776303	109.10504605909665
Bhathia_01	R407F	283.0	283.0	100000.0	3734.506473040075	108.56317339051387
Bhathia_01	R407F	283.0	283.0	100000.0	3865.5105794527676	108.05902414649493
Bhathia_01	R407F	283.0	283.0	100000.0	4001.1102264063275	107.53890303571043
Bhathia_01	R407F	283.0	283.0	100000.0	4141.466622533378	107.00123665494698
Bhathia_01	R407F	283.0	283.0	100000.0	4286.746631562607	106.4460019100159
Bhathia_01	R407F	283.0	283.0	100000.0	4437.122970695934	105.87234890747091
Bhathia_01	R407F	283.0	283.0	100000.0	4592.774415944617	105.28006735399251
Bhathia_01	R407F	283.0	283.0	100000.0	4753.8860146684265	104.66815958763341
Bhathia_01	R407F	283.0	283.0	100000.0	4920.649305570547	104.03637274115368
Bhathia_01	R407F	283.0	283.0	100000.0	5093.26254640977	103.4158142508224
Bhathia_01	R407F	283.0	283.0	100000.0	5271.9309497006825	102.82637963816786
Bhathia_01	R407F	283.0	283.0	100000.0	5456.8669266820625	102.21738297193714
Bhathia_01	R407F	283.0	283.0	100000.0	5648.290339843539	101.58831608372681
Bhathia_01	R407F	283.0	283.0	100000.0	5846.4287643107255	100.93824496656306
Bhathia_01	R407F	283.0	283.0	100000.0	6051.517758399548	100.26683505094809
Bhathia_01	R407F	283.0	283.0	100000.0	6263.801143661515	99.572999833974
Bhathia_01	R407F	283.0	283.0	100000.0	6483.531294752719	98.85619915739626
Bhathia_01	R407F	283.0	283.0	100000.0	6710.9694394713115	98.11561519367777
Bhathia_01	R407F	283.0	283.0	100000.0	6946.385969320071	97.40591057728106
Bhathia_01	R407F	283.0	283.0	100000.0	7190.06076096333	96.71732441808095
Bhathia_01	R407F	283.0	283.0	100000.0	7442.283508960394	96.00556281135644
Bhathia_01	R407F	283.0	283.0	100000.0	7703.354070171016	95.2699883853414
Bhathia_01	R407F	283.0	283.0	100000.0	7973.582820242459	94.50993628288833
Bhathia_01	R407F	283.0	283.0	100000.0	8253.291022601827	93.72438917726161
Bhathia_01	R407F	283.0	283.0	100000.0	8542.811210392447	92.9127624209581
Bhathia_01	R407F	283.0	283.0	100000.0	8842.487581808335	92.07379263630006
Bhathia_01	R407F	283.0	283.0	100000.0	9152.676409296731	91.2068425308308
Bhathia_01	R407F	283.0	283.0	100000.0	9473.746463115214	90.39881015869976
Bhathia_01	R407F	283.0	283.0	100000.0	9806.07944974691	89.59677079634494
Bhathia_01	R407F	283.0	283.0	100000.0	10150.070465695051	88.76754642262993
Bhathia_01	R407F	283.0	283.0	100000.0	10506.128467196331	87.91055389161811
Bhathia_01	R407F	283.0	283.0	100000.0	10874.676756411529	87.0245174502594
Bhathia_01	R407F	283.0	283.0	100000.0	11256.153484671382	86.10882265562272
Bhathia_01	R407F	283.0	283.0	100000.0	11651.012173375993	85.16208008617114
Bhathia_01	R407F	283.0	283.0	100000.0	12059.722253167078	84.18367673488646
Bhathia_01	R407F	283.0	283.0	100000.0	12482.769622014002	83.17197471962795
Bhathia_01	R407F	283.0	283.0	100000.0	12920.657222877158	82.26003308455337
Bhathia_01	R407F	283.0	283.0	100000.0	13373.905641635398	81.3312348554013
Bhathia_01	R407F	283.0	283.0	100000.0	13843.053725988231	80.3713485464442
Bhathia_01	R407F	283.0	283.0	100000.0	14328.65922606916	79.3786344520569
Bhathia_01	R407F	283.0	283.0	100000.0	14831.299457530586	78.35242542324787
Bhathia_01	R407F	283.0	283.0	100000.0	15351.571987890213	77.29125794989271
Bhathia_01	R407F	283.0	283.0	100000.0	15890.095346953078	76.19404711709909
Bhathia_01	R407F	283.0	283.0	100000.0	16447.509762155743	75.05959565195987
Bhathia_01	R407F	283.0	283.0	100000.0	17024.47791970484	73.90001931301869
Bhathia_01	R407F	283.0	283.0	100000.0	17621.68575241697	72.87093921570055
Bhathia_01	R407F	283.0	283.0	100000.0	18239.84325519438	71.80678462649912
Bhathia_01	R407F	283.0	283.0	100000.0	18879.685329108175	70.70622807749753
Bhathia_01	R407F	283.0	283.0	100000.0	19541.972655090256	69.56809864940098
Bhathia_01	R407F	283.0	283.0	100000.0	20227.49259827501	68.3910689315012
Bhathia_01	R407F	283.0	283.0	100000.0	20937.060144063526	67.17381060125882
Bhathia_01	R407F	283.0	283.0	100000.0	21671.518867025392	65.91492178150423
Bhathia_01	R407F	283.0	283.0	100000.0	22431.741933788304	64.61301177434481
Bhathia_01	R407F	283.0	283.0	100000.0	23218.633141108625	63.32235439742014
Bhathia_01	R407F	283.0	283.0	100000.0	24033.127990356785	62.16072012131629
Bhathia_01	R407F	283.0	283.0	100000.0	24876.194799694935	60.959226407575464
Bhathia_01	R407F	283.0	283.0	100000.0	25748.835855269062	59.71645925585493
Bhathia_01	R407F	283.0	283.0	100000.0	26652.088602784228	58.430940201462626
Bhathia_01	R407F	283.0	283.0	100000.0	27587.026880879475	57.101254086871116
Bhathia_01	R407F	283.0	283.0	100000.0	28554.762197768767	55.72584701231482
Bhathia_01	R407F	283.0	283.0	100000.0	29556.445052665636	54.3030217738444
Bhathia_01	R407F	283.0	283.0	100000.0	30593.266303562625	52.83136926910176
Bhathia_01	R407F	283.0	283.0	100000.0	31666.458582991498	51.428011046487086
Bhathia_01	R407F	283.0	283.0	100000.0	32777.29776344747	50.14423623362325
Bhathia_01	R407F	283.0	283.0	100000.0	33927.104474219595	48.81611728213506
Bhathia_01	R407F	283.0	283.0	100000.0	35117.24567143027	47.44217461952854
Bhathia_01	R407F	283.0	283.0	100000.0	36349.13626315173	46.020772401957544
Bhathia_01	R407F	283.0	283.0	100000.0	37624.240791528864	44.550249835110506
Bhathia_01	R407F	283.0	283.0	100000.0	38944.07517391196	43.02886700429784
Bhathia_01	R407F	283.0	283.0	100000.0	40310.20850506498	41.45482700589818
Bhathia_01	R407F	283.0	283.0	100000.0	41724.264922596594	39.8263201778871
Bhathia_01	R407F	283.0	283.0	100000.0	43187.92553782676	38.350916471175694
Bhathia_01	R407F	283.0	283.0	100000.0	44702.93043438957	36.97188216687491
Bhathia_01	R407F	283.0	283.0	100000.0	46271.08073694302	35.54498928739116
Bhathia_01	R407F	283.0	283.0	100000.0	47894.24075245067	34.068559247635335
Bhathia_01	R407F	283.0	283.0	100000.0	49574.34018657513	32.54079010929402
Bhathia_01	R407F	283.0	283.0	100000.0	51313.376437824336	30.95975299961123
Bhathia_01	R407F	283.0	283.0	100000.0	53113.41697217184	29.32354135139158
Bhathia_01	R407F	283.0	283.0	100000.0	54976.60178098003	27.630083538079788
Bhathia_01	R407F	283.0	283.0	100000.0	56905.14592514396	25.877322850814192
Bhathia_01	R407F	283.0	283.0	100000.0	58901.34216848284	24.393721997815092
Bhathia_01	R407F	283.0	283.0	100000.0	60967.5637035091	22.962594182229406
Bhathia_01	R407F	283.0	283.0	100000.0	63106.2669728156	21.48125326193584
Bhathia_01	R407F	283.0	283.0	100000.0	65319.99458943548	19.947857993169713
Bhathia_01	R407F	283.0	283.0	100000.0	67611.3783596462	18.3603314760079
Bhathia_01	R407F	283.0	283.0	100000.0	69983.14241181171	16.716663236537734
Bhathia_01	R407F	283.0	283.0	100000.0	72438.10643498244	15.014498512058111
Bhathia_01	R407F	283.0	283.0	100000.0	74979.18903110319	13.251649346391124
Bhathia_01	R407F	283.0	283.0	100000.0	77609.41118481442	11.425755547471642
Bhathia_01	R407F	283.0	283.0	100000.0	80331.89985497203	10.011358013312794
Bhathia_01	R407F	283.0	283.0	100000.0	83149.89169215517	8.58025001187804
Bhathia_01	R407F	283.0	283.0	100000.0	86066.7368865822	7.098067203230849
Bhathia_01	R407F	283.0	283.0	100000.0	89085.903151008	5.562719587841152
Bhathia_01	R407F	283.0	283.0	100000.0	92210.9798433415	3.9721770776160654
Bhathia_01	R407F	283.0	283.0	100000.0	95445.68223387754	2.3240254841015777
Bhathia_01	R407F	283.0	283.0	100000.0	98793.85592222596	0.6159090937933159
Bhathia_01	R407F	283.0	283.0	100000.0	102259.48140917791	1.1546744007383227
Bhathia_01	R407F	283.0	283.0	100000.0	105846.67882895643	2.9303384711123317
Bhathia_01	R407F	283.0	283.0	100000.0	109559.71284746489	4.262441248910854
Bhathia_01	R407F	283.0	283.0	100000.0	113402.99773236972	5.6429689269228325
Bhathia_01	R407F	283.0	283.0	100000.0	117381.10260103126	7.073858276735024
Bhathia_01	R407F	283.0	283.0	100000.0	121498.75685253605	8.557202629945971
Bhathia_01	R407F	283.0	283.0	100000.0	125760.85579027371	10.095105194908847
Bhathia_01	R407F	283.0	283.0	100000.0	130172.46644175818	11.690106403123139
Bhathia_01	R407F	283.0	283.0	100000.0	134738.83358259665	13.3445351687611
Bhathia_01	R407F	283.0	283.0	100000.0	139465.3859717822	15.061073204786046
Bhathia_01	R407F	283.0	283.0	100000.0	144357.7428057125	16.678078810139613
Bhathia_01	R407F	283.0	283.0	100000.0	149421.7203986127	17.923626355478454
Bhathia_01	R407F	283.0	283.0	100000.0	154663.33909730316	19.215327965089628
Bhathia_01	R407F	283.0	283.0	100000.0	160088.83043853292	20.555094879698757
Bhathia_01	R407F	283.0	283.0	100000.0	165704.6445573877	21.94503633049643
Bhathia_01	R407F	283.0	283.0	100000.0	171517.45785558026	23.38716845184503
Bhathia_01	R407F	283.0	283.0	100000.0	177534.18093873924	24.88398569879917
Bhathia_01	R407F	283.0	283.0	100000.0	183761.96683213356	26.437838705529888
Bhathia_01	R407F	283.0	283.0	100000.0	190208.21948459864	28.051216000380297
Bhathia_01	R407F	283.0	283.0	100000.0	196880.60257077508	29.46349282422762
Bhathia_01	R407F	283.0	283.0	100000.0	203787.04860212465	30.603016535803604
Bhathia_01	R407F	283.0	283.0	100000.0	210935.76835755422	31.785015157531273
Bhathia_01	R407F	283.0	283.0	100000.0	218335.26064486115	33.0110887207762
Bhathia_01	R407F	283.0	283.0	100000.0	225994.32240460056	34.2827162669096
Bhathia_01	R407F	283.0	283.0	100000.0	233922.05916839777	35.60095198965577
Bhathia_01	R407F	283.0	283.0	100000.0	242127.89588411906	36.90367936986767
Bhathia_01	R407F	283.0	283.0	100000.0	250621.58812079762	36.90367936986767
Bhathia_01	R407F	283.0	283.0	100000.0	259413.23366660537	36.90367936986767
Bhathia_01	R407F	283.0	283.0	100000.0	268513.2845336903	36.90367936986767
Bhathia_01	R407F	283.0	283.0	100000.0	277932.5593841194	36.90367936986767
Bhathia_01	R407F	283.0	283.0	100000.0	287682.2563917327	36.90367936986767
Bhathia_01	R407F	283.0	283.0	100000.0	297773.9665551654	36.90367936986767
Bhathia_01	R407F	283.0	283.0	100000.0	308219.6874779006	36.90367936986767
Bhathia_01	R407F	283.0	283.0	100000.0	319031.83763169846	36.90367936986767
Bhathia_01	R407F	283.0	283.0	100000.0	330223.271120397	36.90367936986767
Bhathia_01	R407F	283.0	283.0	100000.0	341807.2929615984	36.90367936986767
Bhathia_01	R407F	283.0	283.0	100000.0	353797.67490444286	36.90367936986767
Bhathia_01	R407F	283.0	283.0	100000.0	366208.67180225096	36.90367936986767
Bhathia_01	R407F	283.0	283.0	100000.0	379055.0385595106	36.90367936986767
Bhathia_01	R407F	283.0	283.0	100000.0	392352.047673353	36.90367936986767
Bhathia_01	R407F	283.0	283.0	100000.0	406115.50739037304	36.90367936986767
Bhathia_01	R407F	283.0	283.0	100000.0	420361.78050037875	36.90367936986767
Bhathia_01	R407F	283.0	283.0	100000.0	435107.80378941365	36.90367936986767
Bhathia_01	R407F	283.0	283.0	100000.0	450371.1081751789	36.90367936986767
Bhathia_01	R407F	283.0	283.0	100000.0	466169.83954879304	36.90367936986767
Bhathia_01	R407F	283.0	283.0	100000.0	482522.7803476675	36.90367936986767
Bhathia_01	R407F	283.0	283.0	100000.0	499449.37188514473	36.90367936986767
Bhathia_01	R407F	283.0	283.0	100000.0	516969.7374634458	36.90367936986767
Bhathia_01	R407F	283.0	283.0	100000.0	535104.7062974056	36.90367936986767
Bhathia_01	R407F	283.0	283.0	100000.0	553875.8382774384	36.90367936986767
Bhathia_01	R407F	283.0	283.0	100000.0	573305.4496011657	36.90367936986767
Bhathia_01	R407F	283.0	283.0	100000.0	593416.6393042037	36.90367936986767
Bhathia_01	R407F	283.0	283.0	100000.0	614233.3167216032	36.90367936986767
Bhathia_01	R407F	283.0	283.0	100000.0	635780.2299126569	36.90367936986767
Bhathia_01	R407F	283.0	283.0	100000.0	658082.9950827911	36.90367936986767
Bhathia_01	R407F	283.0	283.0	100000.0	681168.127037599	36.90367936986767
Bhathia_01	R407F	283.0	283.0	100000.0	705063.0707051408	36.90367936986767
Bhathia_01	R407F	283.0	283.0	100000.0	729796.2337640686	36.90367936986767
Bhathia_01	R407F	283.0	283.0	100000.0	755397.0204162808	36.90367936986767
Bhathia_01	R407F	283.0	283.0	100000.0	781895.866344346	36.90367936986767
Bhathia_01	R407F	283.0	283.0	100000.0	809324.2748951628	36.90367936986767
Bhathia_01	R407F	283.0	283.0	100000.0	837714.8545329691	36.90367936986767
Bhathia_01	R407F	283.0	283.0	100000.0	867101.3576061296	36.90367936986767
Bhathia_01	R407F	283.0	283.0	100000.0	897518.7204738803	36.90367936986767
Bhathia_01	R407F	283.0	283.0	100000.0	929003.1050406658	36.90367936986767
Bhathia_01	R407F	283.0	283.0	100000.0	961591.9417474868	36.90367936986767
Bhathia_01	R407F	283.0	283.0	100000.0	995323.9740713531	36.90367936986767
Bhathia_01	R407F	283.0	283.0	100000.0	1030239.3045857496	36.90367936986767
Bhathia_01	R407F	283.0	283.0	100000.0	1066379.442636875	36.90367936986767
Bhathia_01	R407F	283.0	283.0	100000.0	1103787.3536923314	36.90367936986767
Bhathia_01	R407F	283.0	283.0	100000.0	1142507.5104209343	36.90367936986767
Bhathia_01	R407F	283.0	283.0	100000.0	1182585.945564372	36.90367936986767
Bhathia_01	R407F	283.0	283.0	100000.0	1224070.3066635653	36.90367936986767
Bhathia_01	R407F	283.0	283.0	100000.0	1267009.912704797	36.90367936986767
Bhathia_01	R407F	283.0	283.0	100000.0	1311455.8127529488	36.90367936986767
Bhathia_01	R407F	283.0	283.0	100000.0	1357460.8466415561	36.90367936986767
Bhathia_01	R407F	283.0	283.0	100000.0	1405079.70779183	36.90367936986767
Bhathia_01	R407F	283.0	283.0	100000.0	1454369.008235332	36.90367936986767
Bhathia_01	R407F	283.0	283.0	100000.0	1505387.3459176025	36.90367936986767
Bhathia_01	R407F	283.0	283.0	100000.0	1558195.374362756	36.90367936986767
Bhathia_01	R407F	283.0	283.0	100000.0	1612855.874781868	36.90367936986767
Bhathia_01	R407F	283.0	283.0	100000.0	1669433.830710877	36.90367936986767
Bhathia_01	R407F	283.0	283.0	100000.0	1727996.50526674	36.90367936986767
Bhathia_01	R407F	283.0	283.0	100000.0	1788613.5211136676	36.90367936986767
Bhathia_01	R407F	283.0	283.0	100000.0	1851356.9432345594	36.90367936986767
Bhathia_01	R407F	283.0	283.0	100000.0	1916301.3646059704	36.90367936986767
Bhathia_01	R407F	283.0	283.0	100000.0	1983523.9948785233	36.90367936986767
Bhathia_01	R407F	283.0	283.0	100000.0	2053104.7521681644	36.90367936986767
Bhathia_01	R407F	283.0	283.0	100000.0	2125126.3580674017	36.90367936986767
Bhathia_01	R407F	283.0	283.0	100000.0	2199674.4359894753	36.90367936986767
Bhathia_01	R407F	283.0	283.0	100000.0	2276837.6129623787	36.90367936986767
Bhathia_01	R407F	283.0	283.0	100000.0	2356707.6249937494	36.90367936986767
Bhathia_01	R407F	283.0	283.0	100000.0	2439379.426131895	36.90367936986767
Bhathia_01	R407F	283.0	283.0	100000.0	2524951.301352604	36.90367936986767
Bhathia_01	R407F	283.0	283.0	100000.0	2613524.9834059626	36.90367936986767
Bhathia_01	R407F	283.0	283.0	100000.0	2705205.773762079	36.90367936986767
Bhathia_01	R407F	283.0	283.0	100000.0	2800102.6677995026	36.90367936986767
Bhathia_01	R407F	283.0	283.0	100000.0	2898328.4843851826	36.90367936986767
Bhathia_01	R407F	283.0	303.0	100000.0	100.0	133.37641931986735
Bhathia_01	R407F	283.0	303.0	100000.0	103.5079362523115	133.37641931986735
Bhathia_01	R407F	283.0	303.0	100000.0	107.13892867212581	133.37641931986735
Bhathia_01	R407F	283.0	303.0	100000.0	110.89729399135348	133.37641931986735
Bhathia_01	R407F	283.0	303.0	100000.0	114.78750037010863	133.37641931986735
Bhathia_01	R407F	283.0	303.0	100000.0	118.81417270871387	133.37641931986735
Bhathia_01	R407F	283.0	303.0	100000.0	122.98209814604685	133.37641931986735
Bhathia_01	R407F	283.0	303.0	100000.0	127.29623175076546	133.37641931986735
Bhathia_01	R407F	283.0	303.0	100000.0	131.76170241217702	133.37641931986735
Bhathia_01	R407F	283.0	303.0	100000.0	136.3838189377566	133.37641931986735
Bhathia_01	R407F	283.0	303.0	100000.0	141.16807636456102	133.37641931986735
Bhathia_01	R407F	283.0	303.0	100000.0	146.12016249204424	133.37641931986735
Bhathia_01	R407F	283.0	303.0	100000.0	151.24596464403913	133.37641931986735
Bhathia_01	R407F	283.0	303.0	100000.0	156.55157666794562	133.37641931986735
Bhathia_01	R407F	283.0	303.0	100000.0	162.04330617944572	133.37641931986735
Bhathia_01	R407F	283.0	303.0	100000.0	167.72768206135862	133.37641931986735
Bhathia_01	R407F	283.0	303.0	100000.0	173.6114622255508	133.37641931986735
Bhathia_01	R407F	283.0	303.0	100000.0	179.70164164712898	133.37641931986735
Bhathia_01	R407F	283.0	303.0	100000.0	186.00546068046754	133.37641931986735
Bhathia_01	R407F	283.0	303.0	100000.0	192.53041366695666	133.37641931986735
Bhathia_01	R407F	283.0	303.0	100000.0	199.28425784470534	133.37641931986735
Bhathia_01	R407F	283.0	303.0	100000.0	206.27502257078967	133.37641931986735
Bhathia_01	R407F	283.0	303.0	100000.0	213.51101886701414	133.37641931986735
Bhathia_01	R407F	283.0	303.0	100000.0	221.00084930052978	133.37641931986735
Bhathia_01	R407F	283.0	303.0	100000.0	228.7534182110594	133.37641931986735
Bhathia_01	R407F	283.0	303.0	100000.0	236.77794229688686	133.37641931986735
Bhathia_01	R407F	283.0	303.0	100000.0	245.08396157219659	133.37641931986735
Bhathia_01	R407F	283.0	303.0	100000.0	253.68135070878884	133.37641931986735
Bhathia_01	R407F	283.0	303.0	100000.0	262.58033077565597	133.37641931986735
Bhathia_01	R407F	283.0	303.0	100000.0	271.7914813903746	133.37641931986735
Bhathia_01	R407F	283.0	303.0	100000.0	281.32575329676206	133.37641931986735
Bhathia_01	R407F	283.0	303.0	100000.0	291.1944813837476	133.37641931986735
Bhathia_01	R407F	283.0	303.0	100000.0	301.4093981609385	133.37641931986735
Bhathia_01	R407F	283.0	303.0	100000.0	311.9826477069	133.37641931986735
Bhathia_01	R407F	283.0	303.0	100000.0	322.92680010673166	133.37641931986735
Bhathia_01	R407F	283.0	303.0	100000.0	334.2548663961052	133.37641931986735
Bhathia_01	R407F	283.0	303.0	100000.0	345.9803140295299	133.37641931986735
Bhathia_01	R407F	283.0	303.0	100000.0	358.11708289123294	133.37641931986735
Bhathia_01	R407F	283.0	303.0	100000.0	370.67960186769494	133.37641931986735
Bhathia_01	R407F	283.0	303.0	100000.0	383.6828060015357	133.37641931986735
Bhathia_01	R407F	283.0	303.0	100000.0	397.1421542471496	133.37641931986735
Bhathia_01	R407F	283.0	303.0	100000.0	411.0736478491962	133.37641931986735
Bhathia_01	R407F	283.0	303.0	100000.0	425.49384936579753	133.37641931986735
Bhathia_01	R407F	283.0	303.0	100000.0	440.41990235905604	133.37641931986735
Bhathia_01	R407F	283.0	303.0	100000.0	455.86955177630426	133.27412261133315
Bhathia_01	R407F	283.0	303.0	100000.0	471.8611650463152	133.16602156488807
Bhathia_01	R407F	283.0	303.0	100000.0	488.41375391555476	133.05549260892087
Bhathia_01	R407F	283.0	303.0	100000.0	505.546997050434	132.942441701394
Bhathia_01	R407F	283.0	303.0	100000.0	523.2812634324383	132.82722679502677
Bhathia_01	R407F	283.0	303.0	100000.0	541.6376365739385	132.709442367784
Bhathia_01	R407F	283.0	303.0	100000.0	560.6379395834789	132.5888988768671
Bhathia_01	R407F	283.0	303.0	100000.0	580.30476111034	132.46556861300843
Bhathia_01	R407F	283.0	303.0	100000.0	600.6614821992193	132.3389339527676
Bhathia_01	R407F	283.0	303.0	100000.0	621.7323040869574	132.20891618673758
Bhathia_01	R407F	283.0	303.0	100000.0	643.5422769743552	132.0758891545039
Bhathia_01	R407F	283.0	303.0	100000.0	666.1173298072896	131.93977403594326
Bhathia_01	R407F	283.0	303.0	100000.0	689.4843011025289	131.80056279637347
Bhathia_01	R407F	283.0	303.0	100000.0	713.670970854901	131.6586810375032
Bhathia_01	R407F	283.0	303.0	100000.0	738.7060935637436	131.51362551141455
Bhathia_01	R407F	283.0	303.0	100000.0	764.6194324179003	131.3652951569855
Bhathia_01	R407F	283.0	303.0	100000.0	791.4417946799063	131.21383989117956
Bhathia_01	R407F	283.0	303.0	100000.0	819.2050683114275	131.05892989957957
Bhathia_01	R407F	283.0	303.0	100000.0	847.9422598834972	130.90060309512987
Bhathia_01	R407F	283.0	303.0	100000.0	877.6875338166207	130.73885305183654
Bhathia_01	R407F	283.0	303.0	100000.0	908.4762529973926	130.57363633404373
Bhathia_01	R407F	283.0	303.0	100000.0	940.3450208199293	130.40481195448604
Bhathia_01	R407F	283.0	303.0	100000.0	973.3317247020778	130.23277009357216
Bhathia_01	R407F	283.0	303.0	100000.0	1007.4755811281508	130.05726332897157
Bhathia_01	R407F	283.0	303.0	100000.0	1042.817182271731	129.87797198803955
Bhathia_01	R407F	283.0	303.0	100000.0	1079.3985442539745	129.69476882586244
Bhathia_01	R407F	283.0	303.0	100000.0	1117.2631570947824	129.50748612114688
Bhathia_01	R407F	283.0	303.0	100000.0	1156.4560364162314	129.31625723309315
Bhathia_01	R407F	283.0	303.0	100000.0	1197.023776959721	129.12142688846706
Bhathia_01	R407F	283.0	303.0	100000.0	1239.0146079804795	128.92199776253875
Bhathia_01	R407F	283.0	303.0	100000.0	1282.478450585262	128.71806500463575
Bhathia_01	R407F	283.0	303.0	100000.0	1327.4669770814253	128.5096023779
Bhathia_01	R407F	283.0	303.0	100000.0	1374.0336724079282	128.2965691930675
Bhathia_01	R407F	283.0	303.0	100000.0	1422.2338977212928	128.07919374682
Bhathia_01	R407F	283.0	303.0	100000.0	1472.124956212121	127.85802077387805
Bhathia_01	R407F	283.0	303.0	100000.0	1523.766161230411	127.63231554781261
Bhathia_01	R407F	283.0	303.0	100000.0	1577.2189068006678	127.40177300956415
Bhathia_01	R407F	283.0	303.0	100000.0	1632.5467406106395	127.16615170224107
Bhathia_01	R407F	283.0	303.0	100000.0	1689.81543956045	126.92562373595945
Bhathia_01	R407F	283.0	303.0	100000.0	1749.093087961948	126.68205424164678
Bhathia_01	R407F	283.0	303.0	100000.0	1810.45015848124	126.43318464775449
Bhathia_01	R407F	283.0	303.0	100000.0	1873.9595959206342	126.17925834151626
Bhathia_01	R407F	283.0	303.0	100000.0	1939.6969039396042	125.91980656887326
Bhathia_01	R407F	283.0	303.0	100000.0	2007.7402348178655	125.65585282055689
Bhathia_01	R407F	283.0	303.0	100000.0	2078.1704823672853	125.38711294924758
Bhathia_01	R407F	283.0	303.0	100000.0	2151.0713781030845	125.1126630112455
Bhathia_01	R407F	283.0	303.0	100000.0	2226.529590788659	124.83264628284353
Bhathia_01	R407F	283.0	303.0	100000.0	2304.63482947238	124.54766862410514
Bhathia_01	R407F	283.0	303.0	100000.0	2385.479950138839	124.25738191334241
Bhathia_01	R407F	283.0	303.0	100000.0	2469.161066101381	123.96112063918783
Bhathia_01	R407F	283.0	303.0	100000.0	2555.7776622671126	123.65947240426037
Bhathia_01	R407F	283.0	303.0	100000.0	2645.43271341026	123.35303862854549
Bhathia_01	R407F	283.0	303.0	100000.0	2738.2328065944866	123.04113739772816
Bhathia_01	R407F	283.0	303.0	100000.0	2834.2882678897013	122.72286410904276
Bhathia_01	R407F	283.0	303.0	100000.0	2933.7132935340187	122.39952560210472
Bhathia_01	R407F	283.0	303.0	100000.0	3036.6260856967806	122.07013518024031
Bhathia_01	R407F	283.0	303.0	100000.0	3143.1489930040857	121.73414267774425
Bhathia_01	R407F	283.0	303.0	100000.0	3253.4086559938396	121.39216211615897
Bhathia_01	R407F	283.0	303.0	100000.0	3367.536157673288	121.04424803358276
Bhathia_01	R407F	283.0	303.0	100000.0	3485.667179358007	120.69017422825429
Bhathia_01	R407F	283.0	303.0	100000.0	3607.9421619776303	120.32960468171052
Bhathia_01	R407F	283.0	303.0	100000.0	3734.506473040075	119.96268256252701
Bhathia_01	R407F	283.0	303.0	100000.0	3865.5105794527676	119.589235770447
Bhathia_01	R407F	283.0	303.0	100000.0	4001.1102264063275	119.210535276189
Bhathia_01	R407F	283.0	303.0	100000.0	4141.466622533378	118.8247267591342
Bhathia_01	R407F	283.0	303.0	100000.0	4286.746631562607	118.43198464223211
Bhathia_01	R407F	283.0	303.0	100000.0	4437.122970695934	118.03254450219373
Bhathia_01	R407F	283.0	303.0	100000.0	4592.774415944617	117.62547605375504
Bhathia_01	R407F	283.0	303.0	100000.0	4753.8860146684265	117.21146073892483
Bhathia_01	R407F	283.0	303.0	100000.0	4920.649305570547	116.79091434983924
Bhathia_01	R407F	283.0	303.0	100000.0	5093.26254640977	116.36306374526158
Bhathia_01	R407F	283.0	303.0	100000.0	5271.9309497006825	115.92747714410189
Bhathia_01	R407F	283.0	303.0	100000.0	5456.8669266820625	115.48509106892213
Bhathia_01	R407F	283.0	303.0	100000.0	5648.290339843539	115.03479326232096
Bhathia_01	R407F	283.0	303.0	100000.0	5846.4287643107255	114.57727437384692
Bhathia_01	R407F	283.0	303.0	100000.0	6051.517758399548	114.11235660656689
Bhathia_01	R407F	283.0	303.0	100000.0	6263.801143661515	113.63866497544741
Bhathia_01	R407F	283.0	303.0	100000.0	6483.531294752719	113.15690331466529
Bhathia_01	R407F	283.0	303.0	100000.0	6710.9694394713115	112.66744969683124
Bhathia_01	R407F	283.0	303.0	100000.0	6946.385969320071	112.16927999040689
Bhathia_01	R407F	283.0	303.0	100000.0	7190.06076096333	111.66415273132505
Bhathia_01	R407F	283.0	303.0	100000.0	7442.283508960394	111.15011022515804
Bhathia_01	R407F	283.0	303.0	100000.0	7703.354070171016	110.62664473988853
Bhathia_01	R407F	283.0	303.0	100000.0	7973.582820242459	110.09527845978519
Bhathia_01	R407F	283.0	303.0	100000.0	8253.291022601827	109.55398145714516
Bhathia_01	R407F	283.0	303.0	100000.0	8542.811210392447	109.00521404620525
Bhathia_01	R407F	283.0	303.0	100000.0	8842.487581808335	108.44709433007355
Bhathia_01	R407F	283.0	303.0	100000.0	9152.676409296731	107.87959599324017
Bhathia_01	R407F	283.0	303.0	100000.0	9473.746463115214	107.30285865462665
Bhathia_01	R407F	283.0	303.0	100000.0	9806.07944974691	106.71605096360206
Bhathia_01	R407F	283.0	303.0	100000.0	10150.070465695051	106.12016557110962
Bhathia_01	R407F	283.0	303.0	100000.0	10506.128467196331	105.51489918961096
Bhathia_01	R407F	283.0	303.0	100000.0	10874.676756411529	104.899768961554
Bhathia_01	R407F	283.0	303.0	100000.0	11256.153484671382	104.27432694920066
Bhathia_01	R407F	283.0	303.0	100000.0	11651.012173375993	103.63869961271507
Bhathia_01	R407F	283.0	303.0	100000.0	12059.722253167078	102.99235885444618
Bhathia_01	R407F	283.0	303.0	100000.0	12482.769622014002	102.33665631378142
Bhathia_01	R407F	283.0	303.0	100000.0	12920.657222877158	101.6703402956023
Bhathia_01	R407F	283.0	303.0	100000.0	13373.905641635398	100.99298696543006
Bhathia_01	R407F	283.0	303.0	100000.0	13843.053725988231	100.3046768421061
Bhathia_01	R407F	283.0	303.0	100000.0	14328.65922606916	99.60495790083841
Bhathia_01	R407F	283.0	303.0	100000.0	14831.299457530586	98.89448625050963
Bhathia_01	R407F	283.0	303.0	100000.0	15351.571987890213	98.1733244978946
Bhathia_01	R407F	283.0	303.0	100000.0	15890.095346953078	97.44035639079112
Bhathia_01	R407F	283.0	303.0	100000.0	16447.509762155743	96.6956198568674
Bhathia_01	R407F	283.0	303.0	100000.0	17024.47791970484	95.93862857394316
Bhathia_01	R407F	283.0	303.0	100000.0	17621.68575241697	95.16938450845657
Bhathia_01	R407F	283.0	303.0	100000.0	18239.84325519438	94.38934414176828
Bhathia_01	R407F	283.0	303.0	100000.0	18879.685329108175	93.5969007001129
Bhathia_01	R407F	283.0	303.0	100000.0	19541.972655090256	92.79177259497031
Bhathia_01	R407F	283.0	303.0	100000.0	20227.49259827501	91.97355462003893
Bhathia_01	R407F	283.0	303.0	100000.0	20937.060144063526	91.14225786252388
Bhathia_01	R407F	283.0	303.0	100000.0	21671.518867025392	90.29828872155335
Bhathia_01	R407F	283.0	303.0	100000.0	22431.741933788304	89.44215742115365
Bhathia_01	R407F	283.0	303.0	100000.0	23218.633141108625	88.57219701355194
Bhathia_01	R407F	283.0	303.0	100000.0	24033.127990356785	87.68855308919068
Bhathia_01	R407F	283.0	303.0	100000.0	24876.194799694935	86.79065703145093
Bhathia_01	R407F	283.0	303.0	100000.0	25748.835855269062	85.87871321717469
Bhathia_01	R407F	283.0	303.0	100000.0	26652.088602784228	84.95401254551871
Bhathia_01	R407F	283.0	303.0	100000.0	27587.026880879475	84.01522328018773
Bhathia_01	R407F	283.0	303.0	100000.0	28554.762197768767	83.06140455102074
Bhathia_01	R407F	283.0	303.0	100000.0	29556.445052665636	82.09285124266356
Bhathia_01	R407F	283.0	303.0	100000.0	30593.266303562625	81.10861128886317
Bhathia_01	R407F	283.0	303.0	100000.0	31666.458582991498	80.1101961051527
Bhathia_01	R407F	283.0	303.0	100000.0	32777.29776344747	79.09754948361848
Bhathia_01	R407F	283.0	303.0	100000.0	33927.104474219595	78.06929378773675
Bhathia_01	R407F	283.0	303.0	100000.0	35117.24567143027	77.0250924606216
Bhathia_01	R407F	283.0	303.0	100000.0	36349.13626315173	75.96471837674449
Bhathia_01	R407F	283.0	303.0	100000.0	37624.240791528864	74.88809945300166
Bhathia_01	R407F	283.0	303.0	100000.0	38944.07517391196	73.797238748908
Bhathia_01	R407F	283.0	303.0	100000.0	40310.20850506498	72.69020546657275
Bhathia_01	R407F	283.0	303.0	100000.0	41724.264922596594	71.56659356754498
Bhathia_01	R407F	283.0	303.0	100000.0	43187.92553782676	70.42604274019548
Bhathia_01	R407F	283.0	303.0	100000.0	44702.93043438957	69.26849019882245
Bhathia_01	R407F	283.0	303.0	100000.0	46271.08073694302	68.09483490685713
Bhathia_01	R407F	283.0	303.0	100000.0	47894.24075245067	66.90599206606106
Bhathia_01	R407F	283.0	303.0	100000.0	49574.34018657513	65.69990270631452
Bhathia_01	R407F	283.0	303.0	100000.0	51313.376437824336	64.47650044550453
Bhathia_01	R407F	283.0	303.0	100000.0	53113.41697217184	63.23572175348443
Bhathia_01	R407F	283.0	303.0	100000.0	54976.60178098003	61.97750749154586
Bhathia_01	R407F	283.0	303.0	100000.0	56905.14592514396	60.70469930142563
Bhathia_01	R407F	283.0	303.0	100000.0	58901.34216848284	59.415225069584544
Bhathia_01	R407F	283.0	303.0	100000.0	60967.5637035091	58.108405189814974
Bhathia_01	R407F	283.0	303.0	100000.0	63106.2669728156	56.78438875625688
Bhathia_01	R407F	283.0	303.0	100000.0	65319.99458943548	55.44319653880605
Bhathia_01	R407F	283.0	303.0	100000.0	67611.3783596462	54.086012678100275
Bhathia_01	R407F	283.0	303.0	100000.0	69983.14241181171	52.71488353068431
Bhathia_01	R407F	283.0	303.0	100000.0	72438.10643498244	51.32715384641061
Bhathia_01	R407F	283.0	303.0	100000.0	74979.18903110319	49.92312771479003
Bhathia_01	R407F	283.0	303.0	100000.0	77609.41118481442	48.5030053379962
Bhathia_01	R407F	283.0	303.0	100000.0	80331.89985497203	47.067117487974244
Bhathia_01	R407F	283.0	303.0	100000.0	83149.89169215517	45.619338900732814
Bhathia_01	R407F	283.0	303.0	100000.0	86066.7368865822	44.15759071235712
Bhathia_01	R407F	283.0	303.0	100000.0	89085.903151008	42.681271984373026
Bhathia_01	R407F	283.0	303.0	100000.0	92210.9798433415	41.19079146174969
Bhathia_01	R407F	283.0	303.0	100000.0	95445.68223387754	39.686727509717635
Bhathia_01	R407F	283.0	303.0	100000.0	98793.85592222596	38.17093892559068
Bhathia_01	R407F	283.0	303.0	100000.0	102259.48140917791	36.6465762952312
Bhathia_01	R407F	283.0	303.0	100000.0	105846.67882895643	35.11052394077436
Bhathia_01	R407F	283.0	303.0	100000.0	109559.71284746489	33.56341246688386
Bhathia_01	R407F	283.0	303.0	100000.0	113402.99773236972	32.00576510393692
Bhathia_01	R407F	283.0	303.0	100000.0	117381.10260103126	30.43826500296246
Bhathia_01	R407F	283.0	303.0	100000.0	121498.75685253605	28.86613302672698
Bhathia_01	R407F	283.0	303.0	100000.0	125760.85579027371	27.287209250762118
Bhathia_01	R407F	283.0	303.0	100000.0	130172.46644175818	25.700805486800324
Bhathia_01	R407F	283.0	303.0	100000.0	134738.83358259665	24.107778884814348
Bhathia_01	R407F	283.0	303.0	100000.0	139465.3859717822	22.508937889519046
Bhathia_01	R407F	283.0	303.0	100000.0	144357.7428057125	20.906802585672512
Bhathia_01	R407F	283.0	303.0	100000.0	149421.7203986127	19.305791954932083
Bhathia_01	R407F	283.0	303.0	100000.0	154663.33909730316	17.701581912448543
Bhathia_01	R407F	283.0	303.0	100000.0	160088.83043853292	16.09491232560235
Bhathia_01	R407F	283.0	303.0	100000.0	165704.6445573877	14.486500144190398
Bhathia_01	R407F	283.0	303.0	100000.0	171517.45785558026	12.877216628585765
Bhathia_01	R407F	283.0	303.0	100000.0	177534.18093873924	11.273470353781562
Bhathia_01	R407F	283.0	303.0	100000.0	183761.96683213356	9.672916722141762
Bhathia_01	R407F	283.0	303.0	100000.0	190208.21948459864	8.074402636465447
Bhathia_01	R407F	283.0	303.0	100000.0	196880.60257077508	6.478760602751911
Bhathia_01	R407F	283.0	303.0	100000.0	203787.04860212465	4.886652771426489
Bhathia_01	R407F	283.0	303.0	100000.0	210935.76835755422	3.300595156920503
Bhathia_01	R407F	283.0	303.0	100000.0	218335.26064486115	1.7258710745483172
Bhathia_01	R407F	283.0	303.0	100000.0	225994.32240460056	0.15692027347859328
Bhathia_01	R407F	283.0	303.0	100000.0	233922.05916839777	1.405649032296027
Bhathia_01	R407F	283.0	303.0	100000.0	242127.89588411906	2.9610713347948248
Bhathia_01	R407F	283.0	303.0	100000.0	250621.58812079762	4.508641623814856
Bhathia_01	R407F	283.0	303.0	100000.0	259413.23366660537	6.041663070104787
Bhathia_01	R407F	283.0	303.0	100000.0	268513.2845336903	7.562908229971863
Bhathia_01	R407F	283.0	303.0	100000.0	277932.5593841194	9.074389179206461
Bhathia_01	R407F	283.0	303.0	100000.0	287682.2563917327	10.575690133106509
Bhathia_01	R407F	283.0	303.0	100000.0	297773.9665551654	12.066504039964885
Bhathia_01	R407F	283.0	303.0	100000.0	308219.6874779006	13.544737658433707
Bhathia_01	R407F	283.0	303.0	100000.0	319031.83763169846	15.004554395221401
Bhathia_01	R407F	283.0	303.0	100000.0	330223.271120397	16.452546274690096
Bhathia_01	R407F	283.0	303.0	100000.0	341807.2929615984	17.888358285159967
Bhathia_01	R407F	283.0	303.0	100000.0	353797.67490444286	19.311608958450645
Bhathia_01	R407F	283.0	303.0	100000.0	366208.67180225096	20.722040877044034
Bhathia_01	R407F	283.0	303.0	100000.0	379055.0385595106	22.113792893326053
Bhathia_01	R407F	283.0	303.0	100000.0	392352.047673353	23.489452735777547
Bhathia_01	R407F	283.0	303.0	100000.0	406115.50739037304	24.851926467271642
Bhathia_01	R407F	283.0	303.0	100000.0	420361.78050037875	26.201042123849447
Bhathia_01	R407F	283.0	303.0	100000.0	435107.80378941365	27.53666527090764
Bhathia_01	R407F	283.0	303.0	100000.0	450371.1081751789	28.857436926995785
Bhathia_01	R407F	283.0	303.0	100000.0	466169.83954879304	30.157458636009935
Bhathia_01	R407F	283.0	303.0	100000.0	482522.7803476675	31.443434359603025
Bhathia_01	R407F	283.0	303.0	100000.0	499449.37188514473	32.71518048131398
Bhathia_01	R407F	283.0	303.0	100000.0	516969.7374634458	33.9725100693343
Bhathia_01	R407F	283.0	303.0	100000.0	535104.7062974056	35.21456944866972
Bhathia_01	R407F	283.0	303.0	100000.0	553875.8382774384	36.4364195866664
Bhathia_01	R407F	283.0	303.0	100000.0	573305.4496011657	36.90367936986767
Bhathia_01	R407F	283.0	303.0	100000.0	593416.6393042037	36.90367936986767
Bhathia_01	R407F	283.0	303.0	100000.0	614233.3167216032	36.90367936986767
Bhathia_01	R407F	283.0	303.0	100000.0	635780.2299126569	36.90367936986767
Bhathia_01	R407F	283.0	303.0	100000.0	658082.9950827911	36.90367936986767
Bhathia_01	R407F	283.0	303.0	100000.0	681168.127037599	36.90367936986767
Bhathia_01	R407F	283.0	303.0	100000.0	705063.0707051408	36.90367936986767
Bhathia_01	R407F	283.0	303.0	100000.0	729796.2337640686	36.90367936986767
Bhathia_01	R407F	283.0	303.0	100000.0	755397.0204162808	36.90367936986767
Bhathia_01	R407F	283.0	303.0	100000.0	781895.866344346	36.90367936986767
Bhathia_01	R407F	283.0	303.0	100000.0	809324.2748951628	36.90367936986767
Bhathia_01	R407F	283.0	303.0	100000.0	837714.8545329691	36.90367936986767
Bhathia_01	R407F	283.0	303.0	100000.0	867101.3576061296	36.90367936986767
Bhathia_01	R407F	283.0	303.0	100000.0	897518.7204738803	36.90367936986767
Bhathia_01	R407F	283.0	303.0	100000.0	929003.1050406658	36.90367936986767
Bhathia_01	R407F	283.0	303.0	100000.0	961591.9417474868	36.90367936986767
Bhathia_01	R407F	283.0	303.0	100000.0	995323.9740713531	36.90367936986767
Bhathia_01	R407F	283.0	303.0	100000.0	1030239.3045857496	36.90367936986767
Bhathia_01	R407F	283.0	303.0	100000.0	1066379.442636875	36.90367936986767
Bhathia_01	R407F	283.0	303.0	100000.0	1103787.3536923314	36.90367936986767
Bhathia_01	R407F	283.0	303.0	100000.0	1142507.5104209343	36.90367936986767
Bhathia_01	R407F	283.0	303.0	100000.0	1182585.945564372	36.90367936986767
Bhathia_01	R407F	283.0	303.0	100000.0	1224070.3066635653	36.90367936986767
Bhathia_01	R407F	283.0	303.0	100000.0	1267009.912704797	36.90367936986767
Bhathia_01	R407F	283.0	303.0	100000.0	1311455.8127529488	36.90367936986767
Bhathia_01	R407F	283.0	303.0	100000.0	1357460.8466415561	36.90367936986767
Bhathia_01	R407F	283.0	303.0	100000.0	1405079.70779183	36.90367936986767
Bhathia_01	R407F	283.0	303.0	100000.0	1454369.008235332	36.90367936986767
Bhathia_01	R407F	283.0	303.0	100000.0	1505387.3459176025	36.90367936986767
Bhathia_01	R407F	283.0	303.0	100000.0	1558195.374362756	36.90367936986767
Bhathia_01	R407F	283.0	303.0	100000.0	1612855.874781868	36.90367936986767
Bhathia_01	R407F	283.0	303.0	100000.0	1669433.830710877	36.90367936986767
Bhathia_01	R407F	283.0	303.0	100000.0	1727996.50526674	36.90367936986767
Bhathia_01	R407F	283.0	303.0	100000.0	1788613.5211136676	36.90367936986767
Bhathia_01	R407F	283.0	303.0	100000.0	1851356.9432345594	36.90367936986767
Bhathia_01	R407F	283.0	303.0	100000.0	1916301.3646059704	36.90367936986767
Bhathia_01	R407F	283.0	303.0	100000.0	1983523.9948785233	36.90367936986767
Bhathia_01	R407F	283.0	303.0	100000.0	2053104.7521681644	36.90367936986767
Bhathia_01	R407F	283.0	303.0	100000.0	2125126.3580674017	36.90367936986767
Bhathia_01	R407F	283.0	303.0	100000.0	2199674.4359894753	36.90367936986767
Bhathia_01	R407F	283.0	303.0	100000.0	2276837.6129623787	36.90367936986767
Bhathia_01	R407F	283.0	303.0	100000.0	2356707.6249937494	36.90367936986767
Bhathia_01	R407F	283.0	303.0	100000.0	2439379.426131895	36.90367936986767
Bhathia_01	R407F	283.0	303.0	100000.0	2524951.301352604	36.90367936986767
Bhathia_01	R407F	283.0	303.0	100000.0	2613524.9834059626	36.90367936986767
Bhathia_01	R407F	283.0	303.0	100000.0	2705205.773762079	36.90367936986767
Bhathia_01	R407F	283.0	303.0	100000.0	2800102.6677995026	36.90367936986767
Bhathia_01	R407F	283.0	303.0	100000.0	2898328.4843851826	36.90367936986767
Bhathia_01	R407F	283.0	333.0	100000.0	100.0	133.37641931986735
Bhathia_01	R407F	283.0	333.0	100000.0	103.5079362523115	133.37641931986735
Bhathia_01	R407F	283.0	333.0	100000.0	107.13892867212581	133.37641931986735
Bhathia_01	R407F	283.0	333.0	100000.0	110.89729399135348	133.37641931986735
Bhathia_01	R407F	283.0	333.0	100000.0	114.78750037010863	133.37641931986735
Bhathia_01	R407F	283.0	333.0	100000.0	118.81417270871387	133.37641931986735
Bhathia_01	R407F	283.0	333.0	100000.0	122.98209814604685	133.37641931986735
Bhathia_01	R407F	283.0	333.0	100000.0	127.29623175076546	133.37641931986735
Bhathia_01	R407F	283.0	333.0	100000.0	131.76170241217702	133.37641931986735
Bhathia_01	R407F	283.0	333.0	100000.0	136.3838189377566	133.37641931986735
Bhathia_01	R407F	283.0	333.0	100000.0	141.16807636456102	133.37641931986735
Bhathia_01	R407F	283.0	333.0	100000.0	146.12016249204424	133.37641931986735
Bhathia_01	R407F	283.0	333.0	100000.0	151.24596464403913	133.37641931986735
Bhathia_01	R407F	283.0	333.0	100000.0	156.55157666794562	133.37641931986735
Bhathia_01	R407F	283.0	333.0	100000.0	162.04330617944572	133.37641931986735
Bhathia_01	R407F	283.0	333.0	100000.0	167.72768206135862	133.37641931986735
Bhathia_01	R407F	283.0	333.0	100000.0	173.6114622255508	133.37641931986735
Bhathia_01	R407F	283.0	333.0	100000.0	179.70164164712898	133.37641931986735
Bhathia_01	R407F	283.0	333.0	100000.0	186.00546068046754	133.37641931986735
Bhathia_01	R407F	283.0	333.0	100000.0	192.53041366695666	133.37641931986735
Bhathia_01	R407F	283.0	333.0	100000.0	199.28425784470534	133.37641931986735
Bhathia_01	R407F	283.0	333.0	100000.0	206.27502257078967	133.37641931986735
Bhathia_01	R407F	283.0	333.0	100000.0	213.51101886701414	133.37641931986735
Bhathia_01	R407F	283.0	333.0	100000.0	221.00084930052978	133.37641931986735
Bhathia_01	R407F	283.0	333.0	100000.0	228.7534182110594	133.37641931986735
Bhathia_01	R407F	283.0	333.0	100000.0	236.77794229688686	133.37641931986735
Bhathia_01	R407F	283.0	333.0	100000.0	245.08396157219659	133.37641931986735
Bhathia_01	R407F	283.0	333.0	100000.0	253.68135070878884	133.37641931986735
Bhathia_01	R407F	283.0	333.0	100000.0	262.58033077565597	133.37641931986735
Bhathia_01	R407F	283.0	333.0	100000.0	271.7914813903746	133.37641931986735
Bhathia_01	R407F	283.0	333.0	100000.0	281.32575329676206	133.37641931986735
Bhathia_01	R407F	283.0	333.0	100000.0	291.1944813837476	133.37641931986735
Bhathia_01	R407F	283.0	333.0	100000.0	301.4093981609385	133.37641931986735
Bhathia_01	R407F	283.0	333.0	100000.0	311.9826477069	133.37641931986735
Bhathia_01	R407F	283.0	333.0	100000.0	322.92680010673166	133.37641931986735
Bhathia_01	R407F	283.0	333.0	100000.0	334.2548663961052	133.37641931986735
Bhathia_01	R407F	283.0	333.0	100000.0	345.9803140295299	133.37641931986735
Bhathia_01	R407F	283.0	333.0	100000.0	358.11708289123294	133.37641931986735
Bhathia_01	R407F	283.0	333.0	100000.0	370.67960186769494	133.37641931986735
Bhathia_01	R407F	283.0	333.0	100000.0	383.6828060015357	133.37641931986735
Bhathia_01	R407F	283.0	333.0	100000.0	397.1421542471496	133.37641931986735
Bhathia_01	R407F	283.0	333.0	100000.0	411.0736478491962	133.37641931986735
Bhathia_01	R407F	283.0	333.0	100000.0	425.49384936579753	133.37641931986735
Bhathia_01	R407F	283.0	333.0	100000.0	440.41990235905604	133.37641931986735
Bhathia_01	R407F	283.0	333.0	100000.0	455.86955177630426	133.37641931986735
Bhathia_01	R407F	283.0	333.0	100000.0	471.8611650463152	133.37641931986735
Bhathia_01	R407F	283.0	333.0	100000.0	488.41375391555476	133.37641931986735
Bhathia_01	R407F	283.0	333.0	100000.0	505.546997050434	133.37641931986735
Bhathia_01	R407F	283.0	333.0	100000.0	523.2812634324383	133.37641931986735
Bhathia_01	R407F	283.0	333.0	100000.0	541.6376365739385	133.37641931986735
Bhathia_01	R407F	283.0	333.0	100000.0	560.6379395834789	133.37641931986735
Bhathia_01	R407F	283.0	333.0	100000.0	580.30476111034	133.37641931986735
Bhathia_01	R407F	283.0	333.0	100000.0	600.6614821992193	133.37641931986735
Bhathia_01	R407F	283.0	333.0	100000.0	621.7323040869574	133.37641931986735
Bhathia_01	R407F	283.0	333.0	100000.0	643.5422769743552	133.37641931986735
Bhathia_01	R407F	283.0	333.0	100000.0	666.1173298072896	133.37641931986735
Bhathia_01	R407F	283.0	333.0	100000.0	689.4843011025289	133.37641931986735
Bhathia_01	R407F	283.0	333.0	100000.0	713.670970854901	133.37641931986735
Bhathia_01	R407F	283.0	333.0	100000.0	738.7060935637436	133.37641931986735
Bhathia_01	R407F	283.0	333.0	100000.0	764.6194324179003	133.37641931986735
Bhathia_01	R407F	283.0	333.0	100000.0	791.4417946799063	133.37641931986735
Bhathia_01	R407F	283.0	333.0	100000.0	819.2050683114275	133.37641931986735
Bhathia_01	R407F	283.0	333.0	100000.0	847.9422598834972	133.37641931986735
Bhathia_01	R407F	283.0	333.0	100000.0	877.6875338166207	133.37641931986735
Bhathia_01	R407F	283.0	333.0	100000.0	908.4762529973926	133.37641931986735
Bhathia_01	R407F	283.0	333.0	100000.0	940.3450208199293	133.37641931986735
Bhathia_01	R407F	283.0	333.0	100000.0	973.3317247020778	133.37641931986735
Bhathia_01	R407F	283.0	333.0	100000.0	1007.4755811281508	133.37641931986735
Bhathia_01	R407F	283.0	333.0	100000.0	1042.817182271731	133.37641931986735
Bhathia_01	R407F	283.0	333.0	100000.0	1079.3985442539745	133.37641931986735
Bhathia_01	R407F	283.0	333.0	100000.0	1117.2631570947824	133.37641931986735
Bhathia_01	R407F	283.0	333.0	100000.0	1156.4560364162314	133.37641931986735
Bhathia_01	R407F	283.0	333.0	100000.0	1197.023776959721	133.37641931986735
Bhathia_01	R407F	283.0	333.0	100000.0	1239.0146079804795	133.37641931986735
Bhathia_01	R407F	283.0	333.0	100000.0	1282.478450585262	133.37641931986735
Bhathia_01	R407F	283.0	333.0	100000.0	1327.4669770814253	133.37641931986735
Bhathia_01	R407F	283.0	333.0	100000.0	1374.0336724079282	133.37641931986735
Bhathia_01	R407F	283.0	333.0	100000.0	1422.2338977212928	133.37641931986735
Bhathia_01	R407F	283.0	333.0	100000.0	1472.124956212121	133.37641931986735
Bhathia_01	R407F	283.0	333.0	100000.0	1523.766161230411	133.37641931986735
Bhathia_01	R407F	283.0	333.0	100000.0	1577.2189068006678	133.37641931986735
Bhathia_01	R407F	283.0	333.0	100000.0	1632.5467406106395	133.37641931986735
Bhathia_01	R407F	283.0	333.0	100000.0	1689.81543956045	133.37641931986735
Bhathia_01	R407F	283.0	333.0	100000.0	1749.093087961948	133.37641931986735
Bhathia_01	R407F	283.0	333.0	100000.0	1810.45015848124	133.3083952617892
Bhathia_01	R407F	283.0	333.0	100000.0	1873.9595959206342	133.1899970122883
Bhathia_01	R407F	283.0	333.0	100000.0	1939.6969039396042	133.06852171192975
Bhathia_01	R407F	283.0	333.0	100000.0	2007.7402348178655	132.94391707120454
Bhathia_01	R407F	283.0	333.0	100000.0	2078.1704823672853	132.8166270266701
Bhathia_01	R407F	283.0	333.0	100000.0	2151.0713781030845	132.68617565544167
Bhathia_01	R407F	283.0	333.0	100000.0	2226.529590788659	132.55243429567687
Bhathia_01	R407F	283.0	333.0	100000.0	2304.63482947238	132.4153017508417
Bhathia_01	R407F	283.0	333.0	100000.0	2385.479950138839	132.27353548871037
Bhathia_01	R407F	283.0	333.0	100000.0	2469.161066101381	132.12810735294696
Bhathia_01	R407F	283.0	333.0	100000.0	2555.7776622671126	131.97894328957938
Bhathia_01	R407F	283.0	333.0	100000.0	2645.43271341026	131.82595770602072
Bhathia_01	R407F	283.0	333.0	100000.0	2738.2328065944866	131.66972268731516
Bhathia_01	R407F	283.0	333.0	100000.0	2834.2882678897013	131.5095464421299
Bhathia_01	R407F	283.0	333.0	100000.0	2933.7132935340187	131.3453985316794
Bhathia_01	R407F	283.0	333.0	100000.0	3036.6260856967806	131.17734747817167
Bhathia_01	R407F	283.0	333.0	100000.0	3143.1489930040857	131.00508734767305
Bhathia_01	R407F	283.0	333.0	100000.0	3253.4086559938396	130.82863474328036
Bhathia_01	R407F	283.0	333.0	100000.0	3367.536157673288	130.64786109029234
Bhathia_01	R407F	283.0	333.0	100000.0	3485.667179358007	130.46288307836568
Bhathia_01	R407F	283.0	333.0	100000.0	3607.9421619776303	130.2736139996784
Bhathia_01	R407F	283.0	333.0	100000.0	3734.506473040075	130.0803755876096
Bhathia_01	R407F	283.0	333.0	100000.0	3865.5105794527676	129.8823121834293
Bhathia_01	R407F	283.0	333.0	100000.0	4001.1102264063275	129.67956567114544
Bhathia_01	R407F	283.0	333.0	100000.0	4141.466622533378	129.47182768403982
Bhathia_01	R407F	283.0	333.0	100000.0	4286.746631562607	129.25920980770488
Bhathia_01	R407F	283.0	333.0	100000.0	4437.122970695934	129.0423233782736
Bhathia_01	R407F	283.0	333.0	100000.0	4592.774415944617	128.81909147398426
Bhathia_01	R407F	283.0	333.0	100000.0	4753.8860146684265	128.59048024690765
Bhathia_01	R407F	283.0	333.0	100000.0	4920.649305570547	128.35642113558123
Bhathia_01	R407F	283.0	333.0	100000.0	5093.26254640977	128.11683895896456
Bhathia_01	R407F	283.0	333.0	100000.0	5271.9309497006825	127.87262992406022
Bhathia_01	R407F	283.0	333.0	100000.0	5456.8669266820625	127.62264879449782
Bhathia_01	R407F	283.0	333.0	100000.0	5648.290339843539	127.36653358864253
Bhathia_01	R407F	283.0	333.0	100000.0	5846.4287643107255	127.10448825913758
Bhathia_01	R407F	283.0	333.0	100000.0	6051.517758399548	126.83723521850855
Bhathia_01	R407F	283.0	333.0	100000.0	6263.801143661515	126.56506916151137
Bhathia_01	R407F	283.0	333.0	100000.0	6483.531294752719	126.28628813312724
Bhathia_01	R407F	283.0	333.0	100000.0	6710.9694394713115	126.00075064407234
Bhathia_01	R407F	283.0	333.0	100000.0	6946.385969320071	125.70925722666377
Bhathia_01	R407F	283.0	333.0	100000.0	7190.06076096333	125.41243997812838
Bhathia_01	R407F	283.0	333.0	100000.0	7442.283508960394	125.10864864785448
Bhathia_01	R407F	283.0	333.0	100000.0	7703.354070171016	124.79771010428088
Bhathia_01	R407F	283.0	333.0	100000.0	7973.582820242459	124.48045085941398
Bhathia_01	R407F	283.0	333.0	100000.0	8253.291022601827	124.15644936868152
Bhathia_01	R407F	283.0	333.0	100000.0	8542.811210392447	123.82537189273062
Bhathia_01	R407F	283.0	333.0	100000.0	8842.487581808335	123.48858749160384
Bhathia_01	R407F	283.0	333.0	100000.0	9152.676409296731	123.14498737560676
Bhathia_01	R407F	283.0	333.0	100000.0	9473.746463115214	122.79361942767696
Bhathia_01	R407F	283.0	333.0	100000.0	9806.07944974691	122.43551260335022
Bhathia_01	R407F	283.0	333.0	100000.0	10150.070465695051	122.07042675504286
Bhathia_01	R407F	283.0	333.0	100000.0	10506.128467196331	121.69754855415364
Bhathia_01	R407F	283.0	333.0	100000.0	10874.676756411529	121.31702690049426
Bhathia_01	R407F	283.0	333.0	100000.0	11256.153484671382	120.92866336996116
Bhathia_01	R407F	283.0	333.0	100000.0	11651.012173375993	120.5328825344434
Bhathia_01	R407F	283.0	333.0	100000.0	12059.722253167078	120.12906609300488
Bhathia_01	R407F	283.0	333.0	100000.0	12482.769622014002	119.7172867376045
Bhathia_01	R407F	283.0	333.0	100000.0	12920.657222877158	119.29910376727682
Bhathia_01	R407F	283.0	333.0	100000.0	13373.905641635398	118.87199505723908
Bhathia_01	R407F	283.0	333.0	100000.0	13843.053725988231	118.43636965248095
Bhathia_01	R407F	283.0	333.0	100000.0	14328.65922606916	117.99247289866199
Bhathia_01	R407F	283.0	333.0	100000.0	14831.299457530586	117.53954572582668
Bhathia_01	R407F	283.0	333.0	100000.0	15351.571987890213	117.0781755035955
Bhathia_01	R407F	283.0	333.0	100000.0	15890.095346953078	116.60840898335901
Bhathia_01	R407F	283.0	333.0	100000.0	16447.509762155743	116.12920866375472
Bhathia_01	R407F	283.0	333.0	100000.0	17024.47791970484	115.6413221923441
Bhathia_01	R407F	283.0	333.0	100000.0	17621.68575241697	115.14437977249415
Bhathia_01	R407F	283.0	333.0	100000.0	18239.84325519438	114.63825839237201
Bhathia_01	R407F	283.0	333.0	100000.0	18879.685329108175	114.12314695928512
Bhathia_01	R407F	283.0	333.0	100000.0	19541.972655090256	113.59749458572504
Bhathia_01	R407F	283.0	333.0	100000.0	20227.49259827501	113.06228510729466
Bhathia_01	R407F	283.0	333.0	100000.0	20937.060144063526	112.51723398793251
Bhathia_01	R407F	283.0	333.0	100000.0	21671.518867025392	111.96183889521254
Bhathia_01	R407F	283.0	333.0	100000.0	22431.741933788304	111.39807119145061
Bhathia_01	R407F	283.0	333.0	100000.0	23218.633141108625	110.82268179953068
Bhathia_01	R407F	283.0	333.0	100000.0	24033.127990356785	110.23749454617911
Bhathia_01	R407F	283.0	333.0	100000.0	24876.194799694935	109.64101073110008
Bhathia_01	R407F	283.0	333.0	100000.0	25748.835855269062	109.03392841004168
Bhathia_01	R407F	283.0	333.0	100000.0	26652.088602784228	108.41687894927857
Bhathia_01	R407F	283.0	333.0	100000.0	27587.026880879475	107.78898284492864
Bhathia_01	R407F	283.0	333.0	100000.0	28554.762197768767	107.1499503850136
Bhathia_01	R407F	283.0	333.0	100000.0	29556.445052665636	106.49931490162763
Bhathia_01	R407F	283.0	333.0	100000.0	30593.266303562625	105.83711095217568
Bhathia_01	R407F	283.0	333.0	100000.0	31666.458582991498	105.16392631600915
Bhathia_01	R407F	283.0	333.0	100000.0	32777.29776344747	104.47968680607411
Bhathia_01	R407F	283.0	333.0	100000.0	33927.104474219595	103.78392489337021
Bhathia_01	R407F	283.0	333.0	100000.0	35117.24567143027	103.07585540047273
Bhathia_01	R407F	283.0	333.0	100000.0	36349.13626315173	102.35569799525406
Bhathia_01	R407F	283.0	333.0	100000.0	37624.240791528864	101.62334687697665
Bhathia_01	R407F	283.0	333.0	100000.0	38944.07517391196	100.87980511936416
Bhathia_01	R407F	283.0	333.0	100000.0	40310.20850506498	100.1242880365575
Bhathia_01	R407F	283.0	333.0	100000.0	41724.264922596594	99.35597286943262
Bhathia_01	R407F	283.0	333.0	100000.0	43187.92553782676	98.57498509828568
Bhathia_01	R407F	283.0	333.0	100000.0	44702.93043438957	97.78122394764232
Bhathia_01	R407F	283.0	333.0	100000.0	46271.08073694302	96.97515388757374
Bhathia_01	R407F	283.0	333.0	100000.0	47894.24075245067	96.15726966348264
Bhathia_01	R407F	283.0	333.0	100000.0	49574.34018657513	95.32620355617047
Bhathia_01	R407F	283.0	333.0	100000.0	51313.376437824336	94.48209261730425
Bhathia_01	R407F	283.0	333.0	100000.0	53113.41697217184	93.62466591508367
Bhathia_01	R407F	283.0	333.0	100000.0	54976.60178098003	92.75397806158222
Bhathia_01	R407F	283.0	333.0	100000.0	56905.14592514396	91.87137498770196
Bhathia_01	R407F	283.0	333.0	100000.0	58901.34216848284	90.97571546553833
Bhathia_01	R407F	283.0	333.0	100000.0	60967.5637035091	90.06644069883754
Bhathia_01	R407F	283.0	333.0	100000.0	63106.2669728156	89.14354745860052
Bhathia_01	R407F	283.0	333.0	100000.0	65319.99458943548	88.2068893358301
Bhathia_01	R407F	283.0	333.0	100000.0	67611.3783596462	87.257089828322
Bhathia_01	R407F	283.0	333.0	100000.0	69983.14241181171	86.29514604500736
Bhathia_01	R407F	283.0	333.0	100000.0	72438.10643498244	85.319188764942
Bhathia_01	R407F	283.0	333.0	100000.0	74979.18903110319	84.32943663150427
Bhathia_01	R407F	283.0	333.0	100000.0	77609.41118481442	83.32533736920384
Bhathia_01	R407F	283.0	333.0	100000.0	80331.89985497203	82.30748761470328
Bhathia_01	R407F	283.0	333.0	100000.0	83149.89169215517	81.27692346882999
Bhathia_01	R407F	283.0	333.0	100000.0	86066.7368865822	80.23311246068884
Bhathia_01	R407F	283.0	333.0	100000.0	89085.903151008	79.1747453271654
Bhathia_01	R407F	283.0	333.0	100000.0	92210.9798433415	78.10210857994056
Bhathia_01	R407F	283.0	333.0	100000.0	95445.68223387754	77.01491934600318
Bhathia_01	R407F	283.0	333.0	100000.0	98793.85592222596	75.91387333481771
Bhathia_01	R407F	283.0	333.0	100000.0	102259.48140917791	74.80039653521513
Bhathia_01	R407F	283.0	333.0	100000.0	105846.67882895643	73.67215030948984
Bhathia_01	R407F	283.0	333.0	100000.0	109559.71284746489	72.52905546602095
Bhathia_01	R407F	283.0	333.0	100000.0	113402.99773236972	71.37110868168557
Bhathia_01	R407F	283.0	333.0	100000.0	117381.10260103126	70.19799826076327
Bhathia_01	R407F	283.0	333.0	100000.0	121498.75685253605	69.01218203093669
Bhathia_01	R407F	283.0	333.0	100000.0	125760.85579027371	67.81190091704127
Bhathia_01	R407F	283.0	333.0	100000.0	130172.46644175818	66.59616176455718
Bhathia_01	R407F	283.0	333.0	100000.0	134738.83358259665	65.3648461328648
Bhathia_01	R407F	283.0	333.0	100000.0	139465.3859717822	64.11771488915157
Bhathia_01	R407F	283.0	333.0	100000.0	144357.7428057125	62.85552895941511
Bhathia_01	R407F	283.0	333.0	100000.0	149421.7203986127	61.57996100990389
Bhathia_01	R407F	283.0	333.0	100000.0	154663.33909730316	60.28822102468662
Bhathia_01	R407F	283.0	333.0	100000.0	160088.83043853292	58.9801098973312
Bhathia_01	R407F	283.0	333.0	100000.0	165704.6445573877	57.65537280053649
Bhathia_01	R407F	283.0	333.0	100000.0	171517.45785558026	56.313918163365074
Bhathia_01	R407F	283.0	333.0	100000.0	177534.18093873924	54.95835310605093
Bhathia_01	R407F	283.0	333.0	100000.0	183761.96683213356	53.58684366068488
Bhathia_01	R407F	283.0	333.0	100000.0	190208.21948459864	52.198380201967915
Bhathia_01	R407F	283.0	333.0	100000.0	196880.60257077508	50.79285677262329
Bhathia_01	R407F	283.0	333.0	100000.0	203787.04860212465	49.37034528844015
Bhathia_01	R407F	283.0	333.0	100000.0	210935.76835755422	47.931762092835044
Bhathia_01	R407F	283.0	333.0	100000.0	218335.26064486115	46.4798456001683
Bhathia_01	R407F	283.0	333.0	100000.0	225994.32240460056	45.011491387771976
Bhathia_01	R407F	283.0	333.0	100000.0	233922.05916839777	43.52699858406049
Bhathia_01	R407F	283.0	333.0	100000.0	242127.89588411906	42.02672483479013
Bhathia_01	R407F	283.0	333.0	100000.0	250621.58812079762	40.511260759676055
Bhathia_01	R407F	283.0	333.0	100000.0	259413.23366660537	38.98478779212393
Bhathia_01	R407F	283.0	333.0	100000.0	268513.2845336903	37.44638508122093
Bhathia_01	R407F	283.0	333.0	100000.0	277932.5593841194	35.895458846780386
Bhathia_01	R407F	283.0	333.0	100000.0	287682.2563917327	34.333030665051325
Bhathia_01	R407F	283.0	333.0	100000.0	297773.9665551654	32.76019696874884
Bhathia_01	R407F	283.0	333.0	100000.0	308219.6874779006	31.17916243303206
Bhathia_01	R407F	283.0	333.0	100000.0	319031.83763169846	29.595395100456926
Bhathia_01	R407F	283.0	333.0	100000.0	330223.271120397	28.005292204035843
Bhathia_01	R407F	283.0	333.0	100000.0	341807.2929615984	26.410280944008164
Bhathia_01	R407F	283.0	333.0	100000.0	353797.67490444286	24.81184501414719
Bhathia_01	R407F	283.0	333.0	100000.0	366208.67180225096	23.211453478065987
Bhathia_01	R407F	283.0	333.0	100000.0	379055.0385595106	21.615559478882584
Bhathia_01	R407F	283.0	333.0	100000.0	392352.047673353	20.023334927985424
Bhathia_01	R407F	283.0	333.0	100000.0	406115.50739037304	18.43349129339951
Bhathia_01	R407F	283.0	333.0	100000.0	420361.78050037875	16.8472681445938
Bhathia_01	R407F	283.0	333.0	100000.0	435107.80378941365	15.265593350056065
Bhathia_01	R407F	283.0	333.0	100000.0	450371.1081751789	13.690801617954934
Bhathia_01	R407F	283.0	333.0	100000.0	466169.83954879304	12.129654246782456
Bhathia_01	R407F	283.0	333.0	100000.0	482522.7803476675	10.576169929401043
Bhathia_01	R407F	283.0	333.0	100000.0	499449.37188514473	9.031120747778148
Bhathia_01	R407F	283.0	333.0	100000.0	516969.7374634458	7.495202136195502
Bhathia_01	R407F	283.0	333.0	100000.0	535104.7062974056	5.96884243489049
Bhathia_01	R407F	283.0	333.0	100000.0	553875.8382774384	4.45782761146318
Bhathia_01	R407F	283.0	333.0	100000.0	573305.4496011657	2.960125342682213
Bhathia_01	R407F	283.0	333.0	100000.0	593416.6393042037	1.4727221510486082
Bhathia_01	R407F	283.0	333.0	100000.0	614233.3167216032	0.004149239795982606
Bhathia_01	R407F	283.0	333.0	100000.0	635780.2299126569	1.4704502782655975
Bhathia_01	R407F	283.0	333.0	100000.0	658082.9950827911	2.925006937758593
Bhathia_01	R407F	283.0	333.0	100000.0	681168.127037599	4.361465534025066
Bhathia_01	R407F	283.0	333.0	100000.0	705063.0707051408	5.787073214371873
Bhathia_01	R407F	283.0	333.0	100000.0	729796.2337640686	7.201903565659832
Bhathia_01	R407F	283.0	333.0	100000.0	755397.0204162808	8.606056498213572
Bhathia_01	R407F	283.0	333.0	100000.0	781895.866344346	9.999576894605362
Bhathia_01	R407F	283.0	333.0	100000.0	809324.2748951628	11.377932642174654
Bhathia_01	R407F	283.0	333.0	100000.0	837714.8545329691	12.74289374404555
Bhathia_01	R407F	283.0	333.0	100000.0	867101.3576061296	14.097782298270891
Bhathia_01	R407F	283.0	333.0	100000.0	897518.7204738803	15.442711606404737
Bhathia_01	R407F	283.0	333.0	100000.0	929003.1050406658	16.777690042113736
Bhathia_01	R407F	283.0	333.0	100000.0	961591.9417474868	18.102129424127003
Bhathia_01	R407F	283.0	333.0	100000.0	995323.9740713531	19.409767756496493
Bhathia_01	R407F	283.0	333.0	100000.0	1030239.3045857496	20.70774937429775
Bhathia_01	R407F	283.0	333.0	100000.0	1066379.442636875	21.99624304184383
Bhathia_01	R407F	283.0	333.0	100000.0	1103787.3536923314	23.275228306947078
Bhathia_01	R407F	283.0	333.0	100000.0	1142507.5104209343	24.544991071572774
Bhathia_01	R407F	283.0	333.0	100000.0	1182585.945564372	25.80136049684243
Bhathia_01	R407F	283.0	333.0	100000.0	1224070.3066635653	27.045500259630376
Bhathia_01	R407F	283.0	333.0	100000.0	1267009.912704797	28.280648936493414
Bhathia_01	R407F	283.0	333.0	100000.0	1311455.8127529488	29.506835654620563
Bhathia_01	R407F	283.0	333.0	100000.0	1357460.8466415561	30.72391484031677
Bhathia_01	R407F	283.0	333.0	100000.0	1405079.70779183	31.93127148536788
Bhathia_01	R407F	283.0	333.0	100000.0	1454369.008235332	33.12263900083448
Bhathia_01	R407F	283.0	333.0	100000.0	1505387.3459176025	34.3044225863097
Bhathia_01	R407F	283.0	333.0	100000.0	1558195.374362756	35.476054164748746
Bhathia_01	R407F	283.0	333.0	100000.0	1612855.874781868	36.63750388536662
Bhathia_01	R407F	283.0	333.0	100000.0	1669433.830710877	36.90367936986767
Bhathia_01	R407F	283.0	333.0	100000.0	1727996.50526674	36.90367936986767
Bhathia_01	R407F	283.0	333.0	100000.0	1788613.5211136676	36.90367936986767
Bhathia_01	R407F	283.0	333.0	100000.0	1851356.9432345594	36.90367936986767
Bhathia_01	R407F	283.0	333.0	100000.0	1916301.3646059704	36.90367936986767
Bhathia_01	R407F	283.0	333.0	100000.0	1983523.9948785233	36.90367936986767
Bhathia_01	R407F	283.0	333.0	100000.0	2053104.7521681644	36.90367936986767
Bhathia_01	R407F	283.0	333.0	100000.0	2125126.3580674017	36.90367936986767
Bhathia_01	R407F	283.0	333.0	100000.0	2199674.4359894753	36.90367936986767
Bhathia_01	R407F	283.0	333.0	100000.0	2276837.6129623787	36.90367936986767
Bhathia_01	R407F	283.0	333.0	100000.0	2356707.6249937494	36.90367936986767
Bhathia_01	R407F	283.0	333.0	100000.0	2439379.426131895	36.90367936986767
Bhathia_01	R407F	283.0	333.0	100000.0	2524951.301352604	36.90367936986767
Bhathia_01	R407F	283.0	333.0	100000.0	2613524.9834059626	36.90367936986767
Bhathia_01	R407F	283.0	333.0	100000.0	2705205.773762079	36.90367936986767
Bhathia_01	R407F	283.0	333.0	100000.0	2800102.6677995026	36.90367936986767
Bhathia_01	R407F	283.0	333.0	100000.0	2898328.4843851826	36.90367936986767
Bhathia_01	R407F	283.0	353.0	100000.0	100.0	133.37641931986735
Bhathia_01	R407F	283.0	353.0	100000.0	103.5079362523115	133.37641931986735
Bhathia_01	R407F	283.0	353.0	100000.0	107.13892867212581	133.37641931986735
Bhathia_01	R407F	283.0	353.0	100000.0	110.89729399135348	133.37641931986735
Bhathia_01	R407F	283.0	353.0	100000.0	114.78750037010863	133.37641931986735
Bhathia_01	R407F	283.0	353.0	100000.0	118.81417270871387	133.37641931986735
Bhathia_01	R407F	283.0	353.0	100000.0	122.98209814604685	133.37641931986735
Bhathia_01	R407F	283.0	353.0	100000.0	127.29623175076546	133.37641931986735
Bhathia_01	R407F	283.0	353.0	100000.0	131.76170241217702	133.37641931986735
Bhathia_01	R407F	283.0	353.0	100000.0	136.3838189377566	133.37641931986735
Bhathia_01	R407F	283.0	353.0	100000.0	141.16807636456102	133.37641931986735
Bhathia_01	R407F	283.0	353.0	100000.0	146.12016249204424	133.37641931986735
Bhathia_01	R407F	283.0	353.0	100000.0	151.24596464403913	133.37641931986735
Bhathia_01	R407F	283.0	353.0	100000.0	156.55157666794562	133.37641931986735
Bhathia_01	R407F	283.0	353.0	100000.0	162.04330617944572	133.37641931986735
Bhathia_01	R407F	283.0	353.0	100000.0	167.72768206135862	133.37641931986735
Bhathia_01	R407F	283.0	353.0	100000.0	173.6114622255508	133.37641931986735
Bhathia_01	R407F	283.0	353.0	100000.0	179.70164164712898	133.37641931986735
Bhathia_01	R407F	283.0	353.0	100000.0	186.00546068046754	133.37641931986735
Bhathia_01	R407F	283.0	353.0	100000.0	192.53041366695666	133.37641931986735
Bhathia_01	R407F	283.0	353.0	100000.0	199.28425784470534	133.37641931986735
Bhathia_01	R407F	283.0	353.0	100000.0	206.27502257078967	133.37641931986735
Bhathia_01	R407F	283.0	353.0	100000.0	213.51101886701414	133.37641931986735
Bhathia_01	R407F	283.0	353.0	100000.0	221.00084930052978	133.37641931986735
Bhathia_01	R407F	283.0	353.0	100000.0	228.7534182110594	133.37641931986735
Bhathia_01	R407F	283.0	353.0	100000.0	236.77794229688686	133.37641931986735
Bhathia_01	R407F	283.0	353.0	100000.0	245.08396157219659	133.37641931986735
Bhathia_01	R407F	283.0	353.0	100000.0	253.68135070878884	133.37641931986735
Bhathia_01	R407F	283.0	353.0	100000.0	262.58033077565597	133.37641931986735
Bhathia_01	R407F	283.0	353.0	100000.0	271.7914813903746	133.37641931986735
Bhathia_01	R407F	283.0	353.0	100000.0	281.32575329676206	133.37641931986735
Bhathia_01	R407F	283.0	353.0	100000.0	291.1944813837476	133.37641931986735
Bhathia_01	R407F	283.0	353.0	100000.0	301.4093981609385	133.37641931986735
Bhathia_01	R407F	283.0	353.0	100000.0	311.9826477069	133.37641931986735
Bhathia_01	R407F	283.0	353.0	100000.0	322.92680010673166	133.37641931986735
Bhathia_01	R407F	283.0	353.0	100000.0	334.2548663961052	133.37641931986735
Bhathia_01	R407F	283.0	353.0	100000.0	345.9803140295299	133.37641931986735
Bhathia_01	R407F	283.0	353.0	100000.0	358.11708289123294	133.37641931986735
Bhathia_01	R407F	283.0	353.0	100000.0	370.67960186769494	133.37641931986735
Bhathia_01	R407F	283.0	353.0	100000.0	383.6828060015357	133.37641931986735
Bhathia_01	R407F	283.0	353.0	100000.0	397.1421542471496	133.37641931986735
Bhathia_01	R407F	283.0	353.0	100000.0	411.0736478491962	133.37641931986735
Bhathia_01	R407F	283.0	353.0	100000.0	425.49384936579753	133.37641931986735
Bhathia_01	R407F	283.0	353.0	100000.0	440.41990235905604	133.37641931986735
Bhathia_01	R407F	283.0	353.0	100000.0	455.86955177630426	133.37641931986735
Bhathia_01	R407F	283.0	353.0	100000.0	471.8611650463152	133.37641931986735
Bhathia_01	R407F	283.0	353.0	100000.0	488.41375391555476	133.37641931986735
Bhathia_01	R407F	283.0	353.0	100000.0	505.546997050434	133.37641931986735
Bhathia_01	R407F	283.0	353.0	100000.0	523.2812634324383	133.37641931986735
Bhathia_01	R407F	283.0	353.0	100000.0	541.6376365739385	133.37641931986735
Bhathia_01	R407F	283.0	353.0	100000.0	560.6379395834789	133.37641931986735
Bhathia_01	R407F	283.0	353.0	100000.0	580.30476111034	133.37641931986735
Bhathia_01	R407F	283.0	353.0	100000.0	600.6614821992193	133.37641931986735
Bhathia_01	R407F	283.0	353.0	100000.0	621.7323040869574	133.37641931986735
Bhathia_01	R407F	283.0	353.0	100000.0	643.5422769743552	133.37641931986735
Bhathia_01	R407F	283.0	353.0	100000.0	666.1173298072896	133.37641931986735
Bhathia_01	R407F	283.0	353.0	100000.0	689.4843011025289	133.37641931986735
Bhathia_01	R407F	283.0	353.0	100000.0	713.670970854901	133.37641931986735
Bhathia_01	R407F	283.0	353.0	100000.0	738.7060935637436	133.37641931986735
Bhathia_01	R407F	283.0	353.0	100000.0	764.6194324179003	133.37641931986735
Bhathia_01	R407F	283.0	353.0	100000.0	791.4417946799063	133.37641931986735
Bhathia_01	R407F	283.0	353.0	100000.0	819.2050683114275	133.37641931986735
Bhathia_01	R407F	283.0	353.0	100000.0	847.9422598834972	133.37641931986735
Bhathia_01	R407F	283.0	353.0	100000.0	877.6875338166207	133.37641931986735
Bhathia_01	R407F	283.0	353.0	100000.0	908.4762529973926	133.37641931986735
Bhathia_01	R407F	283.0	353.0	100000.0	940.3450208199293	133.37641931986735
Bhathia_01	R407F	283.0	353.0	100000.0	973.3317247020778	133.37641931986735
Bhathia_01	R407F	283.0	353.0	100000.0	1007.4755811281508	133.37641931986735
Bhathia_01	R407F	283.0	353.0	100000.0	1042.817182271731	133.37641931986735
Bhathia_01	R407F	283.0	353.0	100000.0	1079.3985442539745	133.37641931986735
Bhathia_01	R407F	283.0	353.0	100000.0	1117.2631570947824	133.37641931986735
Bhathia_01	R407F	283.0	353.0	100000.0	1156.4560364162314	133.37641931986735
Bhathia_01	R407F	283.0	353.0	100000.0	1197.023776959721	133.37641931986735
Bhathia_01	R407F	283.0	353.0	100000.0	1239.0146079804795	133.37641931986735
Bhathia_01	R407F	283.0	353.0	100000.0	1282.478450585262	133.37641931986735
Bhathia_01	R407F	283.0	353.0	100000.0	1327.4669770814253	133.37641931986735
Bhathia_01	R407F	283.0	353.0	100000.0	1374.0336724079282	133.37641931986735
Bhathia_01	R407F	283.0	353.0	100000.0	1422.2338977212928	133.37641931986735
Bhathia_01	R407F	283.0	353.0	100000.0	1472.124956212121	133.37641931986735
Bhathia_01	R407F	283.0	353.0	100000.0	1523.766161230411	133.37641931986735
Bhathia_01	R407F	283.0	353.0	100000.0	1577.2189068006678	133.37641931986735
Bhathia_01	R407F	283.0	353.0	100000.0	1632.5467406106395	133.37641931986735
Bhathia_01	R407F	283.0	353.0	100000.0	1689.81543956045	133.37641931986735
Bhathia_01	R407F	283.0	353.0	100000.0	1749.093087961948	133.37641931986735
Bhathia_01	R407F	283.0	353.0	100000.0	1810.45015848124	133.37641931986735
Bhathia_01	R407F	283.0	353.0	100000.0	1873.9595959206342	133.37641931986735
Bhathia_01	R407F	283.0	353.0	100000.0	1939.6969039396042	133.37641931986735
Bhathia_01	R407F	283.0	353.0	100000.0	2007.7402348178655	133.37641931986735
Bhathia_01	R407F	283.0	353.0	100000.0	2078.1704823672853	133.37641931986735
Bhathia_01	R407F	283.0	353.0	100000.0	2151.0713781030845	133.37641931986735
Bhathia_01	R407F	283.0	353.0	100000.0	2226.529590788659	133.37641931986735
Bhathia_01	R407F	283.0	353.0	100000.0	2304.63482947238	133.37641931986735
Bhathia_01	R407F	283.0	353.0	100000.0	2385.479950138839	133.37641931986735
Bhathia_01	R407F	283.0	353.0	100000.0	2469.161066101381	133.37641931986735
Bhathia_01	R407F	283.0	353.0	100000.0	2555.7776622671126	133.37641931986735
Bhathia_01	R407F	283.0	353.0	100000.0	2645.43271341026	133.37641931986735
Bhathia_01	R407F	283.0	353.0	100000.0	2738.2328065944866	133.37641931986735
Bhathia_01	R407F	283.0	353.0	100000.0	2834.2882678897013	133.37641931986735
Bhathia_01	R407F	283.0	353.0	100000.0	2933.7132935340187	133.37641931986735
Bhathia_01	R407F	283.0	353.0	100000.0	3036.6260856967806	133.37641931986735
Bhathia_01	R407F	283.0	353.0	100000.0	3143.1489930040857	133.37641931986735
Bhathia_01	R407F	283.0	353.0	100000.0	3253.4086559938396	133.37641931986735
Bhathia_01	R407F	283.0	353.0	100000.0	3367.536157673288	133.37641931986735
Bhathia_01	R407F	283.0	353.0	100000.0	3485.667179358007	133.2850454992477
Bhathia_01	R407F	283.0	353.0	100000.0	3607.9421619776303	133.16091748783
Bhathia_01	R407F	283.0	353.0	100000.0	3734.506473040075	133.033459917168
Bhathia_01	R407F	283.0	353.0	100000.0	3865.5105794527676	132.90270264148023
Bhathia_01	R407F	283.0	353.0	100000.0	4001.1102264063275	132.76920745019308
Bhathia_01	R407F	283.0	353.0	100000.0	4141.466622533378	132.63214786164002
Bhathia_01	R407F	283.0	353.0	100000.0	4286.746631562607	132.49143565265896
Bhathia_01	R407F	283.0	353.0	100000.0	4437.122970695934	132.34646801309754
Bhathia_01	R407F	283.0	353.0	100000.0	4592.774415944617	132.19700177301846
Bhathia_01	R407F	283.0	353.0	100000.0	4753.8860146684265	132.0436866216644
Bhathia_01	R407F	283.0	353.0	100000.0	4920.649305570547	131.88641059415139
Bhathia_01	R407F	283.0	353.0	100000.0	5093.26254640977	131.72531141648162
Bhathia_01	R407F	283.0	353.0	100000.0	5271.9309497006825	131.5602280203715
Bhathia_01	R407F	283.0	353.0	100000.0	5456.8669266820625	131.39087133426543
Bhathia_01	R407F	283.0	353.0	100000.0	5648.290339843539	131.2174748982838
Bhathia_01	R407F	283.0	353.0	100000.0	5846.4287643107255	131.03981573143383
Bhathia_01	R407F	283.0	353.0	100000.0	6051.517758399548	130.85765384239227
Bhathia_01	R407F	283.0	353.0	100000.0	6263.801143661515	130.67078328618882
Bhathia_01	R407F	283.0	353.0	100000.0	6483.531294752719	130.4795286939499
Bhathia_01	R407F	283.0	353.0	100000.0	6710.9694394713115	130.28367812263232
Bhathia_01	R407F	283.0	353.0	100000.0	6946.385969320071	130.08382612376207
Bhathia_01	R407F	283.0	353.0	100000.0	7190.06076096333	129.87902716817507
Bhathia_01	R407F	283.0	353.0	100000.0	7442.283508960394	129.669073469844
Bhathia_01	R407F	283.0	353.0	100000.0	7703.354070171016	129.45390698329567
Bhathia_01	R407F	283.0	353.0	100000.0	7973.582820242459	129.2336817099727
Bhathia_01	R407F	283.0	353.0	100000.0	8253.291022601827	129.0087839805685
Bhathia_01	R407F	283.0	353.0	100000.0	8542.811210392447	128.77764741647707
Bhathia_01	R407F	283.0	353.0	100000.0	8842.487581808335	128.54076879181886
Bhathia_01	R407F	283.0	353.0	100000.0	9152.676409296731	128.29808102167735
Bhathia_01	R407F	283.0	353.0	100000.0	9473.746463115214	128.0499181774467
Bhathia_01	R407F	283.0	353.0	100000.0	9806.07944974691	127.79679903040397
Bhathia_01	R407F	283.0	353.0	100000.0	10150.070465695051	127.53767317575738
Bhathia_01	R407F	283.0	353.0	100000.0	10506.128467196331	127.27238480575879
Bhathia_01	R407F	283.0	353.0	100000.0	10874.676756411529	127.00063431431626
Bhathia_01	R407F	283.0	353.0	100000.0	11256.153484671382	126.72459976389672
Bhathia_01	R407F	283.0	353.0	100000.0	11651.012173375993	126.44239492931867
Bhathia_01	R407F	283.0	353.0	100000.0	12059.722253167078	126.15337755900892
Bhathia_01	R407F	283.0	353.0	100000.0	12482.769622014002	125.85779561153556
Bhathia_01	R407F	283.0	353.0	100000.0	12920.657222877158	125.55705406056879
Bhathia_01	R407F	283.0	353.0	100000.0	13373.905641635398	125.24969274458486
Bhathia_01	R407F	283.0	353.0	100000.0	13843.053725988231	124.93512133990605
Bhathia_01	R407F	283.0	353.0	100000.0	14328.65922606916	124.61376487597886
Bhathia_01	R407F	283.0	353.0	100000.0	14831.299457530586	124.2862813669445
Bhathia_01	R407F	283.0	353.0	100000.0	15351.571987890213	123.95174989872376
Bhathia_01	R407F	283.0	353.0	100000.0	15890.095346953078	123.61072490407349
Bhathia_01	R407F	283.0	353.0	100000.0	16447.509762155743	123.26358710627785
Bhathia_01	R407F	283.0	353.0	100000.0	17024.47791970484	122.90898143169015
Bhathia_01	R407F	283.0	353.0	100000.0	17621.68575241697	122.54715843118447
Bhathia_01	R407F	283.0	353.0	100000.0	18239.84325519438	122.17921540206419
Bhathia_01	R407F	283.0	353.0	100000.0	18879.685329108175	121.80354771301236
Bhathia_01	R407F	283.0	353.0	100000.0	19541.972655090256	121.42008421645801
Bhathia_01	R407F	283.0	353.0	100000.0	20227.49259827501	121.02920745964845
Bhathia_01	R407F	283.0	353.0	100000.0	20937.060144063526	120.63094477363111
Bhathia_01	R407F	283.0	353.0	100000.0	21671.518867025392	120.22519016684552
Bhathia_01	R407F	283.0	353.0	100000.0	22431.741933788304	119.81178217592033
Bhathia_01	R407F	283.0	353.0	100000.0	23218.633141108625	119.3917003214077
Bhathia_01	R407F	283.0	353.0	100000.0	24033.127990356785	118.96337690609529
Bhathia_01	R407F	283.0	353.0	100000.0	24876.194799694935	118.52670076327152
Bhathia_01	R407F	283.0	353.0	100000.0	25748.835855269062	118.08237537866131
Bhathia_01	R407F	283.0	353.0	100000.0	26652.088602784228	117.62969718169239
Bhathia_01	R407F	283.0	353.0	100000.0	27587.026880879475	117.16850754696755
Bhathia_01	R407F	283.0	353.0	100000.0	28554.762197768767	116.69926085675154
Bhathia_01	R407F	283.0	353.0	100000.0	29556.445052665636	116.22120428492231
Bhathia_01	R407F	283.0	353.0	100000.0	30593.266303562625	115.73446138673688
Bhathia_01	R407F	283.0	353.0	100000.0	31666.458582991498	115.2399293531049
Bhathia_01	R407F	283.0	353.0	100000.0	32777.29776344747	114.73633803634661
Bhathia_01	R407F	283.0	353.0	100000.0	33927.104474219595	114.22406342956072
Bhathia_01	R407F	283.0	353.0	100000.0	35117.24567143027	113.70193448347555
Bhathia_01	R407F	283.0	353.0	100000.0	36349.13626315173	113.17031511224059
Bhathia_01	R407F	283.0	353.0	100000.0	37624.240791528864	112.62984470946179
Bhathia_01	R407F	283.0	353.0	100000.0	38944.07517391196	112.07968118794176
Bhathia_01	R407F	283.0	353.0	100000.0	40310.20850506498	111.5212713783547
Bhathia_01	R407F	283.0	353.0	100000.0	41724.264922596594	110.9520389409542
Bhathia_01	R407F	283.0	353.0	100000.0	43187.92553782676	110.37291934912096
Bhathia_01	R407F	283.0	353.0	100000.0	44702.93043438957	109.78354724790118
Bhathia_01	R407F	283.0	353.0	100000.0	46271.08073694302	109.1838620659865
Bhathia_01	R407F	283.0	353.0	100000.0	47894.24075245067	108.57493041206101
Bhathia_01	R407F	283.0	353.0	100000.0	49574.34018657513	107.95499276406075
Bhathia_01	R407F	283.0	353.0	100000.0	51313.376437824336	107.32466572948339
Bhathia_01	R407F	283.0	353.0	100000.0	53113.41697217184	106.68286336085572
Bhathia_01	R407F	283.0	353.0	100000.0	54976.60178098003	106.02999231154682
Bhathia_01	R407F	283.0	353.0	100000.0	56905.14592514396	105.36681038692538
Bhathia_01	R407F	283.0	353.0	100000.0	58901.34216848284	104.6922980837917
Bhathia_01	R407F	283.0	353.0	100000.0	60967.5637035091	104.0062911856739
Bhathia_01	R407F	283.0	353.0	100000.0	63106.2669728156	103.30826685605675
Bhathia_01	R407F	283.0	353.0	100000.0	65319.99458943548	102.59804542204346
Bhathia_01	R407F	283.0	353.0	100000.0	67611.3783596462	101.87600018252905
Bhathia_01	R407F	283.0	353.0	100000.0	69983.14241181171	101.14246410786387
Bhathia_01	R407F	283.0	353.0	100000.0	72438.10643498244	100.39633763234512
Bhathia_01	R407F	283.0	353.0	100000.0	74979.18903110319	99.6372421596775
Bhathia_01	R407F	283.0	353.0	100000.0	77609.41118481442	98.86500953428727
Bhathia_01	R407F	283.0	353.0	100000.0	80331.89985497203	98.07944030420293
Bhathia_01	R407F	283.0	353.0	100000.0	83149.89169215517	97.28152786663694
Bhathia_01	R407F	283.0	353.0	100000.0	86066.7368865822	96.47039151985493
Bhathia_01	R407F	283.0	353.0	100000.0	89085.903151008	95.6450873778921
Bhathia_01	R407F	283.0	353.0	100000.0	92210.9798433415	94.80565844596791
Bhathia_01	R407F	283.0	353.0	100000.0	95445.68223387754	93.9517879729825
Bhathia_01	R407F	283.0	353.0	100000.0	98793.85592222596	93.08385942561871
Bhathia_01	R407F	283.0	353.0	100000.0	102259.48140917791	92.20223447276038
Bhathia_01	R407F	283.0	353.0	100000.0	105846.67882895643	91.30561036505121
Bhathia_01	R407F	283.0	353.0	100000.0	109559.71284746489	90.39355654816421
Bhathia_01	R407F	283.0	353.0	100000.0	113402.99773236972	89.46608537888153
Bhathia_01	R407F	283.0	353.0	100000.0	117381.10260103126	88.52265921323145
Bhathia_01	R407F	283.0	353.0	100000.0	121498.75685253605	87.56495655395172
Bhathia_01	R407F	283.0	353.0	100000.0	125760.85579027371	86.59145651912952
Bhathia_01	R407F	283.0	353.0	100000.0	130172.46644175818	85.60168744078133
Bhathia_01	R407F	283.0	353.0	100000.0	134738.83358259665	84.59530984220216
Bhathia_01	R407F	283.0	353.0	100000.0	139465.3859717822	83.57205031082113
Bhathia_01	R407F	283.0	353.0	100000.0	144357.7428057125	82.53258533138101
Bhathia_01	R407F	283.0	353.0	100000.0	149421.7203986127	81.47733342200713
Bhathia_01	R407F	283.0	353.0	100000.0	154663.33909730316	80.40506324071647
Bhathia_01	R407F	283.0	353.0	100000.0	160088.83043853292	79.3151672024841
Bhathia_01	R407F	283.0	353.0	100000.0	165704.6445573877	78.20785228004287
Bhathia_01	R407F	283.0	353.0	100000.0	171517.45785558026	77.0827069796157
Bhathia_01	R407F	283.0	353.0	100000.0	177534.18093873924	75.9416293985379
Bhathia_01	R407F	283.0	353.0	100000.0	183761.96683213356	74.78347713883102
Bhathia_01	R407F	283.0	353.0	100000.0	190208.21948459864	73.60734108186669
Bhathia_01	R407F	283.0	353.0	100000.0	196880.60257077508	72.41320651708898
Bhathia_01	R407F	283.0	353.0	100000.0	203787.04860212465	71.2011172122131
Bhathia_01	R407F	283.0	353.0	100000.0	210935.76835755422	69.97158992719926
Bhathia_01	R407F	283.0	353.0	100000.0	218335.26064486115	68.72654656886056
Bhathia_01	R407F	283.0	353.0	100000.0	225994.32240460056	67.46366561817916
Bhathia_01	R407F	283.0	353.0	100000.0	233922.05916839777	66.1829584661023
Bhathia_01	R407F	283.0	353.0	100000.0	242127.89588411906	64.88452866030092
Bhathia_01	R407F	283.0	353.0	100000.0	250621.58812079762	63.568485661877325
Bhathia_01	R407F	283.0	353.0	100000.0	259413.23366660537	62.23756867489795
Bhathia_01	R407F	283.0	353.0	100000.0	268513.2845336903	60.89071575787698
Bhathia_01	R407F	283.0	353.0	100000.0	277932.5593841194	59.527012891270864
Bhathia_01	R407F	283.0	353.0	100000.0	287682.2563917327	58.14663781435522
Bhathia_01	R407F	283.0	353.0	100000.0	297773.9665551654	56.74995337800277
Bhathia_01	R407F	283.0	353.0	100000.0	308219.6874779006	55.3380095498578
Bhathia_01	R407F	283.0	353.0	100000.0	319031.83763169846	53.91392359530856
Bhathia_01	R407F	283.0	353.0	100000.0	330223.271120397	52.47488758304295
Bhathia_01	R407F	283.0	353.0	100000.0	341807.2929615984	51.02119237867195
Bhathia_01	R407F	283.0	353.0	100000.0	353797.67490444286	49.55338645096241
Bhathia_01	R407F	283.0	353.0	100000.0	366208.67180225096	48.07193270458262
Bhathia_01	R407F	283.0	353.0	100000.0	379055.0385595106	46.5807906824527
Bhathia_01	R407F	283.0	353.0	100000.0	392352.047673353	45.07902472971537
Bhathia_01	R407F	283.0	353.0	100000.0	406115.50739037304	43.56555330728466
Bhathia_01	R407F	283.0	353.0	100000.0	420361.78050037875	42.04094626918479
Bhathia_01	R407F	283.0	353.0	100000.0	435107.80378941365	40.505937748140646
Bhathia_01	R407F	283.0	353.0	100000.0	450371.1081751789	38.96207052131631
Bhathia_01	R407F	283.0	353.0	100000.0	466169.83954879304	37.41434864965192
Bhathia_01	R407F	283.0	353.0	100000.0	482522.7803476675	35.85870303887492
Bhathia_01	R407F	283.0	353.0	100000.0	499449.37188514473	34.29591114904719
Bhathia_01	R407F	283.0	353.0	100000.0	516969.7374634458	32.72674055399905
Bhathia_01	R407F	283.0	353.0	100000.0	535104.7062974056	31.151861280603306
Bhathia_01	R407F	283.0	353.0	100000.0	553875.8382774384	29.576359438494308
Bhathia_01	R407F	283.0	353.0	100000.0	573305.4496011657	27.999370663734048
Bhathia_01	R407F	283.0	353.0	100000.0	593416.6393042037	26.41937271679987
Bhathia_01	R407F	283.0	353.0	100000.0	614233.3167216032	24.837258270563503
Bhathia_01	R407F	283.0	353.0	100000.0	635780.2299126569	23.25390403165219
Bhathia_01	R407F	283.0	353.0	100000.0	658082.9950827911	21.67110273641114
Bhathia_01	R407F	283.0	353.0	100000.0	681168.127037599	20.095382102494952
Bhathia_01	R407F	283.0	353.0	100000.0	705063.0707051408	18.521081431665632
Bhathia_01	R407F	283.0	353.0	100000.0	729796.2337640686	16.94903737302434
Bhathia_01	R407F	283.0	353.0	100000.0	755397.0204162808	15.379863595353664
Bhathia_01	R407F	283.0	353.0	100000.0	781895.866344346	13.81438632961011
Bhathia_01	R407F	283.0	353.0	100000.0	809324.2748951628	12.258230741032598
Bhathia_01	R407F	283.0	353.0	100000.0	837714.8545329691	10.710691247106396
Bhathia_01	R407F	283.0	353.0	100000.0	867101.3576061296	9.169483058276846
Bhathia_01	R407F	283.0	353.0	100000.0	897518.7204738803	7.63542221316329
Bhathia_01	R407F	283.0	353.0	100000.0	929003.1050406658	6.109160630715169
Bhathia_01	R407F	283.0	353.0	100000.0	961591.9417474868	4.592085396511727
Bhathia_01	R407F	283.0	353.0	100000.0	995323.9740713531	3.0916871635609104
Bhathia_01	R407F	283.0	353.0	100000.0	1030239.3045857496	1.6008774278925244
Bhathia_01	R407F	283.0	353.0	100000.0	1066379.442636875	0.12031740516592125
Bhathia_01	R407F	283.0	353.0	100000.0	1103787.3536923314	1.3495075931438865
Bhathia_01	R407F	283.0	353.0	100000.0	1142507.5104209343	2.8079701539940594
Bhathia_01	R407F	283.0	353.0	100000.0	1182585.945564372	4.249605264519132
Bhathia_01	R407F	283.0	353.0	100000.0	1224070.3066635653	5.675092040873958
Bhathia_01	R407F	283.0	353.0	100000.0	1267009.912704797	7.087598715950305
Bhathia_01	R407F	283.0	353.0	100000.0	1311455.8127529488	8.486778037707913
Bhathia_01	R407F	283.0	353.0	100000.0	1357460.8466415561	9.872199155749248
Bhathia_01	R407F	283.0	353.0	100000.0	1405079.70779183	11.243234752950038
Bhathia_01	R407F	283.0	353.0	100000.0	1454369.008235332	12.592085905859136
Bhathia_01	R407F	283.0	353.0	100000.0	1505387.3459176025	13.926448892139872
Bhathia_01	R407F	283.0	353.0	100000.0	1558195.374362756	15.246104344894208
Bhathia_01	R407F	283.0	353.0	100000.0	1612855.874781868	16.55074221221168
Bhathia_01	R407F	283.0	353.0	100000.0	1669433.830710877	17.8401706545951
Bhathia_01	R407F	283.0	353.0	100000.0	1727996.50526674	19.109677366345323
Bhathia_01	R407F	283.0	353.0	100000.0	1788613.5211136676	20.35990041841383
Bhathia_01	R407F	283.0	353.0	100000.0	1851356.9432345594	21.59456983320681
Bhathia_01	R407F	283.0	353.0	100000.0	1916301.3646059704	22.81353163175943
Bhathia_01	R407F	283.0	353.0	100000.0	1983523.9948785233	24.016804142702366
Bhathia_01	R407F	283.0	353.0	100000.0	2053104.7521681644	25.204243384434744
Bhathia_01	R407F	283.0	353.0	100000.0	2125126.3580674017	26.36842897252801
Bhathia_01	R407F	283.0	353.0	100000.0	2199674.4359894753	27.517014977526177
Bhathia_01	R407F	283.0	353.0	100000.0	2276837.6129623787	28.65003808826906
Bhathia_01	R407F	283.0	353.0	100000.0	2356707.6249937494	29.767477975413538
Bhathia_01	R407F	283.0	353.0	100000.0	2439379.426131895	30.869219246291443
Bhathia_01	R407F	283.0	353.0	100000.0	2524951.301352604	31.951421138511144
Bhathia_01	R407F	283.0	353.0	100000.0	2613524.9834059626	33.014411013333174
Bhathia_01	R407F	283.0	353.0	100000.0	2705205.773762079	34.061747339899505
Bhathia_01	R407F	283.0	353.0	100000.0	2800102.6677995026	35.09289602002732
Bhathia_01	R407F	283.0	353.0	100000.0	2898328.4843851826	36.10809179995868
