framework	molecule	T_ads_K	T_des_K	P_ads_Pa	P_des_Pa	SD
Bhathia_01	R125	283.0	283.0	100000.0	100.0	134.52568769005632
Bhathia_01	R125	283.0	283.0	100000.0	103.5079362523115	134.52568769005632
Bhathia_01	R125	283.0	283.0	100000.0	107.13892867212581	134.52568769005632
Bhathia_01	R125	283.0	283.0	100000.0	110.89729399135348	134.52568769005632
Bhathia_01	R125	283.0	283.0	100000.0	114.78750037010863	134.52568769005632
Bhathia_01	R125	283.0	283.0	100000.0	118.81417270871387	134.52568769005632
Bhathia_01	R125	283.0	283.0	100000.0	122.98209814604685	134.52568769005632
Bhathia_01	R125	283.0	283.0	100000.0	127.29623175076546	134.52568769005632
Bhathia_01	R125	283.0	283.0	100000.0	131.76170241217702	134.52568769005632
Bhathia_01	R125	283.0	283.0	100000.0	136.3838189377566	134.52568769005632
Bhathia_01	R125	283.0	283.0	100000.0	141.16807636456102	134.52568769005632
Bhathia_01	R125	283.0	283.0	100000.0	146.12016249204424	134.52075893920644
Bhathia_01	R125	283.0	283.0	100000.0	151.24596464403913	134.38121752070342
Bhathia_01	R125	283.0	283.0	100000.0	156.55157666794562	134.2388602987396
Bhathia_01	R125	283.0	283.0	100000.0	162.04330617944572	134.09364034005185
Bhathia_01	R125	283.0	283.0	100000.0	167.72768206135862	133.94550685208466
Bhathia_01	R125	283.0	283.0	100000.0	173.6114622255508	133.7944019098335
Bhathia_01	R125	283.0	283.0	100000.0	179.70164164712898	133.64027870687153
Bhathia_01	R125	283.0	283.0	100000.0	186.00546068046754	133.4830888376429
Bhathia_01	R125	283.0	283.0	100000.0	192.53041366695666	133.32277144622876
Bhathia_01	R125	283.0	283.0	100000.0	199.28425784470534	133.15929076662846
Bhathia_01	R125	283.0	283.0	100000.0	206.27502257078967	132.99257266881534
Bhathia_01	R125	283.0	283.0	100000.0	213.51101886701414	132.8225720605884
Bhathia_01	R125	283.0	283.0	100000.0	221.00084930052978	132.649233521498
Bhathia_01	R125	283.0	283.0	100000.0	228.7534182110594	132.47250102244078
Bhathia_01	R125	283.0	283.0	100000.0	236.77794229688686	132.29232444934553
Bhathia_01	R125	283.0	283.0	100000.0	245.08396157219659	132.10864705459042
Bhathia_01	R125	283.0	283.0	100000.0	253.68135070878884	131.92139740903545
Bhathia_01	R125	283.0	283.0	100000.0	262.58033077565597	131.73053216894252
Bhathia_01	R125	283.0	283.0	100000.0	271.7914813903746	131.53598717857705
Bhathia_01	R125	283.0	283.0	100000.0	281.32575329676206	131.33771836646596
Bhathia_01	R125	283.0	283.0	100000.0	291.1944813837476	131.1356453034238
Bhathia_01	R125	283.0	283.0	100000.0	301.4093981609385	130.9297284954644
Bhathia_01	R125	283.0	283.0	100000.0	311.9826477069	130.7198914112101
Bhathia_01	R125	283.0	283.0	100000.0	322.92680010673166	130.5060956305618
Bhathia_01	R125	283.0	283.0	100000.0	334.2548663961052	130.28825654414186
Bhathia_01	R125	283.0	283.0	100000.0	345.9803140295299	130.06633427793386
Bhathia_01	R125	283.0	283.0	100000.0	358.11708289123294	129.84024723101928
Bhathia_01	R125	283.0	283.0	100000.0	370.67960186769494	129.60996383274679
Bhathia_01	R125	283.0	283.0	100000.0	383.6828060015357	129.37538531203091
Bhathia_01	R125	283.0	283.0	100000.0	397.1421542471496	129.13648801227413
Bhathia_01	R125	283.0	283.0	100000.0	411.0736478491962	128.89317113550328
Bhathia_01	R125	283.0	283.0	100000.0	425.49384936579753	128.64541392833596
Bhathia_01	R125	283.0	283.0	100000.0	440.41990235905604	128.3931207173857
Bhathia_01	R125	283.0	283.0	100000.0	455.86955177630426	128.1362223601798
Bhathia_01	R125	283.0	283.0	100000.0	471.8611650463152	127.87472904218023
Bhathia_01	R125	283.0	283.0	100000.0	488.41375391555476	127.60849936790825
Bhathia_01	R125	283.0	283.0	100000.0	505.546997050434	127.3374578867196
Bhathia_01	R125	283.0	283.0	100000.0	523.2812634324383	127.06158946195454
Bhathia_01	R125	283.0	283.0	100000.0	541.6376365739385	126.78084404266072
Bhathia_01	R125	283.0	283.0	100000.0	560.6379395834789	126.49510921388729
Bhathia_01	R125	283.0	283.0	100000.0	580.30476111034	126.20434663012962
Bhathia_01	R125	283.0	283.0	100000.0	600.6614821992193	125.90850033590064
Bhathia_01	R125	283.0	283.0	100000.0	621.7323040869574	125.60748972444283
Bhathia_01	R125	283.0	283.0	100000.0	643.5422769743552	125.30125405382793
Bhathia_01	R125	283.0	283.0	100000.0	666.1173298072896	124.98973996941235
Bhathia_01	R125	283.0	283.0	100000.0	689.4843011025289	124.67287741601362
Bhathia_01	R125	283.0	283.0	100000.0	713.670970854901	124.3505931867711
Bhathia_01	R125	283.0	283.0	100000.0	738.7060935637436	124.02284065172303
Bhathia_01	R125	283.0	283.0	100000.0	764.6194324179003	123.68955122821879
Bhathia_01	R125	283.0	283.0	100000.0	791.4417946799063	123.35065447374231
Bhathia_01	R125	283.0	283.0	100000.0	819.2050683114275	123.00609755968206
Bhathia_01	R125	283.0	283.0	100000.0	847.9422598834972	122.65580458385607
Bhathia_01	R125	283.0	283.0	100000.0	877.6875338166207	122.29972751166645
Bhathia_01	R125	283.0	283.0	100000.0	908.4762529973926	121.93778825707957
Bhathia_01	R125	283.0	283.0	100000.0	940.3450208199293	121.56994937435515
Bhathia_01	R125	283.0	283.0	100000.0	973.3317247020778	121.19611607758871
Bhathia_01	R125	283.0	283.0	100000.0	1007.4755811281508	120.81625673741165
Bhathia_01	R125	283.0	283.0	100000.0	1042.817182271731	120.43029165567935
Bhathia_01	R125	283.0	283.0	100000.0	1079.3985442539745	120.03816741623943
Bhathia_01	R125	283.0	283.0	100000.0	1117.2631570947824	119.63981748017697
Bhathia_01	R125	283.0	283.0	100000.0	1156.4560364162314	119.23518534387067
Bhathia_01	R125	283.0	283.0	100000.0	1197.023776959721	118.82421224806038
Bhathia_01	R125	283.0	283.0	100000.0	1239.0146079804795	118.40682993780635
Bhathia_01	R125	283.0	283.0	100000.0	1282.478450585262	117.9829907053729
Bhathia_01	R125	283.0	283.0	100000.0	1327.4669770814253	117.5526316988873
Bhathia_01	R125	283.0	283.0	100000.0	1374.0336724079282	117.11568448548658
Bhathia_01	R125	283.0	283.0	100000.0	1422.2338977212928	116.67210148128237
Bhathia_01	R125	283.0	283.0	100000.0	1472.124956212121	116.22181745814748
Bhathia_01	R125	283.0	283.0	100000.0	1523.766161230411	115.7647855017621
Bhathia_01	R125	283.0	283.0	100000.0	1577.2189068006678	115.3009291081799
Bhathia_01	R125	283.0	283.0	100000.0	1632.5467406106395	114.83021855574782
Bhathia_01	R125	283.0	283.0	100000.0	1689.81543956045	114.35256643975356
Bhathia_01	R125	283.0	283.0	100000.0	1749.093087961948	113.86793550565443
Bhathia_01	R125	283.0	283.0	100000.0	1810.45015848124	113.37626797713668
Bhathia_01	R125	283.0	283.0	100000.0	1873.9595959206342	112.8774876363062
Bhathia_01	R125	283.0	283.0	100000.0	1939.6969039396042	112.37158479961768
Bhathia_01	R125	283.0	283.0	100000.0	2007.7402348178655	111.8584518626115
Bhathia_01	R125	283.0	283.0	100000.0	2078.1704823672853	111.33805347216028
Bhathia_01	R125	283.0	283.0	100000.0	2151.0713781030845	110.81036625826472
Bhathia_01	R125	283.0	283.0	100000.0	2226.529590788659	110.27527416899413
Bhathia_01	R125	283.0	283.0	100000.0	2304.63482947238	109.73274569743843
Bhathia_01	R125	283.0	283.0	100000.0	2385.479950138839	109.18279234748294
Bhathia_01	R125	283.0	283.0	100000.0	2469.161066101381	108.62528113679829
Bhathia_01	R125	283.0	283.0	100000.0	2555.7776622671126	108.05994923343486
Bhathia_01	R125	283.0	283.0	100000.0	2645.43271341026	107.48749136779244
Bhathia_01	R125	283.0	283.0	100000.0	2738.2328065944866	106.90688193357802
Bhathia_01	R125	283.0	283.0	100000.0	2834.2882678897013	106.31868345754677
Bhathia_01	R125	283.0	283.0	100000.0	2933.7132935340187	105.72268797495568
Bhathia_01	R125	283.0	283.0	100000.0	3036.6260856967806	105.11878762644515
Bhathia_01	R125	283.0	283.0	100000.0	3143.1489930040857	104.50696543102706
Bhathia_01	R125	283.0	283.0	100000.0	3253.4086559938396	103.887182593964
Bhathia_01	R125	283.0	283.0	100000.0	3367.536157673288	103.25938483262298
Bhathia_01	R125	283.0	283.0	100000.0	3485.667179358007	102.62350257031653
Bhathia_01	R125	283.0	283.0	100000.0	3607.9421619776303	101.97947467140357
Bhathia_01	R125	283.0	283.0	100000.0	3734.506473040075	101.32724893755187
Bhathia_01	R125	283.0	283.0	100000.0	3865.5105794527676	100.66677744801058
Bhathia_01	R125	283.0	283.0	100000.0	4001.1102264063275	99.99800142915952
Bhathia_01	R125	283.0	283.0	100000.0	4141.466622533378	99.32086814140106
Bhathia_01	R125	283.0	283.0	100000.0	4286.746631562607	98.63531904225466
Bhathia_01	R125	283.0	283.0	100000.0	4437.122970695934	97.94129014651482
Bhathia_01	R125	283.0	283.0	100000.0	4592.774415944617	97.23873071795506
Bhathia_01	R125	283.0	283.0	100000.0	4753.8860146684265	96.52758130976622
Bhathia_01	R125	283.0	283.0	100000.0	4920.649305570547	95.80778281806867
Bhathia_01	R125	283.0	283.0	100000.0	5093.26254640977	95.0792756494742
Bhathia_01	R125	283.0	283.0	100000.0	5271.9309497006825	94.34200849994843
Bhathia_01	R125	283.0	283.0	100000.0	5456.8669266820625	93.59591611538805
Bhathia_01	R125	283.0	283.0	100000.0	5648.290339843539	92.84093734656116
Bhathia_01	R125	283.0	283.0	100000.0	5846.4287643107255	92.0770238453081
Bhathia_01	R125	283.0	283.0	100000.0	6051.517758399548	91.30410414256744
Bhathia_01	R125	283.0	283.0	100000.0	6263.801143661515	90.52212642221622
Bhathia_01	R125	283.0	283.0	100000.0	6483.531294752719	89.73102997433915
Bhathia_01	R125	283.0	283.0	100000.0	6710.9694394713115	88.93074686788952
Bhathia_01	R125	283.0	283.0	100000.0	6946.385969320071	88.12123970115545
Bhathia_01	R125	283.0	283.0	100000.0	7190.06076096333	87.30242871196067
Bhathia_01	R125	283.0	283.0	100000.0	7442.283508960394	86.47426164384305
Bhathia_01	R125	283.0	283.0	100000.0	7703.354070171016	85.63667391594815
Bhathia_01	R125	283.0	283.0	100000.0	7973.582820242459	84.78962239893465
Bhathia_01	R125	283.0	283.0	100000.0	8253.291022601827	83.93304197501183
Bhathia_01	R125	283.0	283.0	100000.0	8542.811210392447	83.06687827025708
Bhathia_01	R125	283.0	283.0	100000.0	8842.487581808335	82.19107914541618
Bhathia_01	R125	283.0	283.0	100000.0	9152.676409296731	81.30558459970177
Bhathia_01	R125	283.0	283.0	100000.0	9473.746463115214	80.41035163162512
Bhathia_01	R125	283.0	283.0	100000.0	9806.07944974691	79.50532293364066
Bhathia_01	R125	283.0	283.0	100000.0	10150.070465695051	78.59046124450067
Bhathia_01	R125	283.0	283.0	100000.0	10506.128467196331	77.66570335335983
Bhathia_01	R125	283.0	283.0	100000.0	10874.676756411529	76.73102565258405
Bhathia_01	R125	283.0	283.0	100000.0	11256.153484671382	75.78638768268995
Bhathia_01	R125	283.0	283.0	100000.0	11651.012173375993	74.83173236649405
Bhathia_01	R125	283.0	283.0	100000.0	12059.722253167078	73.86704455360709
Bhathia_01	R125	283.0	283.0	100000.0	12482.769622014002	72.8923131683461
Bhathia_01	R125	283.0	283.0	100000.0	12920.657222877158	71.9074179139839
Bhathia_01	R125	283.0	283.0	100000.0	13373.905641635398	70.91250506552801
Bhathia_01	R125	283.0	283.0	100000.0	13843.053725988231	69.90744613244331
Bhathia_01	R125	283.0	283.0	100000.0	14328.65922606916	68.89224218314949
Bhathia_01	R125	283.0	283.0	100000.0	14831.299457530586	67.86689146555366
Bhathia_01	R125	283.0	283.0	100000.0	15351.571987890213	66.83141876935287
Bhathia_01	R125	283.0	283.0	100000.0	15890.095346953078	65.78581070782555
Bhathia_01	R125	283.0	283.0	100000.0	16447.509762155743	64.7301051263115
Bhathia_01	R125	283.0	283.0	100000.0	17024.47791970484	63.66431023270999
Bhathia_01	R125	283.0	283.0	100000.0	17621.68575241697	62.58847071245922
Bhathia_01	R125	283.0	283.0	100000.0	18239.84325519438	61.5026215545518
Bhathia_01	R125	283.0	283.0	100000.0	18879.685329108175	60.4068183304697
Bhathia_01	R125	283.0	283.0	100000.0	19541.972655090256	59.301121691774306
Bhathia_01	R125	283.0	283.0	100000.0	20227.49259827501	58.18560233798057
Bhathia_01	R125	283.0	283.0	100000.0	20937.060144063526	57.06034325268614
Bhathia_01	R125	283.0	283.0	100000.0	21671.518867025392	55.92543688615588
Bhathia_01	R125	283.0	283.0	100000.0	22431.741933788304	54.78098855998936
Bhathia_01	R125	283.0	283.0	100000.0	23218.633141108625	53.62712602568491
Bhathia_01	R125	283.0	283.0	100000.0	24033.127990356785	52.463966385282134
Bhathia_01	R125	283.0	283.0	100000.0	24876.194799694935	51.29166344452687
Bhathia_01	R125	283.0	283.0	100000.0	25748.835855269062	50.11037403020293
Bhathia_01	R125	283.0	283.0	100000.0	26652.088602784228	48.920270048509714
Bhathia_01	R125	283.0	283.0	100000.0	27587.026880879475	47.72153806088736
Bhathia_01	R125	283.0	283.0	100000.0	28554.762197768767	46.5143847344446
Bhathia_01	R125	283.0	283.0	100000.0	29556.445052665636	45.29902697361807
Bhathia_01	R125	283.0	283.0	100000.0	30593.266303562625	44.075695165348606
Bhathia_01	R125	283.0	283.0	100000.0	31666.458582991498	42.84464439360475
Bhathia_01	R125	283.0	283.0	100000.0	32777.29776344747	41.606141905807085
Bhathia_01	R125	283.0	283.0	100000.0	33927.104474219595	40.360467550915374
Bhathia_01	R125	283.0	283.0	100000.0	35117.24567143027	39.107917895918064
Bhathia_01	R125	283.0	283.0	100000.0	36349.13626315173	37.848818341615676
Bhathia_01	R125	283.0	283.0	100000.0	37624.240791528864	36.58351137919048
Bhathia_01	R125	283.0	283.0	100000.0	38944.07517391196	35.312313405062746
Bhathia_01	R125	283.0	283.0	100000.0	40310.20850506498	34.035625655673606
Bhathia_01	R125	283.0	283.0	100000.0	41724.264922596594	32.75381319768476
Bhathia_01	R125	283.0	283.0	100000.0	43187.92553782676	31.467280299927626
Bhathia_01	R125	283.0	283.0	100000.0	44702.93043438957	30.17644411405645
Bhathia_01	R125	283.0	283.0	100000.0	46271.08073694302	28.881735613261835
Bhathia_01	R125	283.0	283.0	100000.0	47894.24075245067	27.58359941804771
Bhathia_01	R125	283.0	283.0	100000.0	49574.34018657513	26.282495152794322
Bhathia_01	R125	283.0	283.0	100000.0	51313.376437824336	24.97889743299123
Bhathia_01	R125	283.0	283.0	100000.0	53113.41697217184	23.6732966215813
Bhathia_01	R125	283.0	283.0	100000.0	54976.60178098003	22.366188544427335
Bhathia_01	R125	283.0	283.0	100000.0	56905.14592514396	21.05808602223582
Bhathia_01	R125	283.0	283.0	100000.0	58901.34216848284	19.749509540539492
Bhathia_01	R125	283.0	283.0	100000.0	60967.5637035091	18.440991273085263
Bhathia_01	R125	283.0	283.0	100000.0	63106.2669728156	17.13307048444984
Bhathia_01	R125	283.0	283.0	100000.0	65319.99458943548	15.8262932252476
Bhathia_01	R125	283.0	283.0	100000.0	67611.3783596462	14.521213168907387
Bhathia_01	R125	283.0	283.0	100000.0	69983.14241181171	13.218387799295794
Bhathia_01	R125	283.0	283.0	100000.0	72438.10643498244	11.91837884527983
Bhathia_01	R125	283.0	283.0	100000.0	74979.18903110319	10.621750417982163
Bhathia_01	R125	283.0	283.0	100000.0	77609.41118481442	9.329066938962125
Bhathia_01	R125	283.0	283.0	100000.0	80331.89985497203	8.040893280566769
Bhathia_01	R125	283.0	283.0	100000.0	83149.89169215517	6.7577925247985755
Bhathia_01	R125	283.0	283.0	100000.0	86066.7368865822	5.480324273211409
Bhathia_01	R125	283.0	283.0	100000.0	89085.903151008	4.209044014322952
Bhathia_01	R125	283.0	283.0	100000.0	92210.9798433415	2.9445017860127987
Bhathia_01	R125	283.0	283.0	100000.0	95445.68223387754	1.6872398516653586
Bhathia_01	R125	283.0	283.0	100000.0	98793.85592222596	0.4377927204715179
Bhathia_01	R125	283.0	283.0	100000.0	102259.48140917791	0.8033149264259187
Bhathia_01	R125	283.0	283.0	100000.0	105846.67882895643	2.0355697241959425
Bhathia_01	R125	283.0	283.0	100000.0	109559.71284746489	3.2584694728444625
Bhathia_01	R125	283.0	283.0	100000.0	113402.99773236972	4.47152625082572
Bhathia_01	R125	283.0	283.0	100000.0	117381.10260103126	5.6742653124353355
Bhathia_01	R125	283.0	283.0	100000.0	121498.75685253605	6.86622819263547
Bhathia_01	R125	283.0	283.0	100000.0	125760.85579027371	8.046971627147066
Bhathia_01	R125	283.0	283.0	100000.0	130172.46644175818	9.21607042460784
Bhathia_01	R125	283.0	283.0	100000.0	134738.83358259665	10.37311620615222
Bhathia_01	R125	283.0	283.0	100000.0	139465.3859717822	11.517720059826908
Bhathia_01	R125	283.0	283.0	100000.0	144357.7428057125	12.649511577999295
Bhathia_01	R125	283.0	283.0	100000.0	149421.7203986127	13.768140397964855
Bhathia_01	R125	283.0	283.0	100000.0	154663.33909730316	14.873276271061332
Bhathia_01	R125	283.0	283.0	100000.0	160088.83043853292	15.902509075005932
Bhathia_01	R125	283.0	283.0	100000.0	165704.6445573877	15.902509075005932
Bhathia_01	R125	283.0	283.0	100000.0	171517.45785558026	15.902509075005932
Bhathia_01	R125	283.0	283.0	100000.0	177534.18093873924	15.902509075005932
Bhathia_01	R125	283.0	283.0	100000.0	183761.96683213356	15.902509075005932
Bhathia_01	R125	283.0	283.0	100000.0	190208.21948459864	15.902509075005932
Bhathia_01	R125	283.0	283.0	100000.0	196880.60257077508	15.902509075005932
Bhathia_01	R125	283.0	283.0	100000.0	203787.04860212465	15.902509075005932
Bhathia_01	R125	283.0	283.0	100000.0	210935.76835755422	15.902509075005932
Bhathia_01	R125	283.0	283.0	100000.0	218335.26064486115	15.902509075005932
Bhathia_01	R125	283.0	283.0	100000.0	225994.32240460056	15.902509075005932
Bhathia_01	R125	283.0	283.0	100000.0	233922.05916839777	15.902509075005932
Bhathia_01	R125	283.0	283.0	100000.0	242127.89588411906	15.902509075005932
Bhathia_01	R125	283.0	283.0	100000.0	250621.58812079762	15.902509075005932
Bhathia_01	R125	283.0	283.0	100000.0	259413.23366660537	15.902509075005932
Bhathia_01	R125	283.0	283.0	100000.0	268513.2845336903	15.902509075005932
Bhathia_01	R125	283.0	283.0	100000.0	277932.5593841194	15.902509075005932
Bhathia_01	R125	283.0	283.0	100000.0	287682.2563917327	15.902509075005932
Bhathia_01	R125	283.0	283.0	100000.0	297773.9665551654	15.902509075005932
Bhathia_01	R125	283.0	283.0	100000.0	308219.6874779006	15.902509075005932
Bhathia_01	R125	283.0	283.0	100000.0	319031.83763169846	15.902509075005932
Bhathia_01	R125	283.0	283.0	100000.0	330223.271120397	15.902509075005932
Bhathia_01	R125	283.0	283.0	100000.0	341807.2929615984	15.902509075005932
Bhathia_01	R125	283.0	283.0	100000.0	353797.67490444286	15.902509075005932
Bhathia_01	R125	283.0	283.0	100000.0	366208.67180225096	15.902509075005932
Bhathia_01	R125	283.0	283.0	100000.0	379055.0385595106	15.902509075005932
Bhathia_01	R125	283.0	283.0	100000.0	392352.047673353	15.902509075005932
Bhathia_01	R125	283.0	283.0	100000.0	406115.50739037304	15.902509075005932
Bhathia_01	R125	283.0	283.0	100000.0	420361.78050037875	15.902509075005932
Bhathia_01	R125	283.0	283.0	100000.0	435107.80378941365	15.902509075005932
Bhathia_01	R125	283.0	283.0	100000.0	450371.1081751789	15.902509075005932
Bhathia_01	R125	283.0	283.0	100000.0	466169.83954879304	15.902509075005932
Bhathia_01	R125	283.0	283.0	100000.0	482522.7803476675	15.902509075005932
Bhathia_01	R125	283.0	283.0	100000.0	499449.37188514473	15.902509075005932
Bhathia_01	R125	283.0	283.0	100000.0	516969.7374634458	15.902509075005932
Bhathia_01	R125	283.0	283.0	100000.0	535104.7062974056	15.902509075005932
Bhathia_01	R125	283.0	283.0	100000.0	553875.8382774384	15.902509075005932
Bhathia_01	R125	283.0	283.0	100000.0	573305.4496011657	15.902509075005932
Bhathia_01	R125	283.0	283.0	100000.0	593416.6393042037	15.902509075005932
Bhathia_01	R125	283.0	283.0	100000.0	614233.3167216032	15.902509075005932
Bhathia_01	R125	283.0	283.0	100000.0	635780.2299126569	15.902509075005932
Bhathia_01	R125	283.0	283.0	100000.0	658082.9950827911	15.902509075005932
Bhathia_01	R125	283.0	283.0	100000.0	681168.127037599	15.902509075005932
Bhathia_01	R125	283.0	283.0	100000.0	705063.0707051408	15.902509075005932
Bhathia_01	R125	283.0	283.0	100000.0	729796.2337640686	15.902509075005932
Bhathia_01	R125	283.0	283.0	100000.0	755397.0204162808	15.902509075005932
Bhathia_01	R125	283.0	283.0	100000.0	781895.866344346	15.902509075005932
Bhathia_01	R125	283.0	283.0	100000.0	809324.2748951628	15.902509075005932
Bhathia_01	R125	283.0	283.0	100000.0	837714.8545329691	15.902509075005932
Bhathia_01	R125	283.0	283.0	100000.0	867101.3576061296	15.902509075005932
Bhathia_01	R125	283.0	283.0	100000.0	897518.7204738803	15.902509075005932
Bhathia_01	R125	283.0	283.0	100000.0	929003.1050406658	15.902509075005932
Bhathia_01	R125	283.0	283.0	100000.0	961591.9417474868	15.902509075005932
Bhathia_01	R125	283.0	283.0	100000.0	995323.9740713531	15.902509075005932
Bhathia_01	R125	283.0	283.0	100000.0	1030239.3045857496	15.902509075005932
Bhathia_01	R125	283.0	283.0	100000.0	1066379.442636875	15.902509075005932
Bhathia_01	R125	283.0	283.0	100000.0	1103787.3536923314	15.902509075005932
Bhathia_01	R125	283.0	283.0	100000.0	1142507.5104209343	15.902509075005932
Bhathia_01	R125	283.0	283.0	100000.0	1182585.945564372	15.902509075005932
Bhathia_01	R125	283.0	283.0	100000.0	1224070.3066635653	15.902509075005932
Bhathia_01	R125	283.0	283.0	100000.0	1267009.912704797	15.902509075005932
Bhathia_01	R125	283.0	283.0	100000.0	1311455.8127529488	15.902509075005932
Bhathia_01	R125	283.0	283.0	100000.0	1357460.8466415561	15.902509075005932
Bhathia_01	R125	283.0	283.0	100000.0	1405079.70779183	15.902509075005932
Bhathia_01	R125	283.0	283.0	100000.0	1454369.008235332	15.902509075005932
Bhathia_01	R125	283.0	283.0	100000.0	1505387.3459176025	15.902509075005932
Bhathia_01	R125	283.0	283.0	100000.0	1558195.374362756	15.902509075005932
Bhathia_01	R125	283.0	283.0	100000.0	1612855.874781868	15.902509075005932
Bhathia_01	R125	283.0	283.0	100000.0	1669433.830710877	15.902509075005932
Bhathia_01	R125	283.0	283.0	100000.0	1727996.50526674	15.902509075005932
Bhathia_01	R125	283.0	283.0	100000.0	1788613.5211136676	15.902509075005932
Bhathia_01	R125	283.0	283.0	100000.0	1851356.9432345594	15.902509075005932
Bhathia_01	R125	283.0	283.0	100000.0	1916301.3646059704	15.902509075005932
Bhathia_01	R125	283.0	283.0	100000.0	1983523.9948785233	15.902509075005932
Bhathia_01	R125	283.0	283.0	100000.0	2053104.7521681644	15.902509075005932
Bhathia_01	R125	283.0	283.0	100000.0	2125126.3580674017	15.902509075005932
Bhathia_01	R125	283.0	283.0	100000.0	2199674.4359894753	15.902509075005932
Bhathia_01	R125	283.0	283.0	100000.0	2276837.6129623787	15.902509075005932
Bhathia_01	R125	283.0	283.0	100000.0	2356707.6249937494	15.902509075005932
Bhathia_01	R125	283.0	283.0	100000.0	2439379.426131895	15.902509075005932
Bhathia_01	R125	283.0	283.0	100000.0	2524951.301352604	15.902509075005932
Bhathia_01	R125	283.0	283.0	100000.0	2613524.9834059626	15.902509075005932
Bhathia_01	R125	283.0	283.0	100000.0	2705205.773762079	15.902509075005932
Bhathia_01	R125	283.0	283.0	100000.0	2800102.6677995026	15.902509075005932
Bhathia_01	R125	283.0	283.0	100000.0	2898328.4843851826	15.902509075005932
Bhathia_01	R125	283.0	283.0	100000.0	3000000.000000001	15.902509075005932
Bhathia_01	R125	283.0	303.0	100000.0	100.0	134.52568769005632
Bhathia_01	R125	283.0	303.0	100000.0	103.5079362523115	134.52568769005632
Bhathia_01	R125	283.0	303.0	100000.0	107.13892867212581	134.52568769005632
Bhathia_01	R125	283.0	303.0	100000.0	110.89729399135348	134.52568769005632
Bhathia_01	R125	283.0	303.0	100000.0	114.78750037010863	134.52568769005632
Bhathia_01	R125	283.0	303.0	100000.0	118.81417270871387	134.52568769005632
Bhathia_01	R125	283.0	303.0	100000.0	122.98209814604685	134.52568769005632
Bhathia_01	R125	283.0	303.0	100000.0	127.29623175076546	134.52568769005632
Bhathia_01	R125	283.0	303.0	100000.0	131.76170241217702	134.52568769005632
Bhathia_01	R125	283.0	303.0	100000.0	136.3838189377566	134.52568769005632
Bhathia_01	R125	283.0	303.0	100000.0	141.16807636456102	134.52568769005632
Bhathia_01	R125	283.0	303.0	100000.0	146.12016249204424	134.52568769005632
Bhathia_01	R125	283.0	303.0	100000.0	151.24596464403913	134.52568769005632
Bhathia_01	R125	283.0	303.0	100000.0	156.55157666794562	134.52568769005632
Bhathia_01	R125	283.0	303.0	100000.0	162.04330617944572	134.52568769005632
Bhathia_01	R125	283.0	303.0	100000.0	167.72768206135862	134.52568769005632
Bhathia_01	R125	283.0	303.0	100000.0	173.6114622255508	134.52568769005632
Bhathia_01	R125	283.0	303.0	100000.0	179.70164164712898	134.52568769005632
Bhathia_01	R125	283.0	303.0	100000.0	186.00546068046754	134.52568769005632
Bhathia_01	R125	283.0	303.0	100000.0	192.53041366695666	134.52568769005632
Bhathia_01	R125	283.0	303.0	100000.0	199.28425784470534	134.52568769005632
Bhathia_01	R125	283.0	303.0	100000.0	206.27502257078967	134.52568769005632
Bhathia_01	R125	283.0	303.0	100000.0	213.51101886701414	134.52568769005632
Bhathia_01	R125	283.0	303.0	100000.0	221.00084930052978	134.52568769005632
Bhathia_01	R125	283.0	303.0	100000.0	228.7534182110594	134.52568769005632
Bhathia_01	R125	283.0	303.0	100000.0	236.77794229688686	134.52568769005632
Bhathia_01	R125	283.0	303.0	100000.0	245.08396157219659	134.52568769005632
Bhathia_01	R125	283.0	303.0	100000.0	253.68135070878884	134.52568769005632
Bhathia_01	R125	283.0	303.0	100000.0	262.58033077565597	134.52568769005632
Bhathia_01	R125	283.0	303.0	100000.0	271.7914813903746	134.52568769005632
Bhathia_01	R125	283.0	303.0	100000.0	281.32575329676206	134.52568769005632
Bhathia_01	R125	283.0	303.0	100000.0	291.1944813837476	134.52568769005632
Bhathia_01	R125	283.0	303.0	100000.0	301.4093981609385	134.52568769005632
Bhathia_01	R125	283.0	303.0	100000.0	311.9826477069	134.52568769005632
Bhathia_01	R125	283.0	303.0	100000.0	322.92680010673166	134.52568769005632
Bhathia_01	R125	283.0	303.0	100000.0	334.2548663961052	134.52568769005632
Bhathia_01	R125	283.0	303.0	100000.0	345.9803140295299	134.52568769005632
Bhathia_01	R125	283.0	303.0	100000.0	358.11708289123294	134.52568769005632
Bhathia_01	R125	283.0	303.0	100000.0	370.67960186769494	134.52568769005632
Bhathia_01	R125	283.0	303.0	100000.0	383.6828060015357	134.52568769005632
Bhathia_01	R125	283.0	303.0	100000.0	397.1421542471496	134.52568769005632
Bhathia_01	R125	283.0	303.0	100000.0	411.0736478491962	134.52568769005632
Bhathia_01	R125	283.0	303.0	100000.0	425.49384936579753	134.52568769005632
Bhathia_01	R125	283.0	303.0	100000.0	440.41990235905604	134.4224084153516
Bhathia_01	R125	283.0	303.0	100000.0	455.86955177630426	134.2688571808171
Bhathia_01	R125	283.0	303.0	100000.0	471.8611650463152	134.11196298568532
Bhathia_01	R125	283.0	303.0	100000.0	488.41375391555476	133.95167660565184
Bhathia_01	R125	283.0	303.0	100000.0	505.546997050434	133.78792293260423
Bhathia_01	R125	283.0	303.0	100000.0	523.2812634324383	133.6206422605061
Bhathia_01	R125	283.0	303.0	100000.0	541.6376365739385	133.4497749378289
Bhathia_01	R125	283.0	303.0	100000.0	560.6379395834789	133.2752528332733
Bhathia_01	R125	283.0	303.0	100000.0	580.30476111034	133.09701788506018
Bhathia_01	R125	283.0	303.0	100000.0	600.6614821992193	132.91498488393415
Bhathia_01	R125	283.0	303.0	100000.0	621.7323040869574	132.72910225211743
Bhathia_01	R125	283.0	303.0	100000.0	643.5422769743552	132.5393000096002
Bhathia_01	R125	283.0	303.0	100000.0	666.1173298072896	132.3455086975088
Bhathia_01	R125	283.0	303.0	100000.0	689.4843011025289	132.14766948516365
Bhathia_01	R125	283.0	303.0	100000.0	713.670970854901	131.94568452122544
Bhathia_01	R125	283.0	303.0	100000.0	738.7060935637436	131.73951239362282
Bhathia_01	R125	283.0	303.0	100000.0	764.6194324179003	131.52906841502326
Bhathia_01	R125	283.0	303.0	100000.0	791.4417946799063	131.3142991946584
Bhathia_01	R125	283.0	303.0	100000.0	819.2050683114275	131.09511192089172
Bhathia_01	R125	283.0	303.0	100000.0	847.9422598834972	130.87144327470813
Bhathia_01	R125	283.0	303.0	100000.0	877.6875338166207	130.6432300087134
Bhathia_01	R125	283.0	303.0	100000.0	908.4762529973926	130.41039801817823
Bhathia_01	R125	283.0	303.0	100000.0	940.3450208199293	130.172860635465
Bhathia_01	R125	283.0	303.0	100000.0	973.3317247020778	129.93055523996728
Bhathia_01	R125	283.0	303.0	100000.0	1007.4755811281508	129.6834115314171
Bhathia_01	R125	283.0	303.0	100000.0	1042.817182271731	129.43134544505588
Bhathia_01	R125	283.0	303.0	100000.0	1079.3985442539745	129.17430294277844
Bhathia_01	R125	283.0	303.0	100000.0	1117.2631570947824	128.9121771405745
Bhathia_01	R125	283.0	303.0	100000.0	1156.4560364162314	128.64493919155862
Bhathia_01	R125	283.0	303.0	100000.0	1197.023776959721	128.37248436233315
Bhathia_01	R125	283.0	303.0	100000.0	1239.0146079804795	128.09470083477245
Bhathia_01	R125	283.0	303.0	100000.0	1282.478450585262	127.81167669692336
Bhathia_01	R125	283.0	303.0	100000.0	1327.4669770814253	127.52309592224775
Bhathia_01	R125	283.0	303.0	100000.0	1374.0336724079282	127.22908718538282
Bhathia_01	R125	283.0	303.0	100000.0	1422.2338977212928	126.92945998237977
Bhathia_01	R125	283.0	303.0	100000.0	1472.124956212121	126.62419187272191
Bhathia_01	R125	283.0	303.0	100000.0	1523.766161230411	126.3132111005399
Bhathia_01	R125	283.0	303.0	100000.0	1577.2189068006678	125.9964225652063
Bhathia_01	R125	283.0	303.0	100000.0	1632.5467406106395	125.67376235601186
Bhathia_01	R125	283.0	303.0	100000.0	1689.81543956045	125.34516198617351
Bhathia_01	R125	283.0	303.0	100000.0	1749.093087961948	125.01055166842877
Bhathia_01	R125	283.0	303.0	100000.0	1810.45015848124	124.66985784752458
Bhathia_01	R125	283.0	303.0	100000.0	1873.9595959206342	124.32299971519477
Bhathia_01	R125	283.0	303.0	100000.0	1939.6969039396042	123.96991960768179
Bhathia_01	R125	283.0	303.0	100000.0	2007.7402348178655	123.61053090589816
Bhathia_01	R125	283.0	303.0	100000.0	2078.1704823672853	123.24479701767196
Bhathia_01	R125	283.0	303.0	100000.0	2151.0713781030845	122.87261853449716
Bhathia_01	R125	283.0	303.0	100000.0	2226.529590788659	122.4939380937118
Bhathia_01	R125	283.0	303.0	100000.0	2304.63482947238	122.10869041859522
Bhathia_01	R125	283.0	303.0	100000.0	2385.479950138839	121.71679744075382
Bhathia_01	R125	283.0	303.0	100000.0	2469.161066101381	121.31821805856445
Bhathia_01	R125	283.0	303.0	100000.0	2555.7776622671126	120.91287580048709
Bhathia_01	R125	283.0	303.0	100000.0	2645.43271341026	120.50066742369752
Bhathia_01	R125	283.0	303.0	100000.0	2738.2328065944866	120.08158620104616
Bhathia_01	R125	283.0	303.0	100000.0	2834.2882678897013	119.65554560485148
Bhathia_01	R125	283.0	303.0	100000.0	2933.7132935340187	119.22248865622105
Bhathia_01	R125	283.0	303.0	100000.0	3036.6260856967806	118.78235076571153
Bhathia_01	R125	283.0	303.0	100000.0	3143.1489930040857	118.33507420768079
Bhathia_01	R125	283.0	303.0	100000.0	3253.4086559938396	117.88060151178773
Bhathia_01	R125	283.0	303.0	100000.0	3367.536157673288	117.41887067700245
Bhathia_01	R125	283.0	303.0	100000.0	3485.667179358007	116.94982258033765
Bhathia_01	R125	283.0	303.0	100000.0	3607.9421619776303	116.47341948902425
Bhathia_01	R125	283.0	303.0	100000.0	3734.506473040075	115.98957372396484
Bhathia_01	R125	283.0	303.0	100000.0	3865.5105794527676	115.49826057579415
Bhathia_01	R125	283.0	303.0	100000.0	4001.1102264063275	114.99941938300367
Bhathia_01	R125	283.0	303.0	100000.0	4141.466622533378	114.49298172247177
Bhathia_01	R125	283.0	303.0	100000.0	4286.746631562607	113.97892536487888
Bhathia_01	R125	283.0	303.0	100000.0	4437.122970695934	113.45717311731106
Bhathia_01	R125	283.0	303.0	100000.0	4592.774415944617	112.92767928165794
Bhathia_01	R125	283.0	303.0	100000.0	4753.8860146684265	112.3904231648731
Bhathia_01	R125	283.0	303.0	100000.0	4920.649305570547	111.84531647102799
Bhathia_01	R125	283.0	303.0	100000.0	5093.26254640977	111.29231951200774
Bhathia_01	R125	283.0	303.0	100000.0	5271.9309497006825	110.73142917453815
Bhathia_01	R125	283.0	303.0	100000.0	5456.8669266820625	110.16255878169036
Bhathia_01	R125	283.0	303.0	100000.0	5648.290339843539	109.58562170428472
Bhathia_01	R125	283.0	303.0	100000.0	5846.4287643107255	109.00065963924739
Bhathia_01	R125	283.0	303.0	100000.0	6051.517758399548	108.40766000626985
Bhathia_01	R125	283.0	303.0	100000.0	6263.801143661515	107.80630448304476
Bhathia_01	R125	283.0	303.0	100000.0	6483.531294752719	107.19702992200978
Bhathia_01	R125	283.0	303.0	100000.0	6710.9694394713115	106.5793638124262
Bhathia_01	R125	283.0	303.0	100000.0	6946.385969320071	105.95339653276889
Bhathia_01	R125	283.0	303.0	100000.0	7190.06076096333	105.31911841147277
Bhathia_01	R125	283.0	303.0	100000.0	7442.283508960394	104.67648724243847
Bhathia_01	R125	283.0	303.0	100000.0	7703.354070171016	104.02545738910632
Bhathia_01	R125	283.0	303.0	100000.0	7973.582820242459	103.36597067359769
Bhathia_01	R125	283.0	303.0	100000.0	8253.291022601827	102.69797874365125
Bhathia_01	R125	283.0	303.0	100000.0	8542.811210392447	102.0214413912399
Bhathia_01	R125	283.0	303.0	100000.0	8842.487581808335	101.3363191182372
Bhathia_01	R125	283.0	303.0	100000.0	9152.676409296731	100.64257181809717
Bhathia_01	R125	283.0	303.0	100000.0	9473.746463115214	99.9401501494863
Bhathia_01	R125	283.0	303.0	100000.0	9806.07944974691	99.22900959872902
Bhathia_01	R125	283.0	303.0	100000.0	10150.070465695051	98.5091012213811
Bhathia_01	R125	283.0	303.0	100000.0	10506.128467196331	97.78039129089485
Bhathia_01	R125	283.0	303.0	100000.0	10874.676756411529	97.0428176582784
Bhathia_01	R125	283.0	303.0	100000.0	11256.153484671382	96.29634222612687
Bhathia_01	R125	283.0	303.0	100000.0	11651.012173375993	95.54090826090211
Bhathia_01	R125	283.0	303.0	100000.0	12059.722253167078	94.77647555418253
Bhathia_01	R125	283.0	303.0	100000.0	12482.769622014002	94.00298565760166
Bhathia_01	R125	283.0	303.0	100000.0	12920.657222877158	93.2203919211921
Bhathia_01	R125	283.0	303.0	100000.0	13373.905641635398	92.42864223413018
Bhathia_01	R125	283.0	303.0	100000.0	13843.053725988231	91.62768305800714
Bhathia_01	R125	283.0	303.0	100000.0	14328.65922606916	90.81746838461953
Bhathia_01	R125	283.0	303.0	100000.0	14831.299457530586	89.99793720687619
Bhathia_01	R125	283.0	303.0	100000.0	15351.571987890213	89.16905845042342
Bhathia_01	R125	283.0	303.0	100000.0	15890.095346953078	88.33070777932559
Bhathia_01	R125	283.0	303.0	100000.0	16447.509762155743	87.48289598740823
Bhathia_01	R125	283.0	303.0	100000.0	17024.47791970484	86.62555659573269
Bhathia_01	R125	283.0	303.0	100000.0	17621.68575241697	85.7586263754847
Bhathia_01	R125	283.0	303.0	100000.0	18239.84325519438	84.88204228774717
Bhathia_01	R125	283.0	303.0	100000.0	18879.685329108175	83.99576402682132
Bhathia_01	R125	283.0	303.0	100000.0	19541.972655090256	83.0997245108693
Bhathia_01	R125	283.0	303.0	100000.0	20227.49259827501	82.19388394137154
Bhathia_01	R125	283.0	303.0	100000.0	20937.060144063526	81.27817118343751
Bhathia_01	R125	283.0	303.0	100000.0	21671.518867025392	80.3525514543285
Bhathia_01	R125	283.0	303.0	100000.0	22431.741933788304	79.41695651645144
Bhathia_01	R125	283.0	303.0	100000.0	23218.633141108625	78.47134852697617
Bhathia_01	R125	283.0	303.0	100000.0	24033.127990356785	77.51567907827098
Bhathia_01	R125	283.0	303.0	100000.0	24876.194799694935	76.54991561696735
Bhathia_01	R125	283.0	303.0	100000.0	25748.835855269062	75.57399890941099
Bhathia_01	R125	283.0	303.0	100000.0	26652.088602784228	74.58790257048432
Bhathia_01	R125	283.0	303.0	100000.0	27587.026880879475	73.59160951141642
Bhathia_01	R125	283.0	303.0	100000.0	28554.762197768767	72.58503677886814
Bhathia_01	R125	283.0	303.0	100000.0	29556.445052665636	71.56820667514953
Bhathia_01	R125	283.0	303.0	100000.0	30593.266303562625	70.54117948938104
Bhathia_01	R125	283.0	303.0	100000.0	31666.458582991498	69.50378634009955
Bhathia_01	R125	283.0	303.0	100000.0	32777.29776344747	68.45612235855769
Bhathia_01	R125	283.0	303.0	100000.0	33927.104474219595	67.39816418531898
Bhathia_01	R125	283.0	303.0	100000.0	35117.24567143027	66.32993343728172
Bhathia_01	R125	283.0	303.0	100000.0	36349.13626315173	65.25144703817867
Bhathia_01	R125	283.0	303.0	100000.0	37624.240791528864	64.16274095284216
Bhathia_01	R125	283.0	303.0	100000.0	38944.07517391196	63.06385106370656
Bhathia_01	R125	283.0	303.0	100000.0	40310.20850506498	61.95484002205515
Bhathia_01	R125	283.0	303.0	100000.0	41724.264922596594	60.83576174125666
Bhathia_01	R125	283.0	303.0	100000.0	43187.92553782676	59.706706007040644
Bhathia_01	R125	283.0	303.0	100000.0	44702.93043438957	58.56775150221173
Bhathia_01	R125	283.0	303.0	100000.0	46271.08073694302	57.41901512606898
Bhathia_01	R125	283.0	303.0	100000.0	47894.24075245067	56.26061042851317
Bhathia_01	R125	283.0	303.0	100000.0	49574.34018657513	55.09267382988347
Bhathia_01	R125	283.0	303.0	100000.0	51313.376437824336	53.91536039313247
Bhathia_01	R125	283.0	303.0	100000.0	53113.41697217184	52.72884274932062
Bhathia_01	R125	283.0	303.0	100000.0	54976.60178098003	51.53330109694441
Bhathia_01	R125	283.0	303.0	100000.0	56905.14592514396	50.328942133873156
Bhathia_01	R125	283.0	303.0	100000.0	58901.34216848284	49.11599185270935
Bhathia_01	R125	283.0	303.0	100000.0	60967.5637035091	47.89469459132786
Bhathia_01	R125	283.0	303.0	100000.0	63106.2669728156	46.66531306644291
Bhathia_01	R125	283.0	303.0	100000.0	65319.99458943548	45.428127669976945
Bhathia_01	R125	283.0	303.0	100000.0	67611.3783596462	44.183448813218355
Bhathia_01	R125	283.0	303.0	100000.0	69983.14241181171	42.93159989757854
Bhathia_01	R125	283.0	303.0	100000.0	72438.10643498244	41.67292652549703
Bhathia_01	R125	283.0	303.0	100000.0	74979.18903110319	40.40779358696497
Bhathia_01	R125	283.0	303.0	100000.0	77609.41118481442	39.13658982061996
Bhathia_01	R125	283.0	303.0	100000.0	80331.89985497203	37.859731041668674
Bhathia_01	R125	283.0	303.0	100000.0	83149.89169215517	36.577656755347654
Bhathia_01	R125	283.0	303.0	100000.0	86066.7368865822	35.290783236559335
Bhathia_01	R125	283.0	303.0	100000.0	89085.903151008	33.999618598368066
Bhathia_01	R125	283.0	303.0	100000.0	92210.9798433415	32.70463560789349
Bhathia_01	R125	283.0	303.0	100000.0	95445.68223387754	31.406347901957343
Bhathia_01	R125	283.0	303.0	100000.0	98793.85592222596	30.105285438975947
Bhathia_01	R125	283.0	303.0	100000.0	102259.48140917791	28.801994567222984
Bhathia_01	R125	283.0	303.0	100000.0	105846.67882895643	27.497036057722436
Bhathia_01	R125	283.0	303.0	100000.0	109559.71284746489	26.190988110944165
Bhathia_01	R125	283.0	303.0	100000.0	113402.99773236972	24.884443372577785
Bhathia_01	R125	283.0	303.0	100000.0	117381.10260103126	23.578005128869723
Bhathia_01	R125	283.0	303.0	100000.0	121498.75685253605	22.27229126077139
Bhathia_01	R125	283.0	303.0	100000.0	125760.85579027371	20.967927786883788
Bhathia_01	R125	283.0	303.0	100000.0	130172.46644175818	19.66554866088049
Bhathia_01	R125	283.0	303.0	100000.0	134738.83358259665	18.365797237736324
Bhathia_01	R125	283.0	303.0	100000.0	139465.3859717822	17.06931941860883
Bhathia_01	R125	283.0	303.0	100000.0	144357.7428057125	15.776764435322026
Bhathia_01	R125	283.0	303.0	100000.0	149421.7203986127	14.488785138397574
Bhathia_01	R125	283.0	303.0	100000.0	154663.33909730316	13.206032421120494
Bhathia_01	R125	283.0	303.0	100000.0	160088.83043853292	11.929155570377121
Bhathia_01	R125	283.0	303.0	100000.0	165704.6445573877	10.658800122423564
Bhathia_01	R125	283.0	303.0	100000.0	171517.45785558026	9.395604835475202
Bhathia_01	R125	283.0	303.0	100000.0	177534.18093873924	8.14020193018054
Bhathia_01	R125	283.0	303.0	100000.0	183761.96683213356	6.8932135120602736
Bhathia_01	R125	283.0	303.0	100000.0	190208.21948459864	5.65525004027179
Bhathia_01	R125	283.0	303.0	100000.0	196880.60257077508	4.426909980730136
Bhathia_01	R125	283.0	303.0	100000.0	203787.04860212465	3.208776267493862
Bhathia_01	R125	283.0	303.0	100000.0	210935.76835755422	2.001415988764065
Bhathia_01	R125	283.0	303.0	100000.0	218335.26064486115	0.8053787529082462
Bhathia_01	R125	283.0	303.0	100000.0	225994.32240460056	0.378805517282651
Bhathia_01	R125	283.0	303.0	100000.0	233922.05916839777	1.5506264908025627
Bhathia_01	R125	283.0	303.0	100000.0	242127.89588411906	2.7095962304129504
Bhathia_01	R125	283.0	303.0	100000.0	250621.58812079762	3.8552487050441226
Bhathia_01	R125	283.0	303.0	100000.0	259413.23366660537	4.987141953400444
Bhathia_01	R125	283.0	303.0	100000.0	268513.2845336903	6.104858324655359
Bhathia_01	R125	283.0	303.0	100000.0	277932.5593841194	7.208004987836231
Bhathia_01	R125	283.0	303.0	100000.0	287682.2563917327	8.296215480519749
Bhathia_01	R125	283.0	303.0	100000.0	297773.9665551654	9.369148870680226
Bhathia_01	R125	283.0	303.0	100000.0	308219.6874779006	10.42649108030845
Bhathia_01	R125	283.0	303.0	100000.0	319031.83763169846	11.467954866031029
Bhathia_01	R125	283.0	303.0	100000.0	330223.271120397	12.493279535997626
Bhathia_01	R125	283.0	303.0	100000.0	341807.2929615984	13.502231386598073
Bhathia_01	R125	283.0	303.0	100000.0	353797.67490444286	14.494603494781419
Bhathia_01	R125	283.0	303.0	100000.0	366208.67180225096	15.470215337899102
Bhathia_01	R125	283.0	303.0	100000.0	379055.0385595106	15.902509075005932
Bhathia_01	R125	283.0	303.0	100000.0	392352.047673353	15.902509075005932
Bhathia_01	R125	283.0	303.0	100000.0	406115.50739037304	15.902509075005932
Bhathia_01	R125	283.0	303.0	100000.0	420361.78050037875	15.902509075005932
Bhathia_01	R125	283.0	303.0	100000.0	435107.80378941365	15.902509075005932
Bhathia_01	R125	283.0	303.0	100000.0	450371.1081751789	15.902509075005932
Bhathia_01	R125	283.0	303.0	100000.0	466169.83954879304	15.902509075005932
Bhathia_01	R125	283.0	303.0	100000.0	482522.7803476675	15.902509075005932
Bhathia_01	R125	283.0	303.0	100000.0	499449.37188514473	15.902509075005932
Bhathia_01	R125	283.0	303.0	100000.0	516969.7374634458	15.902509075005932
Bhathia_01	R125	283.0	303.0	100000.0	535104.7062974056	15.902509075005932
Bhathia_01	R125	283.0	303.0	100000.0	553875.8382774384	15.902509075005932
Bhathia_01	R125	283.0	303.0	100000.0	573305.4496011657	15.902509075005932
Bhathia_01	R125	283.0	303.0	100000.0	593416.6393042037	15.902509075005932
Bhathia_01	R125	283.0	303.0	100000.0	614233.3167216032	15.902509075005932
Bhathia_01	R125	283.0	303.0	100000.0	635780.2299126569	15.902509075005932
Bhathia_01	R125	283.0	303.0	100000.0	658082.9950827911	15.902509075005932
Bhathia_01	R125	283.0	303.0	100000.0	681168.127037599	15.902509075005932
Bhathia_01	R125	283.0	303.0	100000.0	705063.0707051408	15.902509075005932
Bhathia_01	R125	283.0	303.0	100000.0	729796.2337640686	15.902509075005932
Bhathia_01	R125	283.0	303.0	100000.0	755397.0204162808	15.902509075005932
Bhathia_01	R125	283.0	303.0	100000.0	781895.866344346	15.902509075005932
Bhathia_01	R125	283.0	303.0	100000.0	809324.2748951628	15.902509075005932
Bhathia_01	R125	283.0	303.0	100000.0	837714.8545329691	15.902509075005932
Bhathia_01	R125	283.0	303.0	100000.0	867101.3576061296	15.902509075005932
Bhathia_01	R125	283.0	303.0	100000.0	897518.7204738803	15.902509075005932
Bhathia_01	R125	283.0	303.0	100000.0	929003.1050406658	15.902509075005932
Bhathia_01	R125	283.0	303.0	100000.0	961591.9417474868	15.902509075005932
Bhathia_01	R125	283.0	303.0	100000.0	995323.9740713531	15.902509075005932
Bhathia_01	R125	283.0	303.0	100000.0	1030239.3045857496	15.902509075005932
Bhathia_01	R125	283.0	303.0	100000.0	1066379.442636875	15.902509075005932
Bhathia_01	R125	283.0	303.0	100000.0	1103787.3536923314	15.902509075005932
Bhathia_01	R125	283.0	303.0	100000.0	1142507.5104209343	15.902509075005932
Bhathia_01	R125	283.0	303.0	100000.0	1182585.945564372	15.902509075005932
Bhathia_01	R125	283.0	303.0	100000.0	1224070.3066635653	15.902509075005932
Bhathia_01	R125	283.0	303.0	100000.0	1267009.912704797	15.902509075005932
Bhathia_01	R125	283.0	303.0	100000.0	1311455.8127529488	15.902509075005932
Bhathia_01	R125	283.0	303.0	100000.0	1357460.8466415561	15.902509075005932
Bhathia_01	R125	283.0	303.0	100000.0	1405079.70779183	15.902509075005932
Bhathia_01	R125	283.0	303.0	100000.0	1454369.008235332	15.902509075005932
Bhathia_01	R125	283.0	303.0	100000.0	1505387.3459176025	15.902509075005932
Bhathia_01	R125	283.0	303.0	100000.0	1558195.374362756	15.902509075005932
Bhathia_01	R125	283.0	303.0	100000.0	1612855.874781868	15.902509075005932
Bhathia_01	R125	283.0	303.0	100000.0	1669433.830710877	15.902509075005932
Bhathia_01	R125	283.0	303.0	100000.0	1727996.50526674	15.902509075005932
Bhathia_01	R125	283.0	303.0	100000.0	1788613.5211136676	15.902509075005932
Bhathia_01	R125	283.0	303.0	100000.0	1851356.9432345594	15.902509075005932
Bhathia_01	R125	283.0	303.0	100000.0	1916301.3646059704	15.902509075005932
Bhathia_01	R125	283.0	303.0	100000.0	1983523.9948785233	15.902509075005932
Bhathia_01	R125	283.0	303.0	100000.0	2053104.7521681644	15.902509075005932
Bhathia_01	R125	283.0	303.0	100000.0	2125126.3580674017	15.902509075005932
Bhathia_01	R125	283.0	303.0	100000.0	2199674.4359894753	15.902509075005932
Bhathia_01	R125	283.0	303.0	100000.0	2276837.6129623787	15.902509075005932
Bhathia_01	R125	283.0	303.0	100000.0	2356707.6249937494	15.902509075005932
Bhathia_01	R125	283.0	303.0	100000.0	2439379.426131895	15.902509075005932
Bhathia_01	R125	283.0	303.0	100000.0	2524951.301352604	15.902509075005932
Bhathia_01	R125	283.0	303.0	100000.0	2613524.9834059626	15.902509075005932
Bhathia_01	R125	283.0	303.0	100000.0	2705205.773762079	15.902509075005932
Bhathia_01	R125	283.0	303.0	100000.0	2800102.6677995026	15.902509075005932
Bhathia_01	R125	283.0	303.0	100000.0	2898328.4843851826	15.902509075005932
Bhathia_01	R125	283.0	303.0	100000.0	3000000.000000001	15.902509075005932
Bhathia_01	R125	283.0	333.0	100000.0	100.0	134.52568769005632
Bhathia_01	R125	283.0	333.0	100000.0	103.5079362523115	134.52568769005632
Bhathia_01	R125	283.0	333.0	100000.0	107.13892867212581	134.52568769005632
Bhathia_01	R125	283.0	333.0	100000.0	110.89729399135348	134.52568769005632
Bhathia_01	R125	283.0	333.0	100000.0	114.78750037010863	134.52568769005632
Bhathia_01	R125	283.0	333.0	100000.0	118.81417270871387	134.52568769005632
Bhathia_01	R125	283.0	333.0	100000.0	122.98209814604685	134.52568769005632
Bhathia_01	R125	283.0	333.0	100000.0	127.29623175076546	134.52568769005632
Bhathia_01	R125	283.0	333.0	100000.0	131.76170241217702	134.52568769005632
Bhathia_01	R125	283.0	333.0	100000.0	136.3838189377566	134.52568769005632
Bhathia_01	R125	283.0	333.0	100000.0	141.16807636456102	134.52568769005632
Bhathia_01	R125	283.0	333.0	100000.0	146.12016249204424	134.52568769005632
Bhathia_01	R125	283.0	333.0	100000.0	151.24596464403913	134.52568769005632
Bhathia_01	R125	283.0	333.0	100000.0	156.55157666794562	134.52568769005632
Bhathia_01	R125	283.0	333.0	100000.0	162.04330617944572	134.52568769005632
Bhathia_01	R125	283.0	333.0	100000.0	167.72768206135862	134.52568769005632
Bhathia_01	R125	283.0	333.0	100000.0	173.6114622255508	134.52568769005632
Bhathia_01	R125	283.0	333.0	100000.0	179.70164164712898	134.52568769005632
Bhathia_01	R125	283.0	333.0	100000.0	186.00546068046754	134.52568769005632
Bhathia_01	R125	283.0	333.0	100000.0	192.53041366695666	134.52568769005632
Bhathia_01	R125	283.0	333.0	100000.0	199.28425784470534	134.52568769005632
Bhathia_01	R125	283.0	333.0	100000.0	206.27502257078967	134.52568769005632
Bhathia_01	R125	283.0	333.0	100000.0	213.51101886701414	134.52568769005632
Bhathia_01	R125	283.0	333.0	100000.0	221.00084930052978	134.52568769005632
Bhathia_01	R125	283.0	333.0	100000.0	228.7534182110594	134.52568769005632
Bhathia_01	R125	283.0	333.0	100000.0	236.77794229688686	134.52568769005632
Bhathia_01	R125	283.0	333.0	100000.0	245.08396157219659	134.52568769005632
Bhathia_01	R125	283.0	333.0	100000.0	253.68135070878884	134.52568769005632
Bhathia_01	R125	283.0	333.0	100000.0	262.58033077565597	134.52568769005632
Bhathia_01	R125	283.0	333.0	100000.0	271.7914813903746	134.52568769005632
Bhathia_01	R125	283.0	333.0	100000.0	281.32575329676206	134.52568769005632
Bhathia_01	R125	283.0	333.0	100000.0	291.1944813837476	134.52568769005632
Bhathia_01	R125	283.0	333.0	100000.0	301.4093981609385	134.52568769005632
Bhathia_01	R125	283.0	333.0	100000.0	311.9826477069	134.52568769005632
Bhathia_01	R125	283.0	333.0	100000.0	322.92680010673166	134.52568769005632
Bhathia_01	R125	283.0	333.0	100000.0	334.2548663961052	134.52568769005632
Bhathia_01	R125	283.0	333.0	100000.0	345.9803140295299	134.52568769005632
Bhathia_01	R125	283.0	333.0	100000.0	358.11708289123294	134.52568769005632
Bhathia_01	R125	283.0	333.0	100000.0	370.67960186769494	134.52568769005632
Bhathia_01	R125	283.0	333.0	100000.0	383.6828060015357	134.52568769005632
Bhathia_01	R125	283.0	333.0	100000.0	397.1421542471496	134.52568769005632
Bhathia_01	R125	283.0	333.0	100000.0	411.0736478491962	134.52568769005632
Bhathia_01	R125	283.0	333.0	100000.0	425.49384936579753	134.52568769005632
Bhathia_01	R125	283.0	333.0	100000.0	440.41990235905604	134.52568769005632
Bhathia_01	R125	283.0	333.0	100000.0	455.86955177630426	134.52568769005632
Bhathia_01	R125	283.0	333.0	100000.0	471.8611650463152	134.52568769005632
Bhathia_01	R125	283.0	333.0	100000.0	488.41375391555476	134.52568769005632
Bhathia_01	R125	283.0	333.0	100000.0	505.546997050434	134.52568769005632
Bhathia_01	R125	283.0	333.0	100000.0	523.2812634324383	134.52568769005632
Bhathia_01	R125	283.0	333.0	100000.0	541.6376365739385	134.52568769005632
Bhathia_01	R125	283.0	333.0	100000.0	560.6379395834789	134.52568769005632
Bhathia_01	R125	283.0	333.0	100000.0	580.30476111034	134.52568769005632
Bhathia_01	R125	283.0	333.0	100000.0	600.6614821992193	134.52568769005632
Bhathia_01	R125	283.0	333.0	100000.0	621.7323040869574	134.52568769005632
Bhathia_01	R125	283.0	333.0	100000.0	643.5422769743552	134.52568769005632
Bhathia_01	R125	283.0	333.0	100000.0	666.1173298072896	134.52568769005632
Bhathia_01	R125	283.0	333.0	100000.0	689.4843011025289	134.52568769005632
Bhathia_01	R125	283.0	333.0	100000.0	713.670970854901	134.52568769005632
Bhathia_01	R125	283.0	333.0	100000.0	738.7060935637436	134.52568769005632
Bhathia_01	R125	283.0	333.0	100000.0	764.6194324179003	134.52568769005632
Bhathia_01	R125	283.0	333.0	100000.0	791.4417946799063	134.52568769005632
Bhathia_01	R125	283.0	333.0	100000.0	819.2050683114275	134.52568769005632
Bhathia_01	R125	283.0	333.0	100000.0	847.9422598834972	134.52568769005632
Bhathia_01	R125	283.0	333.0	100000.0	877.6875338166207	134.52568769005632
Bhathia_01	R125	283.0	333.0	100000.0	908.4762529973926	134.52568769005632
Bhathia_01	R125	283.0	333.0	100000.0	940.3450208199293	134.52568769005632
Bhathia_01	R125	283.0	333.0	100000.0	973.3317247020778	134.52568769005632
Bhathia_01	R125	283.0	333.0	100000.0	1007.4755811281508	134.52568769005632
Bhathia_01	R125	283.0	333.0	100000.0	1042.817182271731	134.52568769005632
Bhathia_01	R125	283.0	333.0	100000.0	1079.3985442539745	134.52568769005632
Bhathia_01	R125	283.0	333.0	100000.0	1117.2631570947824	134.52568769005632
Bhathia_01	R125	283.0	333.0	100000.0	1156.4560364162314	134.52568769005632
Bhathia_01	R125	283.0	333.0	100000.0	1197.023776959721	134.52568769005632
Bhathia_01	R125	283.0	333.0	100000.0	1239.0146079804795	134.52568769005632
Bhathia_01	R125	283.0	333.0	100000.0	1282.478450585262	134.52568769005632
Bhathia_01	R125	283.0	333.0	100000.0	1327.4669770814253	134.52568769005632
Bhathia_01	R125	283.0	333.0	100000.0	1374.0336724079282	134.52568769005632
Bhathia_01	R125	283.0	333.0	100000.0	1422.2338977212928	134.52568769005632
Bhathia_01	R125	283.0	333.0	100000.0	1472.124956212121	134.52568769005632
Bhathia_01	R125	283.0	333.0	100000.0	1523.766161230411	134.52568769005632
Bhathia_01	R125	283.0	333.0	100000.0	1577.2189068006678	134.52568769005632
Bhathia_01	R125	283.0	333.0	100000.0	1632.5467406106395	134.38902305177007
Bhathia_01	R125	283.0	333.0	100000.0	1689.81543956045	134.2101215985607
Bhathia_01	R125	283.0	333.0	100000.0	1749.093087961948	134.0271111542054
Bhathia_01	R125	283.0	333.0	100000.0	1810.45015848124	133.83990400181747
Bhathia_01	R125	283.0	333.0	100000.0	1873.9595959206342	133.64845089940962
Bhathia_01	R125	283.0	333.0	100000.0	1939.6969039396042	133.4526845904652
Bhathia_01	R125	283.0	333.0	100000.0	2007.7402348178655	133.25254531153885
Bhathia_01	R125	283.0	333.0	100000.0	2078.1704823672853	133.04797329317546
Bhathia_01	R125	283.0	333.0	100000.0	2151.0713781030845	132.83889508372755
Bhathia_01	R125	283.0	333.0	100000.0	2226.529590788659	132.6252558239906
Bhathia_01	R125	283.0	333.0	100000.0	2304.63482947238	132.40699291430306
Bhathia_01	R125	283.0	333.0	100000.0	2385.479950138839	132.18406237269787
Bhathia_01	R125	283.0	333.0	100000.0	2469.161066101381	131.95636304288288
Bhathia_01	R125	283.0	333.0	100000.0	2555.7776622671126	131.723867809359
Bhathia_01	R125	283.0	333.0	100000.0	2645.43271341026	131.4865045809111
Bhathia_01	R125	283.0	333.0	100000.0	2738.2328065944866	131.24422366877675
Bhathia_01	R125	283.0	333.0	100000.0	2834.2882678897013	130.99695379422704
Bhathia_01	R125	283.0	333.0	100000.0	2933.7132935340187	130.74463815724118
Bhathia_01	R125	283.0	333.0	100000.0	3036.6260856967806	130.48723369608516
Bhathia_01	R125	283.0	333.0	100000.0	3143.1489930040857	130.22465495688084
Bhathia_01	R125	283.0	333.0	100000.0	3253.4086559938396	129.95687398516017
Bhathia_01	R125	283.0	333.0	100000.0	3367.536157673288	129.68381627274104
Bhathia_01	R125	283.0	333.0	100000.0	3485.667179358007	129.4054214044225
Bhathia_01	R125	283.0	333.0	100000.0	3607.9421619776303	129.12165366406632
Bhathia_01	R125	283.0	333.0	100000.0	3734.506473040075	128.83243324264606
Bhathia_01	R125	283.0	333.0	100000.0	3865.5105794527676	128.53770679592557
Bhathia_01	R125	283.0	333.0	100000.0	4001.1102264063275	128.23745652600067
Bhathia_01	R125	283.0	333.0	100000.0	4141.466622533378	127.93155070685162
Bhathia_01	R125	283.0	333.0	100000.0	4286.746631562607	127.62005219162639
Bhathia_01	R125	283.0	333.0	100000.0	4437.122970695934	127.30276119810044
Bhathia_01	R125	283.0	333.0	100000.0	4592.774415944617	126.9797011193759
Bhathia_01	R125	283.0	333.0	100000.0	4753.8860146684265	126.65082121752795
Bhathia_01	R125	283.0	333.0	100000.0	4920.649305570547	126.31605850144315
Bhathia_01	R125	283.0	333.0	100000.0	5093.26254640977	125.97533970942553
Bhathia_01	R125	283.0	333.0	100000.0	5271.9309497006825	125.62861315672875
Bhathia_01	R125	283.0	333.0	100000.0	5456.8669266820625	125.27582177710546
Bhathia_01	R125	283.0	333.0	100000.0	5648.290339843539	124.91691615224127
Bhathia_01	R125	283.0	333.0	100000.0	5846.4287643107255	124.55182800146505
Bhathia_01	R125	283.0	333.0	100000.0	6051.517758399548	124.18050017050983
Bhathia_01	R125	283.0	333.0	100000.0	6263.801143661515	123.80287454673635
Bhathia_01	R125	283.0	333.0	100000.0	6483.531294752719	123.41887469723949
Bhathia_01	R125	283.0	333.0	100000.0	6710.9694394713115	123.02845825575615
Bhathia_01	R125	283.0	333.0	100000.0	6946.385969320071	122.63154664792279
Bhathia_01	R125	283.0	333.0	100000.0	7190.06076096333	122.22808073610408
Bhathia_01	R125	283.0	333.0	100000.0	7442.283508960394	121.81798945192197
Bhathia_01	R125	283.0	333.0	100000.0	7703.354070171016	121.40120573013166
Bhathia_01	R125	283.0	333.0	100000.0	7973.582820242459	120.97768427105673
Bhathia_01	R125	283.0	333.0	100000.0	8253.291022601827	120.54729741820877
Bhathia_01	R125	283.0	333.0	100000.0	8542.811210392447	120.11001174679961
Bhathia_01	R125	283.0	333.0	100000.0	8842.487581808335	119.6657522862318
Bhathia_01	R125	283.0	333.0	100000.0	9152.676409296731	119.214435778546
Bhathia_01	R125	283.0	333.0	100000.0	9473.746463115214	118.75598420197417
Bhathia_01	R125	283.0	333.0	100000.0	9806.07944974691	118.29031900108924
Bhathia_01	R125	283.0	333.0	100000.0	10150.070465695051	117.817352192248
Bhathia_01	R125	283.0	333.0	100000.0	10506.128467196331	117.33701711739997
Bhathia_01	R125	283.0	333.0	100000.0	10874.676756411529	116.84919631360125
Bhathia_01	R125	283.0	333.0	100000.0	11256.153484671382	116.35384031267526
Bhathia_01	R125	283.0	333.0	100000.0	11651.012173375993	115.85083339029367
Bhathia_01	R125	283.0	333.0	100000.0	12059.722253167078	115.3400845099385
Bhathia_01	R125	283.0	333.0	100000.0	12482.769622014002	114.82152800556864
Bhathia_01	R125	283.0	333.0	100000.0	12920.657222877158	114.29503224470645
Bhathia_01	R125	283.0	333.0	100000.0	13373.905641635398	113.76052541768908
Bhathia_01	R125	283.0	333.0	100000.0	13843.053725988231	113.21791799456197
Bhathia_01	R125	283.0	333.0	100000.0	14328.65922606916	112.6670761475547
Bhathia_01	R125	283.0	333.0	100000.0	14831.299457530586	112.10792829653617
Bhathia_01	R125	283.0	333.0	100000.0	15351.571987890213	111.5403828919347
Bhathia_01	R125	283.0	333.0	100000.0	15890.095346953078	110.96431551469078
Bhathia_01	R125	283.0	333.0	100000.0	16447.509762155743	110.37959454104006
Bhathia_01	R125	283.0	333.0	100000.0	17024.47791970484	109.78618097140543
Bhathia_01	R125	283.0	333.0	100000.0	17621.68575241697	109.18396949336878
Bhathia_01	R125	283.0	333.0	100000.0	18239.84325519438	108.57282874849362
Bhathia_01	R125	283.0	333.0	100000.0	18879.685329108175	107.95231870283567
Bhathia_01	R125	283.0	333.0	100000.0	19541.972655090256	107.3233436870877
Bhathia_01	R125	283.0	333.0	100000.0	20227.49259827501	106.68467247740116
Bhathia_01	R125	283.0	333.0	100000.0	20937.060144063526	106.03670999757335
Bhathia_01	R125	283.0	333.0	100000.0	21671.518867025392	105.37932313047601
Bhathia_01	R125	283.0	333.0	100000.0	22431.741933788304	104.71240189836477
Bhathia_01	R125	283.0	333.0	100000.0	23218.633141108625	104.03583847962148
Bhathia_01	R125	283.0	333.0	100000.0	24033.127990356785	103.34953016581038
Bhathia_01	R125	283.0	333.0	100000.0	24876.194799694935	102.65337521344605
Bhathia_01	R125	283.0	333.0	100000.0	25748.835855269062	101.94728645066223
Bhathia_01	R125	283.0	333.0	100000.0	26652.088602784228	101.23117589175253
Bhathia_01	R125	283.0	333.0	100000.0	27587.026880879475	100.50495567418842
Bhathia_01	R125	283.0	333.0	100000.0	28554.762197768767	99.7685427562933
Bhathia_01	R125	283.0	333.0	100000.0	29556.445052665636	99.02185564007989
Bhathia_01	R125	283.0	333.0	100000.0	30593.266303562625	98.26481264713699
Bhathia_01	R125	283.0	333.0	100000.0	31666.458582991498	97.4973571358208
Bhathia_01	R125	283.0	333.0	100000.0	32777.29776344747	96.71940704110973
Bhathia_01	R125	283.0	333.0	100000.0	33927.104474219595	95.93090383056122
Bhathia_01	R125	283.0	333.0	100000.0	35117.24567143027	95.13178152853696
Bhathia_01	R125	283.0	333.0	100000.0	36349.13626315173	94.32200708437907
Bhathia_01	R125	283.0	333.0	100000.0	37624.240791528864	93.50151615533389
Bhathia_01	R125	283.0	333.0	100000.0	38944.07517391196	92.67027207046905
Bhathia_01	R125	283.0	333.0	100000.0	40310.20850506498	91.82824206033902
Bhathia_01	R125	283.0	333.0	100000.0	41724.264922596594	90.9754000656074
Bhathia_01	R125	283.0	333.0	100000.0	43187.92553782676	90.11172122390344
Bhathia_01	R125	283.0	333.0	100000.0	44702.93043438957	89.23721563157748
Bhathia_01	R125	283.0	333.0	100000.0	46271.08073694302	88.35181753721099
Bhathia_01	R125	283.0	333.0	100000.0	47894.24075245067	87.45557283841951
Bhathia_01	R125	283.0	333.0	100000.0	49574.34018657513	86.54849117905304
Bhathia_01	R125	283.0	333.0	100000.0	51313.376437824336	85.63056953363129
Bhathia_01	R125	283.0	333.0	100000.0	53113.41697217184	84.70185465046416
Bhathia_01	R125	283.0	333.0	100000.0	54976.60178098003	83.76236491192938
Bhathia_01	R125	283.0	333.0	100000.0	56905.14592514396	82.81214367418576
Bhathia_01	R125	283.0	333.0	100000.0	58901.34216848284	81.85124331500626
Bhathia_01	R125	283.0	333.0	100000.0	60967.5637035091	80.87972820584957
Bhathia_01	R125	283.0	333.0	100000.0	63106.2669728156	79.89765915959093
Bhathia_01	R125	283.0	333.0	100000.0	65319.99458943548	78.90511984112194
Bhathia_01	R125	283.0	333.0	100000.0	67611.3783596462	77.90220125630277
Bhathia_01	R125	283.0	333.0	100000.0	69983.14241181171	76.88898722507592
Bhathia_01	R125	283.0	333.0	100000.0	72438.10643498244	75.86560801800009
Bhathia_01	R125	283.0	333.0	100000.0	74979.18903110319	74.83215293536915
Bhathia_01	R125	283.0	333.0	100000.0	77609.41118481442	73.78877339263992
Bhathia_01	R125	283.0	333.0	100000.0	80331.89985497203	72.7355881654177
Bhathia_01	R125	283.0	333.0	100000.0	83149.89169215517	71.6726408436482
Bhathia_01	R125	283.0	333.0	100000.0	86066.7368865822	70.6004442253857
Bhathia_01	R125	283.0	333.0	100000.0	89085.903151008	69.51878524205911
Bhathia_01	R125	283.0	333.0	100000.0	92210.9798433415	68.42799286972706
Bhathia_01	R125	283.0	333.0	100000.0	95445.68223387754	67.32823110319741
Bhathia_01	R125	283.0	333.0	100000.0	98793.85592222596	66.21972271692559
Bhathia_01	R125	283.0	333.0	100000.0	102259.48140917791	65.10265493034599
Bhathia_01	R125	283.0	333.0	100000.0	105846.67882895643	63.9772655558262
Bhathia_01	R125	283.0	333.0	100000.0	109559.71284746489	62.84377593272865
Bhathia_01	R125	283.0	333.0	100000.0	113402.99773236972	61.70242831320752
Bhathia_01	R125	283.0	333.0	100000.0	117381.10260103126	60.553479328296675
Bhathia_01	R125	283.0	333.0	100000.0	121498.75685253605	59.397186384025645
Bhathia_01	R125	283.0	333.0	100000.0	125760.85579027371	58.23382879463647
Bhathia_01	R125	283.0	333.0	100000.0	130172.46644175818	57.06368727328765
Bhathia_01	R125	283.0	333.0	100000.0	134738.83358259665	55.88705541240675
Bhathia_01	R125	283.0	333.0	100000.0	139465.3859717822	54.704237944384786
Bhathia_01	R125	283.0	333.0	100000.0	144357.7428057125	53.515556481256205
Bhathia_01	R125	283.0	333.0	100000.0	149421.7203986127	52.321330911868166
Bhathia_01	R125	283.0	333.0	100000.0	154663.33909730316	51.121895879222365
Bhathia_01	R125	283.0	333.0	100000.0	160088.83043853292	49.91759713866186
Bhathia_01	R125	283.0	333.0	100000.0	165704.6445573877	48.708793124757136
Bhathia_01	R125	283.0	333.0	100000.0	171517.45785558026	47.495841883957205
Bhathia_01	R125	283.0	333.0	100000.0	177534.18093873924	46.27912076048343
Bhathia_01	R125	283.0	333.0	100000.0	183761.96683213356	45.05901174512052
Bhathia_01	R125	283.0	333.0	100000.0	190208.21948459864	43.83590753668731
Bhathia_01	R125	283.0	333.0	100000.0	196880.60257077508	42.610198852731145
Bhathia_01	R125	283.0	333.0	100000.0	203787.04860212465	41.38229921480671
Bhathia_01	R125	283.0	333.0	100000.0	210935.76835755422	40.15262390869681
Bhathia_01	R125	283.0	333.0	100000.0	218335.26064486115	38.92158867177389
Bhathia_01	R125	283.0	333.0	100000.0	225994.32240460056	37.68961090897376
Bhathia_01	R125	283.0	333.0	100000.0	233922.05916839777	36.45717328013243
Bhathia_01	R125	283.0	333.0	100000.0	242127.89588411906	35.224624942283455
Bhathia_01	R125	283.0	333.0	100000.0	250621.58812079762	33.99248344365521
Bhathia_01	R125	283.0	333.0	100000.0	259413.23366660537	32.76116596639865
Bhathia_01	R125	283.0	333.0	100000.0	268513.2845336903	31.531124403675772
Bhathia_01	R125	283.0	333.0	100000.0	277932.5593841194	30.302815802212173
Bhathia_01	R125	283.0	333.0	100000.0	287682.2563917327	29.07669122249411
Bhathia_01	R125	283.0	333.0	100000.0	297773.9665551654	27.85320693739901
Bhathia_01	R125	283.0	333.0	100000.0	308219.6874779006	26.632816601010347
Bhathia_01	R125	283.0	333.0	100000.0	319031.83763169846	25.41597848637841
Bhathia_01	R125	283.0	333.0	100000.0	330223.271120397	24.203145377655087
Bhathia_01	R125	283.0	333.0	100000.0	341807.2929615984	22.994770257826072
Bhathia_01	R125	283.0	333.0	100000.0	353797.67490444286	21.791302143750965
Bhathia_01	R125	283.0	333.0	100000.0	366208.67180225096	20.593186813674173
Bhathia_01	R125	283.0	333.0	100000.0	379055.0385595106	19.400865656317116
Bhathia_01	R125	283.0	333.0	100000.0	392352.047673353	18.21477674218204
Bhathia_01	R125	283.0	333.0	100000.0	406115.50739037304	17.03534707720178
Bhathia_01	R125	283.0	333.0	100000.0	420361.78050037875	15.863002475143755
Bhathia_01	R125	283.0	333.0	100000.0	435107.80378941365	14.698158277741593
Bhathia_01	R125	283.0	333.0	100000.0	450371.1081751789	13.541222253171124
Bhathia_01	R125	283.0	333.0	100000.0	466169.83954879304	12.392593024603809
Bhathia_01	R125	283.0	333.0	100000.0	482522.7803476675	11.252659747309165
Bhathia_01	R125	283.0	333.0	100000.0	499449.37188514473	10.121800599683006
Bhathia_01	R125	283.0	333.0	100000.0	516969.7374634458	9.000383321479335
Bhathia_01	R125	283.0	333.0	100000.0	535104.7062974056	7.888764052893929
Bhathia_01	R125	283.0	333.0	100000.0	553875.8382774384	6.787286588642853
Bhathia_01	R125	283.0	333.0	100000.0	573305.4496011657	5.696281925253948
Bhathia_01	R125	283.0	333.0	100000.0	593416.6393042037	4.616068653748647
Bhathia_01	R125	283.0	333.0	100000.0	614233.3167216032	3.5469506437259186
Bhathia_01	R125	283.0	333.0	100000.0	635780.2299126569	2.4892189143413446
Bhathia_01	R125	283.0	333.0	100000.0	658082.9950827911	1.443149730687537
Bhathia_01	R125	283.0	333.0	100000.0	681168.127037599	0.4090044708490713
Bhathia_01	R125	283.0	333.0	100000.0	705063.0707051408	0.6129696253087537
Bhathia_01	R125	283.0	333.0	100000.0	729796.2337640686	1.62254066017924
Bhathia_01	R125	283.0	333.0	100000.0	755397.0204162808	2.6194922402759704
Bhathia_01	R125	283.0	333.0	100000.0	781895.866344346	3.6036227514675088
Bhathia_01	R125	283.0	333.0	100000.0	809324.2748951628	4.5747459744512815
Bhathia_01	R125	283.0	333.0	100000.0	837714.8545329691	5.532691100655485
Bhathia_01	R125	283.0	333.0	100000.0	867101.3576061296	6.477303068125255
Bhathia_01	R125	283.0	333.0	100000.0	897518.7204738803	7.408441596941848
Bhathia_01	R125	283.0	333.0	100000.0	929003.1050406658	8.325981404340036
Bhathia_01	R125	283.0	333.0	100000.0	961591.9417474868	9.229812723886416
Bhathia_01	R125	283.0	333.0	100000.0	995323.9740713531	10.119840100021069
Bhathia_01	R125	283.0	333.0	100000.0	1030239.3045857496	10.995983122618876
Bhathia_01	R125	283.0	333.0	100000.0	1066379.442636875	11.85817550893444
Bhathia_01	R125	283.0	333.0	100000.0	1103787.3536923314	12.706365133941745
Bhathia_01	R125	283.0	333.0	100000.0	1142507.5104209343	13.540513505679113
Bhathia_01	R125	283.0	333.0	100000.0	1182585.945564372	14.360595750454129
Bhathia_01	R125	283.0	333.0	100000.0	1224070.3066635653	15.16660001290664
Bhathia_01	R125	283.0	333.0	100000.0	1267009.912704797	15.902509075005932
Bhathia_01	R125	283.0	333.0	100000.0	1311455.8127529488	15.902509075005932
Bhathia_01	R125	283.0	333.0	100000.0	1357460.8466415561	15.902509075005932
Bhathia_01	R125	283.0	333.0	100000.0	1405079.70779183	15.902509075005932
Bhathia_01	R125	283.0	333.0	100000.0	1454369.008235332	15.902509075005932
Bhathia_01	R125	283.0	333.0	100000.0	1505387.3459176025	15.902509075005932
Bhathia_01	R125	283.0	333.0	100000.0	1558195.374362756	15.902509075005932
Bhathia_01	R125	283.0	333.0	100000.0	1612855.874781868	15.902509075005932
Bhathia_01	R125	283.0	333.0	100000.0	1669433.830710877	15.902509075005932
Bhathia_01	R125	283.0	333.0	100000.0	1727996.50526674	15.902509075005932
Bhathia_01	R125	283.0	333.0	100000.0	1788613.5211136676	15.902509075005932
Bhathia_01	R125	283.0	333.0	100000.0	1851356.9432345594	15.902509075005932
Bhathia_01	R125	283.0	333.0	100000.0	1916301.3646059704	15.902509075005932
Bhathia_01	R125	283.0	333.0	100000.0	1983523.9948785233	15.902509075005932
Bhathia_01	R125	283.0	333.0	100000.0	2053104.7521681644	15.902509075005932
Bhathia_01	R125	283.0	333.0	100000.0	2125126.3580674017	15.902509075005932
Bhathia_01	R125	283.0	333.0	100000.0	2199674.4359894753	15.902509075005932
Bhathia_01	R125	283.0	333.0	100000.0	2276837.6129623787	15.902509075005932
Bhathia_01	R125	283.0	333.0	100000.0	2356707.6249937494	15.902509075005932
Bhathia_01	R125	283.0	333.0	100000.0	2439379.426131895	15.902509075005932
Bhathia_01	R125	283.0	333.0	100000.0	2524951.301352604	15.902509075005932
Bhathia_01	R125	283.0	333.0	100000.0	2613524.9834059626	15.902509075005932
Bhathia_01	R125	283.0	333.0	100000.0	2705205.773762079	15.902509075005932
Bhathia_01	R125	283.0	333.0	100000.0	2800102.6677995026	15.902509075005932
Bhathia_01	R125	283.0	333.0	100000.0	2898328.4843851826	15.902509075005932
Bhathia_01	R125	283.0	333.0	100000.0	3000000.000000001	15.902509075005932
Bhathia_01	R125	283.0	353.0	100000.0	100.0	134.52568769005632
Bhathia_01	R125	283.0	353.0	100000.0	103.5079362523115	134.52568769005632
Bhathia_01	R125	283.0	353.0	100000.0	107.13892867212581	134.52568769005632
Bhathia_01	R125	283.0	353.0	100000.0	110.89729399135348	134.52568769005632
Bhathia_01	R125	283.0	353.0	100000.0	114.78750037010863	134.52568769005632
Bhathia_01	R125	283.0	353.0	100000.0	118.81417270871387	134.52568769005632
Bhathia_01	R125	283.0	353.0	100000.0	122.98209814604685	134.52568769005632
Bhathia_01	R125	283.0	353.0	100000.0	127.29623175076546	134.52568769005632
Bhathia_01	R125	283.0	353.0	100000.0	131.76170241217702	134.52568769005632
Bhathia_01	R125	283.0	353.0	100000.0	136.3838189377566	134.52568769005632
Bhathia_01	R125	283.0	353.0	100000.0	141.16807636456102	134.52568769005632
Bhathia_01	R125	283.0	353.0	100000.0	146.12016249204424	134.52568769005632
Bhathia_01	R125	283.0	353.0	100000.0	151.24596464403913	134.52568769005632
Bhathia_01	R125	283.0	353.0	100000.0	156.55157666794562	134.52568769005632
Bhathia_01	R125	283.0	353.0	100000.0	162.04330617944572	134.52568769005632
Bhathia_01	R125	283.0	353.0	100000.0	167.72768206135862	134.52568769005632
Bhathia_01	R125	283.0	353.0	100000.0	173.6114622255508	134.52568769005632
Bhathia_01	R125	283.0	353.0	100000.0	179.70164164712898	134.52568769005632
Bhathia_01	R125	283.0	353.0	100000.0	186.00546068046754	134.52568769005632
Bhathia_01	R125	283.0	353.0	100000.0	192.53041366695666	134.52568769005632
Bhathia_01	R125	283.0	353.0	100000.0	199.28425784470534	134.52568769005632
Bhathia_01	R125	283.0	353.0	100000.0	206.27502257078967	134.52568769005632
Bhathia_01	R125	283.0	353.0	100000.0	213.51101886701414	134.52568769005632
Bhathia_01	R125	283.0	353.0	100000.0	221.00084930052978	134.52568769005632
Bhathia_01	R125	283.0	353.0	100000.0	228.7534182110594	134.52568769005632
Bhathia_01	R125	283.0	353.0	100000.0	236.77794229688686	134.52568769005632
Bhathia_01	R125	283.0	353.0	100000.0	245.08396157219659	134.52568769005632
Bhathia_01	R125	283.0	353.0	100000.0	253.68135070878884	134.52568769005632
Bhathia_01	R125	283.0	353.0	100000.0	262.58033077565597	134.52568769005632
Bhathia_01	R125	283.0	353.0	100000.0	271.7914813903746	134.52568769005632
Bhathia_01	R125	283.0	353.0	100000.0	281.32575329676206	134.52568769005632
Bhathia_01	R125	283.0	353.0	100000.0	291.1944813837476	134.52568769005632
Bhathia_01	R125	283.0	353.0	100000.0	301.4093981609385	134.52568769005632
Bhathia_01	R125	283.0	353.0	100000.0	311.9826477069	134.52568769005632
Bhathia_01	R125	283.0	353.0	100000.0	322.92680010673166	134.52568769005632
Bhathia_01	R125	283.0	353.0	100000.0	334.2548663961052	134.52568769005632
Bhathia_01	R125	283.0	353.0	100000.0	345.9803140295299	134.52568769005632
Bhathia_01	R125	283.0	353.0	100000.0	358.11708289123294	134.52568769005632
Bhathia_01	R125	283.0	353.0	100000.0	370.67960186769494	134.52568769005632
Bhathia_01	R125	283.0	353.0	100000.0	383.6828060015357	134.52568769005632
Bhathia_01	R125	283.0	353.0	100000.0	397.1421542471496	134.52568769005632
Bhathia_01	R125	283.0	353.0	100000.0	411.0736478491962	134.52568769005632
Bhathia_01	R125	283.0	353.0	100000.0	425.49384936579753	134.52568769005632
Bhathia_01	R125	283.0	353.0	100000.0	440.41990235905604	134.52568769005632
Bhathia_01	R125	283.0	353.0	100000.0	455.86955177630426	134.52568769005632
Bhathia_01	R125	283.0	353.0	100000.0	471.8611650463152	134.52568769005632
Bhathia_01	R125	283.0	353.0	100000.0	488.41375391555476	134.52568769005632
Bhathia_01	R125	283.0	353.0	100000.0	505.546997050434	134.52568769005632
Bhathia_01	R125	283.0	353.0	100000.0	523.2812634324383	134.52568769005632
Bhathia_01	R125	283.0	353.0	100000.0	541.6376365739385	134.52568769005632
Bhathia_01	R125	283.0	353.0	100000.0	560.6379395834789	134.52568769005632
Bhathia_01	R125	283.0	353.0	100000.0	580.30476111034	134.52568769005632
Bhathia_01	R125	283.0	353.0	100000.0	600.6614821992193	134.52568769005632
Bhathia_01	R125	283.0	353.0	100000.0	621.7323040869574	134.52568769005632
Bhathia_01	R125	283.0	353.0	100000.0	643.5422769743552	134.52568769005632
Bhathia_01	R125	283.0	353.0	100000.0	666.1173298072896	134.52568769005632
Bhathia_01	R125	283.0	353.0	100000.0	689.4843011025289	134.52568769005632
Bhathia_01	R125	283.0	353.0	100000.0	713.670970854901	134.52568769005632
Bhathia_01	R125	283.0	353.0	100000.0	738.7060935637436	134.52568769005632
Bhathia_01	R125	283.0	353.0	100000.0	764.6194324179003	134.52568769005632
Bhathia_01	R125	283.0	353.0	100000.0	791.4417946799063	134.52568769005632
Bhathia_01	R125	283.0	353.0	100000.0	819.2050683114275	134.52568769005632
Bhathia_01	R125	283.0	353.0	100000.0	847.9422598834972	134.52568769005632
Bhathia_01	R125	283.0	353.0	100000.0	877.6875338166207	134.52568769005632
Bhathia_01	R125	283.0	353.0	100000.0	908.4762529973926	134.52568769005632
Bhathia_01	R125	283.0	353.0	100000.0	940.3450208199293	134.52568769005632
Bhathia_01	R125	283.0	353.0	100000.0	973.3317247020778	134.52568769005632
Bhathia_01	R125	283.0	353.0	100000.0	1007.4755811281508	134.52568769005632
Bhathia_01	R125	283.0	353.0	100000.0	1042.817182271731	134.52568769005632
Bhathia_01	R125	283.0	353.0	100000.0	1079.3985442539745	134.52568769005632
Bhathia_01	R125	283.0	353.0	100000.0	1117.2631570947824	134.52568769005632
Bhathia_01	R125	283.0	353.0	100000.0	1156.4560364162314	134.52568769005632
Bhathia_01	R125	283.0	353.0	100000.0	1197.023776959721	134.52568769005632
Bhathia_01	R125	283.0	353.0	100000.0	1239.0146079804795	134.52568769005632
Bhathia_01	R125	283.0	353.0	100000.0	1282.478450585262	134.52568769005632
Bhathia_01	R125	283.0	353.0	100000.0	1327.4669770814253	134.52568769005632
Bhathia_01	R125	283.0	353.0	100000.0	1374.0336724079282	134.52568769005632
Bhathia_01	R125	283.0	353.0	100000.0	1422.2338977212928	134.52568769005632
Bhathia_01	R125	283.0	353.0	100000.0	1472.124956212121	134.52568769005632
Bhathia_01	R125	283.0	353.0	100000.0	1523.766161230411	134.52568769005632
Bhathia_01	R125	283.0	353.0	100000.0	1577.2189068006678	134.52568769005632
Bhathia_01	R125	283.0	353.0	100000.0	1632.5467406106395	134.52568769005632
Bhathia_01	R125	283.0	353.0	100000.0	1689.81543956045	134.52568769005632
Bhathia_01	R125	283.0	353.0	100000.0	1749.093087961948	134.52568769005632
Bhathia_01	R125	283.0	353.0	100000.0	1810.45015848124	134.52568769005632
Bhathia_01	R125	283.0	353.0	100000.0	1873.9595959206342	134.52568769005632
Bhathia_01	R125	283.0	353.0	100000.0	1939.6969039396042	134.52568769005632
Bhathia_01	R125	283.0	353.0	100000.0	2007.7402348178655	134.52568769005632
Bhathia_01	R125	283.0	353.0	100000.0	2078.1704823672853	134.52568769005632
Bhathia_01	R125	283.0	353.0	100000.0	2151.0713781030845	134.52568769005632
Bhathia_01	R125	283.0	353.0	100000.0	2226.529590788659	134.52568769005632
Bhathia_01	R125	283.0	353.0	100000.0	2304.63482947238	134.52568769005632
Bhathia_01	R125	283.0	353.0	100000.0	2385.479950138839	134.52568769005632
Bhathia_01	R125	283.0	353.0	100000.0	2469.161066101381	134.52568769005632
Bhathia_01	R125	283.0	353.0	100000.0	2555.7776622671126	134.52568769005632
Bhathia_01	R125	283.0	353.0	100000.0	2645.43271341026	134.52568769005632
Bhathia_01	R125	283.0	353.0	100000.0	2738.2328065944866	134.52568769005632
Bhathia_01	R125	283.0	353.0	100000.0	2834.2882678897013	134.52568769005632
Bhathia_01	R125	283.0	353.0	100000.0	2933.7132935340187	134.52568769005632
Bhathia_01	R125	283.0	353.0	100000.0	3036.6260856967806	134.52568769005632
Bhathia_01	R125	283.0	353.0	100000.0	3143.1489930040857	134.52568769005632
Bhathia_01	R125	283.0	353.0	100000.0	3253.4086559938396	134.46549172679352
Bhathia_01	R125	283.0	353.0	100000.0	3367.536157673288	134.28496789321693
Bhathia_01	R125	283.0	353.0	100000.0	3485.667179358007	134.09998749905785
Bhathia_01	R125	283.0	353.0	100000.0	3607.9421619776303	133.91048292518394
Bhathia_01	R125	283.0	353.0	100000.0	3734.506473040075	133.71636080578992
Bhathia_01	R125	283.0	353.0	100000.0	3865.5105794527676	133.5175363247705
Bhathia_01	R125	283.0	353.0	100000.0	4001.1102264063275	133.31392919425335
Bhathia_01	R125	283.0	353.0	100000.0	4141.466622533378	133.1054693796444
Bhathia_01	R125	283.0	353.0	100000.0	4286.746631562607	132.89204378530167
Bhathia_01	R125	283.0	353.0	100000.0	4437.122970695934	132.6735829560494
Bhathia_01	R125	283.0	353.0	100000.0	4592.774415944617	132.45000143803762
Bhathia_01	R125	283.0	353.0	100000.0	4753.8860146684265	132.22122872426252
Bhathia_01	R125	283.0	353.0	100000.0	4920.649305570547	131.9871497031736
Bhathia_01	R125	283.0	353.0	100000.0	5093.26254640977	131.74771139220513
Bhathia_01	R125	283.0	353.0	100000.0	5271.9309497006825	131.5028084483238
Bhathia_01	R125	283.0	353.0	100000.0	5456.8669266820625	131.2523771838985
Bhathia_01	R125	283.0	353.0	100000.0	5648.290339843539	130.9963197971036
Bhathia_01	R125	283.0	353.0	100000.0	5846.4287643107255	130.73455631714336
Bhathia_01	R125	283.0	353.0	100000.0	6051.517758399548	130.46702098136907
Bhathia_01	R125	283.0	353.0	100000.0	6263.801143661515	130.19361176367426
Bhathia_01	R125	283.0	353.0	100000.0	6483.531294752719	129.91426123400203
Bhathia_01	R125	283.0	353.0	100000.0	6710.9694394713115	129.6288962751422
Bhathia_01	R125	283.0	353.0	100000.0	6946.385969320071	129.33741697268596
Bhathia_01	R125	283.0	353.0	100000.0	7190.06076096333	129.03977450279513
Bhathia_01	R125	283.0	353.0	100000.0	7442.283508960394	128.7358861482275
Bhathia_01	R125	283.0	353.0	100000.0	7703.354070171016	128.42564587989483
Bhathia_01	R125	283.0	353.0	100000.0	7973.582820242459	128.10900093195167
Bhathia_01	R125	283.0	353.0	100000.0	8253.291022601827	127.78598125355859
Bhathia_01	R125	283.0	353.0	100000.0	8542.811210392447	127.4562840366829
Bhathia_01	R125	283.0	353.0	100000.0	8842.487581808335	127.12005287952985
Bhathia_01	R125	283.0	353.0	100000.0	9152.676409296731	126.77713257103731
Bhathia_01	R125	283.0	353.0	100000.0	9473.746463115214	126.4274565751942
Bhathia_01	R125	283.0	353.0	100000.0	9806.07944974691	126.07096681803077
Bhathia_01	R125	283.0	353.0	100000.0	10150.070465695051	125.70760693088337
Bhathia_01	R125	283.0	353.0	100000.0	10506.128467196331	125.33731016153602
Bhathia_01	R125	283.0	353.0	100000.0	10874.676756411529	124.96002262099134
Bhathia_01	R125	283.0	353.0	100000.0	11256.153484671382	124.57567250580297
Bhathia_01	R125	283.0	353.0	100000.0	11651.012173375993	124.18420884539688
Bhathia_01	R125	283.0	353.0	100000.0	12059.722253167078	123.78558282022075
Bhathia_01	R125	283.0	353.0	100000.0	12482.769622014002	123.37971823857976
Bhathia_01	R125	283.0	353.0	100000.0	12920.657222877158	122.96658529232259
Bhathia_01	R125	283.0	353.0	100000.0	13373.905641635398	122.54611555010618
Bhathia_01	R125	283.0	353.0	100000.0	13843.053725988231	122.1182753930315
Bhathia_01	R125	283.0	353.0	100000.0	14328.65922606916	121.68299391843337
Bhathia_01	R125	283.0	353.0	100000.0	14831.299457530586	121.24024811911386
Bhathia_01	R125	283.0	353.0	100000.0	15351.571987890213	120.78996150911163
Bhathia_01	R125	283.0	353.0	100000.0	15890.095346953078	120.3321266037062
Bhathia_01	R125	283.0	353.0	100000.0	16447.509762155743	119.86666653175273
Bhathia_01	R125	283.0	353.0	100000.0	17024.47791970484	119.39354235931329
Bhathia_01	R125	283.0	353.0	100000.0	17621.68575241697	118.9127332033395
Bhathia_01	R125	283.0	353.0	100000.0	18239.84325519438	118.4241653813968
Bhathia_01	R125	283.0	353.0	100000.0	18879.685329108175	117.92782011334943
Bhathia_01	R125	283.0	353.0	100000.0	19541.972655090256	117.42364875406125
Bhathia_01	R125	283.0	353.0	100000.0	20227.49259827501	116.91160337435346
Bhathia_01	R125	283.0	353.0	100000.0	20937.060144063526	116.39166401721549
Bhathia_01	R125	283.0	353.0	100000.0	21671.518867025392	115.86376807745027
Bhathia_01	R125	283.0	353.0	100000.0	22431.741933788304	115.3278763735604
Bhathia_01	R125	283.0	353.0	100000.0	23218.633141108625	114.78397261913675
Bhathia_01	R125	283.0	353.0	100000.0	24033.127990356785	114.23198153380739
Bhathia_01	R125	283.0	353.0	100000.0	24876.194799694935	113.67187816305749
Bhathia_01	R125	283.0	353.0	100000.0	25748.835855269062	113.10363265669913
Bhathia_01	R125	283.0	353.0	100000.0	26652.088602784228	112.52718940385867
Bhathia_01	R125	283.0	353.0	100000.0	27587.026880879475	111.94248009262354
Bhathia_01	R125	283.0	353.0	100000.0	28554.762197768767	111.34949894689424
Bhathia_01	R125	283.0	353.0	100000.0	29556.445052665636	110.74819910210714
Bhathia_01	R125	283.0	353.0	100000.0	30593.266303562625	110.1385150884007
Bhathia_01	R125	283.0	353.0	100000.0	31666.458582991498	109.52036128962757
Bhathia_01	R125	283.0	353.0	100000.0	32777.29776344747	108.89372460132783
Bhathia_01	R125	283.0	353.0	100000.0	33927.104474219595	108.2586105299836
Bhathia_01	R125	283.0	353.0	100000.0	35117.24567143027	107.61497911138038
Bhathia_01	R125	283.0	353.0	100000.0	36349.13626315173	106.96250595599345
Bhathia_01	R125	283.0	353.0	100000.0	37624.240791528864	106.30146689970033
Bhathia_01	R125	283.0	353.0	100000.0	38944.07517391196	105.63167130715782
Bhathia_01	R125	283.0	353.0	100000.0	40310.20850506498	104.95303615060367
Bhathia_01	R125	283.0	353.0	100000.0	41724.264922596594	104.26551315156914
Bhathia_01	R125	283.0	353.0	100000.0	43187.92553782676	103.56904620118686
Bhathia_01	R125	283.0	353.0	100000.0	44702.93043438957	102.86356678968066
Bhathia_01	R125	283.0	353.0	100000.0	46271.08073694302	102.14901383340056
Bhathia_01	R125	283.0	353.0	100000.0	47894.24075245067	101.42531457939246
Bhathia_01	R125	283.0	353.0	100000.0	49574.34018657513	100.69240091129717
Bhathia_01	R125	283.0	353.0	100000.0	51313.376437824336	99.95019892524124
Bhathia_01	R125	283.0	353.0	100000.0	53113.41697217184	99.19863562556945
Bhathia_01	R125	283.0	353.0	100000.0	54976.60178098003	98.43764400579336
Bhathia_01	R125	283.0	353.0	100000.0	56905.14592514396	97.66712792873147
Bhathia_01	R125	283.0	353.0	100000.0	58901.34216848284	96.88703871927525
Bhathia_01	R125	283.0	353.0	100000.0	60967.5637035091	96.09728895242878
Bhathia_01	R125	283.0	353.0	100000.0	63106.2669728156	95.29782141093699
Bhathia_01	R125	283.0	353.0	100000.0	65319.99458943548	94.48851855250062
Bhathia_01	R125	283.0	353.0	100000.0	67611.3783596462	93.66934639132674
Bhathia_01	R125	283.0	353.0	100000.0	69983.14241181171	92.84021765759574
Bhathia_01	R125	283.0	353.0	100000.0	72438.10643498244	92.00107520400626
Bhathia_01	R125	283.0	353.0	100000.0	74979.18903110319	91.15184009384477
Bhathia_01	R125	283.0	353.0	100000.0	77609.41118481442	90.29244449743572
Bhathia_01	R125	283.0	353.0	100000.0	80331.89985497203	89.42280103256859
Bhathia_01	R125	283.0	353.0	100000.0	83149.89169215517	88.54293686912239
Bhathia_01	R125	283.0	353.0	100000.0	86066.7368865822	87.65271750387977
Bhathia_01	R125	283.0	353.0	100000.0	89085.903151008	86.75210677262451
Bhathia_01	R125	283.0	353.0	100000.0	92210.9798433415	85.84106765357828
Bhathia_01	R125	283.0	353.0	100000.0	95445.68223387754	84.9195565956128
Bhathia_01	R125	283.0	353.0	100000.0	98793.85592222596	83.9875458608827
Bhathia_01	R125	283.0	353.0	100000.0	102259.48140917791	83.04500658430865
Bhathia_01	R125	283.0	353.0	100000.0	105846.67882895643	82.09191731659243
Bhathia_01	R125	283.0	353.0	100000.0	109559.71284746489	81.12826627587407
Bhathia_01	R125	283.0	353.0	100000.0	113402.99773236972	80.15405902973754
Bhathia_01	R125	283.0	353.0	100000.0	117381.10260103126	79.16929005931037
Bhathia_01	R125	283.0	353.0	100000.0	121498.75685253605	78.17398469739496
Bhathia_01	R125	283.0	353.0	100000.0	125760.85579027371	77.16817522230363
Bhathia_01	R125	283.0	353.0	100000.0	130172.46644175818	76.15188040293651
Bhathia_01	R125	283.0	353.0	100000.0	134738.83358259665	75.12518184621442
Bhathia_01	R125	283.0	353.0	100000.0	139465.3859717822	74.0881053199527
Bhathia_01	R125	283.0	353.0	100000.0	144357.7428057125	73.04076721046242
Bhathia_01	R125	283.0	353.0	100000.0	149421.7203986127	71.98320299762804
Bhathia_01	R125	283.0	353.0	100000.0	154663.33909730316	70.9155740302554
Bhathia_01	R125	283.0	353.0	100000.0	160088.83043853292	69.83798557517086
Bhathia_01	R125	283.0	353.0	100000.0	165704.6445573877	68.75052828077543
Bhathia_01	R125	283.0	353.0	100000.0	171517.45785558026	67.65339926915254
Bhathia_01	R125	283.0	353.0	100000.0	177534.18093873924	66.54673006634151
Bhathia_01	R125	283.0	353.0	100000.0	183761.96683213356	65.43072728356135
Bhathia_01	R125	283.0	353.0	100000.0	190208.21948459864	64.30556884874119
Bhathia_01	R125	283.0	353.0	100000.0	196880.60257077508	63.1714838409869
Bhathia_01	R125	283.0	353.0	100000.0	203787.04860212465	62.02870048202976
Bhathia_01	R125	283.0	353.0	100000.0	210935.76835755422	60.877466235131656
Bhathia_01	R125	283.0	353.0	100000.0	218335.26064486115	59.71805939041423
Bhathia_01	R125	283.0	353.0	100000.0	225994.32240460056	58.550755526895216
Bhathia_01	R125	283.0	353.0	100000.0	233922.05916839777	57.37586760996756
Bhathia_01	R125	283.0	353.0	100000.0	242127.89588411906	56.19371601219407
Bhathia_01	R125	283.0	353.0	100000.0	250621.58812079762	55.00464686534185
Bhathia_01	R125	283.0	353.0	100000.0	259413.23366660537	53.809016706096536
Bhathia_01	R125	283.0	353.0	100000.0	268513.2845336903	52.60720637752256
Bhathia_01	R125	283.0	353.0	100000.0	277932.5593841194	51.39961064139483
Bhathia_01	R125	283.0	353.0	100000.0	287682.2563917327	50.18664774218482
Bhathia_01	R125	283.0	353.0	100000.0	297773.9665551654	48.968747225513184
Bhathia_01	R125	283.0	353.0	100000.0	308219.6874779006	47.74635726323501
Bhathia_01	R125	283.0	353.0	100000.0	319031.83763169846	46.51994718981703
Bhathia_01	R125	283.0	353.0	100000.0	330223.271120397	45.2899967638655
Bhathia_01	R125	283.0	353.0	100000.0	341807.2929615984	44.05699947785314
Bhathia_01	R125	283.0	353.0	100000.0	353797.67490444286	42.82147074830496
Bhathia_01	R125	283.0	353.0	100000.0	366208.67180225096	41.583936995026136
Bhathia_01	R125	283.0	353.0	100000.0	379055.0385595106	40.34493286290332
Bhathia_01	R125	283.0	353.0	100000.0	392352.047673353	39.10500396015529
Bhathia_01	R125	283.0	353.0	100000.0	406115.50739037304	37.86472128362372
Bhathia_01	R125	283.0	353.0	100000.0	420361.78050037875	36.62465596837216
Bhathia_01	R125	283.0	353.0	100000.0	435107.80378941365	35.38537587429677
Bhathia_01	R125	283.0	353.0	100000.0	450371.1081751789	34.14747478766206
Bhathia_01	R125	283.0	353.0	100000.0	466169.83954879304	32.91153921353232
Bhathia_01	R125	283.0	353.0	100000.0	482522.7803476675	31.67817290099966
Bhathia_01	R125	283.0	353.0	100000.0	499449.37188514473	30.447976225164886
Bhathia_01	R125	283.0	353.0	100000.0	516969.7374634458	29.221546255540833
Bhathia_01	R125	283.0	353.0	100000.0	535104.7062974056	27.99948911587013
Bhathia_01	R125	283.0	353.0	100000.0	553875.8382774384	26.782406381003707
Bhathia_01	R125	283.0	353.0	100000.0	573305.4496011657	25.570895221897423
Bhathia_01	R125	283.0	353.0	100000.0	593416.6393042037	24.365551014506043
Bhathia_01	R125	283.0	353.0	100000.0	614233.3167216032	23.16696349722142
Bhathia_01	R125	283.0	353.0	100000.0	635780.2299126569	21.97571326406806
Bhathia_01	R125	283.0	353.0	100000.0	658082.9950827911	20.79237435909805
Bhathia_01	R125	283.0	353.0	100000.0	681168.127037599	19.61750977895133
Bhathia_01	R125	283.0	353.0	100000.0	705063.0707051408	18.451671676073996
Bhathia_01	R125	283.0	353.0	100000.0	729796.2337640686	17.295398242285223
Bhathia_01	R125	283.0	353.0	100000.0	755397.0204162808	16.149214291953857
Bhathia_01	R125	283.0	353.0	100000.0	781895.866344346	15.013628927897184
Bhathia_01	R125	283.0	353.0	100000.0	809324.2748951628	13.88913586620263
Bhathia_01	R125	283.0	353.0	100000.0	837714.8545329691	12.776208407928479
Bhathia_01	R125	283.0	353.0	100000.0	867101.3576061296	11.675304653036356
Bhathia_01	R125	283.0	353.0	100000.0	897518.7204738803	10.586859857292092
Bhathia_01	R125	283.0	353.0	100000.0	929003.1050406658	9.511290974926752
Bhathia_01	R125	283.0	353.0	100000.0	961591.9417474868	8.448992006314652
Bhathia_01	R125	283.0	353.0	100000.0	995323.9740713531	7.400336411916921
Bhathia_01	R125	283.0	353.0	100000.0	1030239.3045857496	6.365674883261758
Bhathia_01	R125	283.0	353.0	100000.0	1066379.442636875	5.3453346882045265
Bhathia_01	R125	283.0	353.0	100000.0	1103787.3536923314	4.339619745645463
Bhathia_01	R125	283.0	353.0	100000.0	1142507.5104209343	3.3488109093346554
Bhathia_01	R125	283.0	353.0	100000.0	1182585.945564372	2.3731651013042034
Bhathia_01	R125	283.0	353.0	100000.0	1224070.3066635653	1.4129149156066174
Bhathia_01	R125	283.0	353.0	100000.0	1267009.912704797	0.46826950910503573
Bhathia_01	R125	283.0	353.0	100000.0	1311455.8127529488	0.460585682624441
Bhathia_01	R125	283.0	353.0	100000.0	1357460.8466415561	1.3734888535844982
Bhathia_01	R125	283.0	353.0	100000.0	1405079.70779183	2.2703015619790006
Bhathia_01	R125	283.0	353.0	100000.0	1454369.008235332	3.1509084224635067
Bhathia_01	R125	283.0	353.0	100000.0	1505387.3459176025	4.01521656048517
Bhathia_01	R125	283.0	353.0	100000.0	1558195.374362756	4.863155153732626
Bhathia_01	R125	283.0	353.0	100000.0	1612855.874781868	5.6946749357649145
Bhathia_01	R125	283.0	353.0	100000.0	1669433.830710877	6.509747592502076
Bhathia_01	R125	283.0	353.0	100000.0	1727996.50526674	7.308365471259141
Bhathia_01	R125	283.0	353.0	100000.0	1788613.5211136676	8.090540092607862
Bhathia_01	R125	283.0	353.0	100000.0	1851356.9432345594	8.8563022801096
Bhathia_01	R125	283.0	353.0	100000.0	1916301.3646059704	9.605700919250827
Bhathia_01	R125	283.0	353.0	100000.0	1983523.9948785233	10.338802441763713
Bhathia_01	R125	283.0	353.0	100000.0	2053104.7521681644	11.055689819102039
Bhathia_01	R125	283.0	353.0	100000.0	2125126.3580674017	11.756461765325522
Bhathia_01	R125	283.0	353.0	100000.0	2199674.4359894753	12.441232187024633
Bhathia_01	R125	283.0	353.0	100000.0	2276837.6129623787	13.110129426906235
Bhathia_01	R125	283.0	353.0	100000.0	2356707.6249937494	13.763293207393023
Bhathia_01	R125	283.0	353.0	100000.0	2439379.426131895	14.400878939151024
Bhathia_01	R125	283.0	353.0	100000.0	2524951.301352604	15.023051362254739
Bhathia_01	R125	283.0	353.0	100000.0	2613524.9834059626	15.629986862127234
Bhathia_01	R125	283.0	353.0	100000.0	2705205.773762079	15.902509075005932
Bhathia_01	R125	283.0	353.0	100000.0	2800102.6677995026	15.902509075005932
Bhathia_01	R125	283.0	353.0	100000.0	2898328.4843851826	15.902509075005932
Bhathia_01	R125	283.0	353.0	100000.0	3000000.000000001	15.902509075005932
