framework	molecule	T_ads_K	T_des_K	P_ads_Pa	P_des_Pa	SD
Bhathia_01	R125	283.0	283.0	100000.0	100.0	134.52568769005632
Bhathia_01	R125	283.0	283.0	100000.0	103.5079362523115	134.52568769005632
Bhathia_01	R125	283.0	283.0	100000.0	107.13892867212581	134.52568769005632
Bhathia_01	R125	283.0	283.0	100000.0	110.89729399135348	134.52568769005632
Bhathia_01	R125	283.0	283.0	100000.0	114.78750037010863	134.52568769005632
Bhathia_01	R125	283.0	283.0	100000.0	118.81417270871387	134.52568769005632
Bhathia_01	R125	283.0	283.0	100000.0	122.98209814604685	134.52568769005632
Bhathia_01	R125	283.0	283.0	100000.0	127.29623175076546	134.52568769005632
Bhathia_01	R125	283.0	283.0	100000.0	131.76170241217702	134.52568769005632
Bhathia_01	R125	283.0	283.0	100000.0	136.3838189377566	134.52568769005632
Bhathia_01	R125	283.0	283.0	100000.0	141.16807636456102	134.52568769005632
Bhathia_01	R125	283.0	283.0	100000.0	146.12016249204424	134.52075893920644
Bhathia_01	R125	283.0	283.0	100000.0	151.24596464403913	134.38121752070342
Bhathia_01	R125	283.0	283.0	100000.0	156.55157666794562	134.2388602987396
Bhathia_01	R125	283.0	283.0	100000.0	162.04330617944572	134.09364034005185
Bhathia_01	R125	283.0	283.0	100000.0	167.72768206135862	133.94550685208466
Bhathia_01	R125	283.0	283.0	100000.0	173.6114622255508	133.7944019098335
Bhathia_01	R125	283.0	283.0	100000.0	179.70164164712898	133.64027870687153
Bhathia_01	R125	283.0	283.0	100000.0	186.00546068046754	133.4830888376429
Bhathia_01	R125	283.0	283.0	100000.0	192.53041366695666	133.32277144622876
Bhathia_01	R125	283.0	283.0	100000.0	199.28425784470534	133.15929076662846
Bhathia_01	R125	283.0	283.0	100000.0	206.27502257078967	132.99257266881534
Bhathia_01	R125	283.0	283.0	100000.0	213.51101886701414	132.8225720605884
Bhathia_01	R125	283.0	283.0	100000.0	221.00084930052978	132.649233521498
Bhathia_01	R125	283.0	283.0	100000.0	228.7534182110594	132.47250102244078
Bhathia_01	R125	283.0	283.0	100000.0	236.77794229688686	132.29232444934553
Bhathia_01	R125	283.0	283.0	100000.0	245.08396157219659	132.10864705459042
Bhathia_01	R125	283.0	283.0	100000.0	253.68135070878884	131.92139740903545
Bhathia_01	R125	283.0	283.0	100000.0	262.58033077565597	131.73053216894252
Bhathia_01	R125	283.0	283.0	100000.0	271.7914813903746	131.53598717857705
Bhathia_01	R125	283.0	283.0	100000.0	281.32575329676206	131.33771836646596
Bhathia_01	R125	283.0	283.0	100000.0	291.1944813837476	131.1356453034238
Bhathia_01	R125	283.0	283.0	100000.0	301.4093981609385	130.9297284954644
Bhathia_01	R125	283.0	283.0	100000.0	311.9826477069	130.7198914112101
Bhathia_01	R125	283.0	283.0	100000.0	322.92680010673166	130.5060956305618
Bhathia_01	R125	283.0	283.0	100000.0	334.2548663961052	130.28825654414186
Bhathia_01	R125	283.0	283.0	100000.0	345.9803140295299	130.06633427793386
Bhathia_01	R125	283.0	283.0	100000.0	358.11708289123294	129.84024723101928
Bhathia_01	R125	283.0	283.0	100000.0	370.67960186769494	129.60996383274679
Bhathia_01	R125	283.0	283.0	100000.0	383.6828060015357	129.37538531203091
Bhathia_01	R125	283.0	283.0	100000.0	397.1421542471496	129.13648801227413
Bhathia_01	R125	283.0	283.0	100000.0	411.0736478491962	128.89317113550328
Bhathia_01	R125	283.0	283.0	100000.0	425.49384936579753	128.64541392833596
Bhathia_01	R125	283.0	283.0	100000.0	440.41990235905604	128.3931207173857
Bhathia_01	R125	283.0	283.0	100000.0	455.86955177630426	128.1362223601798
Bhathia_01	R125	283.0	283.0	100000.0	471.8611650463152	127.87472904218023
Bhathia_01	R125	283.0	283.0	100000.0	488.41375391555476	127.60849936790825
Bhathia_01	R125	283.0	283.0	100000.0	505.546997050434	127.3374578867196
Bhathia_01	R125	283.0	283.0	100000.0	523.2812634324383	127.06158946195454
Bhathia_01	R125	283.0	283.0	100000.0	541.6376365739385	126.78084404266072
Bhathia_01	R125	283.0	283.0	100000.0	560.6379395834789	126.49510921388729
Bhathia_01	R125	283.0	283.0	100000.0	580.30476111034	126.20434663012962
Bhathia_01	R125	283.0	283.0	100000.0	600.6614821992193	125.90850033590064
Bhathia_01	R125	283.0	283.0	100000.0	621.7323040869574	125.60748972444283
Bhathia_01	R125	283.0	283.0	100000.0	643.5422769743552	125.30125405382793
Bhathia_01	R125	283.0	283.0	100000.0	666.1173298072896	124.98973996941235
Bhathia_01	R125	283.0	283.0	100000.0	689.4843011025289	124.67287741601362
Bhathia_01	R125	283.0	283.0	100000.0	713.670970854901	124.3505931867711
Bhathia_01	R125	283.0	283.0	100000.0	738.7060935637436	124.02284065172303
Bhathia_01	R125	283.0	283.0	100000.0	764.6194324179003	123.68955122821879
Bhathia_01	R125	283.0	283.0	100000.0	791.4417946799063	123.35065447374231
Bhathia_01	R125	283.0	283.0	100000.0	819.2050683114275	123.00609755968206
Bhathia_01	R125	283.0	283.0	100000.0	847.9422598834972	122.65580458385607
Bhathia_01	R125	283.0	283.0	100000.0	877.6875338166207	122.29972751166645
Bhathia_01	R125	283.0	283.0	100000.0	908.4762529973926	121.93778825707957
Bhathia_01	R125	283.0	283.0	100000.0	940.3450208199293	121.56994937435515
Bhathia_01	R125	283.0	283.0	100000.0	973.3317247020778	121.19611607758871
Bhathia_01	R125	283.0	283.0	100000.0	1007.4755811281508	120.81625673741165
Bhathia_01	R125	283.0	283.0	100000.0	1042.817182271731	120.43029165567935
Bhathia_01	R125	283.0	283.0	100000.0	1079.3985442539745	120.03816741623943
Bhathia_01	R125	283.0	283.0	100000.0	1117.2631570947824	119.63981748017697
Bhathia_01	R125	283.0	283.0	100000.0	1156.4560364162314	119.23518534387067
Bhathia_01	R125	283.0	283.0	100000.0	1197.023776959721	118.82421224806038
Bhathia_01	R125	283.0	283.0	100000.0	1239.0146079804795	118.40682993780635
Bhathia_01	R125	283.0	283.0	100000.0	1282.478450585262	117.9829907053729
Bhathia_01	R125	283.0	283.0	100000.0	1327.4669770814253	117.5526316988873
Bhathia_01	R125	283.0	283.0	100000.0	1374.0336724079282	117.11568448548658
Bhathia_01	R125	283.0	283.0	100000.0	1422.2338977212928	116.67210148128237
Bhathia_01	R125	283.0	283.0	100000.0	1472.124956212121	116.22181745814748
Bhathia_01	R125	283.0	283.0	100000.0	1523.766161230411	115.7647855017621
Bhathia_01	R125	283.0	283.0	100000.0	1577.2189068006678	115.3009291081799
Bhathia_01	R125	283.0	283.0	100000.0	1632.5467406106395	114.83021855574782
Bhathia_01	R125	283.0	283.0	100000.0	1689.81543956045	114.35256643975356
Bhathia_01	R125	283.0	283.0	100000.0	1749.093087961948	113.86793550565443
Bhathia_01	R125	283.0	283.0	100000.0	1810.45015848124	113.37626797713668
Bhathia_01	R125	283.0	283.0	100000.0	1873.9595959206342	112.8774876363062
Bhathia_01	R125	283.0	283.0	100000.0	1939.6969039396042	112.37158479961768
Bhathia_01	R125	283.0	283.0	100000.0	2007.7402348178655	111.8584518626115
Bhathia_01	R125	283.0	283.0	100000.0	2078.1704823672853	111.33805347216028
Bhathia_01	R125	283.0	283.0	100000.0	2151.0713781030845	110.81036625826472
Bhathia_01	R125	283.0	283.0	100000.0	2226.529590788659	110.27527416899413
Bhathia_01	R125	283.0	283.0	100000.0	2304.63482947238	109.73274569743843
Bhathia_01	R125	283.0	283.0	100000.0	2385.479950138839	109.18279234748294
Bhathia_01	R125	283.0	283.0	100000.0	2469.161066101381	108.62528113679829
Bhathia_01	R125	283.0	283.0	100000.0	2555.7776622671126	108.05994923343486
Bhathia_01	R125	283.0	283.0	100000.0	2645.43271341026	107.48749136779244
Bhathia_01	R125	283.0	283.0	100000.0	2738.2328065944866	106.90688193357802
Bhathia_01	R125	283.0	283.0	100000.0	2834.2882678897013	106.31868345754677
Bhathia_01	R125	283.0	283.0	100000.0	2933.7132935340187	105.72268797495568
Bhathia_01	R125	283.0	283.0	100000.0	3036.6260856967806	105.11878762644515
Bhathia_01	R125	283.0	283.0	100000.0	3143.1489930040857	104.50696543102706
Bhathia_01	R125	283.0	283.0	100000.0	3253.4086559938396	103.887182593964
Bhathia_01	R125	283.0	283.0	100000.0	3367.536157673288	103.25938483262298
Bhathia_01	R125	283.0	283.0	100000.0	3485.667179358007	102.62350257031653
Bhathia_01	R125	283.0	283.0	100000.0	3607.9421619776303	101.97947467140357
Bhathia_01	R125	283.0	283.0	100000.0	3734.506473040075	101.32724893755187
Bhathia_01	R125	283.0	283.0	100000.0	3865.5105794527676	100.66677744801058
Bhathia_01	R125	283.0	283.0	100000.0	4001.1102264063275	99.99800142915952
Bhathia_01	R125	283.0	283.0	100000.0	4141.466622533378	99.32086814140106
Bhathia_01	R125	283.0	283.0	100000.0	4286.746631562607	98.63531904225466
Bhathia_01	R125	283.0	283.0	100000.0	4437.122970695934	97.94129014651482
Bhathia_01	R125	283.0	283.0	100000.0	4592.774415944617	97.23873071795506
Bhathia_01	R125	283.0	283.0	100000.0	4753.8860146684265	96.52758130976622
Bhathia_01	R125	283.0	283.0	100000.0	4920.649305570547	95.80778281806867
Bhathia_01	R125	283.0	283.0	100000.0	5093.26254640977	95.0792756494742
Bhathia_01	R125	283.0	283.0	100000.0	5271.9309497006825	94.34200849994843
Bhathia_01	R125	283.0	283.0	100000.0	5456.8669266820625	93.59591611538805
Bhathia_01	R125	283.0	283.0	100000.0	5648.290339843539	92.84093734656116
Bhathia_01	R125	283.0	283.0	100000.0	5846.4287643107255	92.0770238453081
Bhathia_01	R125	283.0	283.0	100000.0	6051.517758399548	91.30410414256744
Bhathia_01	R125	283.0	283.0	100000.0	6263.801143661515	90.52212642221622
Bhathia_01	R125	283.0	283.0	100000.0	6483.531294752719	89.73102997433915
Bhathia_01	R125	283.0	283.0	100000.0	6710.9694394713115	88.93074686788952
Bhathia_01	R125	283.0	283.0	100000.0	6946.385969320071	88.12123970115545
Bhathia_01	R125	283.0	283.0	100000.0	7190.06076096333	87.30242871196067
Bhathia_01	R125	283.0	283.0	100000.0	7442.283508960394	86.47426164384305
Bhathia_01	R125	283.0	283.0	100000.0	7703.354070171016	85.63667391594815
Bhathia_01	R125	283.0	283.0	100000.0	7973.582820242459	84.78962239893465
Bhathia_01	R125	283.0	283.0	100000.0	8253.291022601827	83.93304197501183
Bhathia_01	R125	283.0	283.0	100000.0	8542.811210392447	83.06687827025708
Bhathia_01	R125	283.0	283.0	100000.0	8842.487581808335	82.19107914541618
Bhathia_01	R125	283.0	283.0	100000.0	9152.676409296731	81.30558459970177
Bhathia_01	R125	283.0	283.0	100000.0	9473.746463115214	80.41035163162512
Bhathia_01	R125	283.0	283.0	100000.0	9806.07944974691	79.50532293364066
Bhathia_01	R125	283.0	283.0	100000.0	10150.070465695051	78.59046124450067
Bhathia_01	R125	283.0	283.0	100000.0	10506.128467196331	77.66570335335983
Bhathia_01	R125	283.0	283.0	100000.0	10874.676756411529	76.73102565258405
Bhathia_01	R125	283.0	283.0	100000.0	11256.153484671382	75.78638768268995
Bhathia_01	R125	283.0	283.0	100000.0	11651.012173375993	74.83173236649405
Bhathia_01	R125	283.0	283.0	100000.0	12059.722253167078	73.86704455360709
Bhathia_01	R125	283.0	283.0	100000.0	12482.769622014002	72.8923131683461
Bhathia_01	R125	283.0	283.0	100000.0	12920.657222877158	71.9074179139839
Bhathia_01	R125	283.0	283.0	100000.0	13373.905641635398	70.91250506552801
Bhathia_01	R125	283.0	283.0	100000.0	13843.053725988231	69.90744613244331
Bhathia_01	R125	283.0	283.0	100000.0	14328.65922606916	68.89224218314949
Bhathia_01	R125	283.0	283.0	100000.0	14831.299457530586	67.86689146555366
Bhathia_01	R125	283.0	283.0	100000.0	15351.571987890213	66.83141876935287
Bhathia_01	R125	283.0	283.0	100000.0	15890.095346953078	65.78581070782555
Bhathia_01	R125	283.0	283.0	100000.0	16447.509762155743	64.7301051263115
Bhathia_01	R125	283.0	283.0	100000.0	17024.47791970484	63.66431023270999
Bhathia_01	R125	283.0	283.0	100000.0	17621.68575241697	62.58847071245922
Bhathia_01	R125	283.0	283.0	100000.0	18239.84325519438	61.5026215545518
Bhathia_01	R125	283.0	283.0	100000.0	18879.685329108175	60.4068183304697
Bhathia_01	R125	283.0	283.0	100000.0	19541.972655090256	59.301121691774306
Bhathia_01	R125	283.0	283.0	100000.0	20227.49259827501	58.18560233798057
Bhathia_01	R125	283.0	283.0	100000.0	20937.060144063526	57.06034325268614
Bhathia_01	R125	283.0	283.0	100000.0	21671.518867025392	55.92543688615588
Bhathia_01	R125	283.0	283.0	100000.0	22431.741933788304	54.78098855998936
Bhathia_01	R125	283.0	283.0	100000.0	23218.633141108625	53.62712602568491
Bhathia_01	R125	283.0	283.0	100000.0	24033.127990356785	52.463966385282134
Bhathia_01	R125	283.0	283.0	100000.0	24876.194799694935	51.29166344452687
Bhathia_01	R125	283.0	283.0	100000.0	25748.835855269062	50.11037403020293
Bhathia_01	R125	283.0	283.0	100000.0	26652.088602784228	48.920270048509714
Bhathia_01	R125	283.0	283.0	100000.0	27587.026880879475	47.72153806088736
Bhathia_01	R125	283.0	283.0	100000.0	28554.762197768767	46.5143847344446
Bhathia_01	R125	283.0	283.0	100000.0	29556.445052665636	45.29902697361807
Bhathia_01	R125	283.0	283.0	100000.0	30593.266303562625	44.075695165348606
Bhathia_01	R125	283.0	283.0	100000.0	31666.458582991498	42.84464439360475
Bhathia_01	R125	283.0	283.0	100000.0	32777.29776344747	41.606141905807085
Bhathia_01	R125	283.0	283.0	100000.0	33927.104474219595	40.360467550915374
Bhathia_01	R125	283.0	283.0	100000.0	35117.24567143027	39.107917895918064
Bhathia_01	R125	283.0	283.0	100000.0	36349.13626315173	37.848818341615676
Bhathia_01	R125	283.0	283.0	100000.0	37624.240791528864	36.58351137919048
Bhathia_01	R125	283.0	283.0	100000.0	38944.07517391196	35.312313405062746
Bhathia_01	R125	283.0	283.0	100000.0	40310.20850506498	34.035625655673606
Bhathia_01	R125	283.0	283.0	100000.0	41724.264922596594	32.75381319768476
Bhathia_01	R125	283.0	283.0	100000.0	43187.92553782676	31.467280299927626
Bhathia_01	R125	283.0	283.0	100000.0	44702.93043438957	30.17644411405645
Bhathia_01	R125	283.0	283.0	100000.0	46271.08073694302	28.881735613261835
Bhathia_01	R125	283.0	283.0	100000.0	47894.24075245067	27.58359941804771
Bhathia_01	R125	283.0	283.0	100000.0	49574.34018657513	26.282495152794322
Bhathia_01	R125	283.0	283.0	100000.0	51313.376437824336	24.97889743299123
Bhathia_01	R125	283.0	283.0	100000.0	53113.41697217184	23.6732966215813
Bhathia_01	R125	283.0	283.0	100000.0	54976.60178098003	22.366188544427335
Bhathia_01	R125	283.0	283.0	100000.0	56905.14592514396	21.05808602223582
Bhathia_01	R125	283.0	283.0	100000.0	58901.34216848284	19.749509540539492
Bhathia_01	R125	283.0	283.0	100000.0	60967.5637035091	18.440991273085263
Bhathia_01	R125	283.0	283.0	100000.0	63106.2669728156	17.13307048444984
Bhathia_01	R125	283.0	283.0	100000.0	65319.99458943548	15.8262932252476
Bhathia_01	R125	283.0	283.0	100000.0	67611.3783596462	14.521213168907387
Bhathia_01	R125	283.0	283.0	100000.0	69983.14241181171	13.218387799295794
Bhathia_01	R125	283.0	283.0	100000.0	72438.10643498244	11.91837884527983
Bhathia_01	R125	283.0	283.0	100000.0	74979.18903110319	10.621750417982163
Bhathia_01	R125	283.0	283.0	100000.0	77609.41118481442	9.329066938962125
Bhathia_01	R125	283.0	283.0	100000.0	80331.89985497203	8.040893280566769
Bhathia_01	R125	283.0	283.0	100000.0	83149.89169215517	6.7577925247985755
Bhathia_01	R125	283.0	283.0	100000.0	86066.7368865822	5.480324273211409
Bhathia_01	R125	283.0	283.0	100000.0	89085.903151008	4.209044014322952
Bhathia_01	R125	283.0	283.0	100000.0	92210.9798433415	2.9445017860127987
Bhathia_01	R125	283.0	283.0	100000.0	95445.68223387754	1.6872398516653586
Bhathia_01	R125	283.0	283.0	100000.0	98793.85592222596	0.4377927204715179
Bhathia_01	R125	283.0	283.0	100000.0	102259.48140917791	0.8033149264259187
Bhathia_01	R125	283.0	283.0	100000.0	105846.67882895643	2.0355697241959425
Bhathia_01	R125	283.0	283.0	100000.0	109559.71284746489	3.2584694728444625
Bhathia_01	R125	283.0	283.0	100000.0	113402.99773236972	4.47152625082572
Bhathia_01	R125	283.0	283.0	100000.0	117381.10260103126	5.6742653124353355
Bhathia_01	R125	283.0	283.0	100000.0	121498.75685253605	6.86622819263547
Bhathia_01	R125	283.0	283.0	100000.0	125760.85579027371	8.046971627147066
Bhathia_01	R125	283.0	283.0	100000.0	130172.46644175818	9.21607042460784
Bhathia_01	R125	283.0	283.0	100000.0	134738.83358259665	10.37311620615222
Bhathia_01	R125	283.0	283.0	100000.0	139465.3859717822	11.517720059826908
Bhathia_01	R125	283.0	283.0	100000.0	144357.7428057125	12.649511577999295
Bhathia_01	R125	283.0	283.0	100000.0	149421.7203986127	13.768140397964855
Bhathia_01	R125	283.0	283.0	100000.0	154663.33909730316	14.873276271061332
Bhathia_01	R125	283.0	283.0	100000.0	160088.83043853292	15.902509075005932
Bhathia_01	R125	283.0	283.0	100000.0	165704.6445573877	15.902509075005932
Bhathia_01	R125	283.0	283.0	100000.0	171517.45785558026	15.902509075005932
Bhathia_01	R125	283.0	283.0	100000.0	177534.18093873924	15.902509075005932
Bhathia_01	R125	283.0	283.0	100000.0	183761.96683213356	15.902509075005932
Bhathia_01	R125	283.0	283.0	100000.0	190208.21948459864	15.902509075005932
Bhathia_01	R125	283.0	283.0	100000.0	196880.60257077508	15.902509075005932
Bhathia_01	R125	283.0	283.0	100000.0	203787.04860212465	15.902509075005932
Bhathia_01	R125	283.0	283.0	100000.0	210935.76835755422	15.902509075005932
Bhathia_01	R125	283.0	283.0	100000.0	218335.26064486115	15.902509075005932
Bhathia_01	R125	283.0	283.0	100000.0	225994.32240460056	15.902509075005932
Bhathia_01	R125	283.0	283.0	100000.0	233922.05916839777	15.902509075005932
Bhathia_01	R125	283.0	283.0	100000.0	242127.89588411906	15.902509075005932
Bhathia_01	R125	283.0	283.0	100000.0	250621.58812079762	15.902509075005932
Bhathia_01	R125	283.0	283.0	100000.0	259413.23366660537	15.902509075005932
Bhathia_01	R125	283.0	283.0	100000.0	268513.2845336903	15.902509075005932
Bhathia_01	R125	283.0	283.0	100000.0	277932.5593841194	15.902509075005932
Bhathia_01	R125	283.0	283.0	100000.0	287682.2563917327	15.902509075005932
Bhathia_01	R125	283.0	283.0	100000.0	297773.9665551654	15.902509075005932
Bhathia_01	R125	283.0	283.0	100000.0	308219.6874779006	15.902509075005932
Bhathia_01	R125	283.0	283.0	100000.0	319031.83763169846	15.902509075005932
Bhathia_01	R125	283.0	283.0	100000.0	330223.271120397	15.902509075005932
Bhathia_01	R125	283.0	283.0	100000.0	341807.2929615984	15.902509075005932
Bhathia_01	R125	283.0	283.0	100000.0	353797.67490444286	15.902509075005932
Bhathia_01	R125	283.0	283.0	100000.0	366208.67180225096	15.902509075005932
Bhathia_01	R125	283.0	283.0	100000.0	379055.0385595106	15.902509075005932
Bhathia_01	R125	283.0	283.0	100000.0	392352.047673353	15.902509075005932
Bhathia_01	R125	283.0	283.0	100000.0	406115.50739037304	15.902509075005932
Bhathia_01	R125	283.0	283.0	100000.0	420361.78050037875	15.902509075005932
Bhathia_01	R125	283.0	283.0	100000.0	435107.80378941365	15.902509075005932
Bhathia_01	R125	283.0	283.0	100000.0	450371.1081751789	15.902509075005932
Bhathia_01	R125	283.0	283.0	100000.0	466169.83954879304	15.902509075005932
Bhathia_01	R125	283.0	283.0	100000.0	482522.7803476675	15.902509075005932
Bhathia_01	R125	283.0	283.0	100000.0	499449.37188514473	15.902509075005932
Bhathia_01	R125	283.0	283.0	100000.0	516969.7374634458	15.902509075005932
Bhathia_01	R125	283.0	283.0	100000.0	535104.7062974056	15.902509075005932
Bhathia_01	R125	283.0	283.0	100000.0	553875.8382774384	15.902509075005932
Bhathia_01	R125	283.0	283.0	100000.0	573305.4496011657	15.902509075005932
Bhathia_01	R125	283.0	283.0	100000.0	593416.6393042037	15.902509075005932
Bhathia_01	R125	283.0	283.0	100000.0	614233.3167216032	15.902509075005932
Bhathia_01	R125	283.0	283.0	100000.0	635780.2299126569	15.902509075005932
Bhathia_01	R125	283.0	283.0	100000.0	658082.9950827911	15.902509075005932
Bhathia_01	R125	283.0	283.0	100000.0	681168.127037599	15.902509075005932
Bhathia_01	R125	283.0	283.0	100000.0	705063.0707051408	15.902509075005932
Bhathia_01	R125	283.0	283.0	100000.0	729796.2337640686	15.902509075005932
Bhathia_01	R125	283.0	283.0	100000.0	755397.0204162808	15.902509075005932
Bhathia_01	R125	283.0	283.0	100000.0	781895.866344346	15.902509075005932
Bhathia_01	R125	283.0	283.0	100000.0	809324.2748951628	15.902509075005932
Bhathia_01	R125	283.0	283.0	100000.0	837714.8545329691	15.902509075005932
Bhathia_01	R125	283.0	283.0	100000.0	867101.3576061296	15.902509075005932
Bhathia_01	R125	283.0	283.0	100000.0	897518.7204738803	15.902509075005932
Bhathia_01	R125	283.0	283.0	100000.0	929003.1050406658	15.902509075005932
Bhathia_01	R125	283.0	283.0	100000.0	961591.9417474868	15.902509075005932
Bhathia_01	R125	283.0	283.0	100000.0	995323.9740713531	15.902509075005932
Bhathia_01	R125	283.0	283.0	100000.0	1030239.3045857496	15.902509075005932
Bhathia_01	R125	283.0	283.0	100000.0	1066379.442636875	15.902509075005932
Bhathia_01	R125	283.0	283.0	100000.0	1103787.3536923314	15.902509075005932
Bhathia_01	R125	283.0	283.0	100000.0	1142507.5104209343	15.902509075005932
Bhathia_01	R125	283.0	283.0	100000.0	1182585.945564372	15.902509075005932
Bhathia_01	R125	283.0	283.0	100000.0	1224070.3066635653	15.902509075005932
Bhathia_01	R125	283.0	283.0	100000.0	1267009.912704797	15.902509075005932
Bhathia_01	R125	283.0	283.0	100000.0	1311455.8127529488	15.902509075005932
Bhathia_01	R125	283.0	283.0	100000.0	1357460.8466415561	15.902509075005932
Bhathia_01	R125	283.0	283.0	100000.0	1405079.70779183	15.902509075005932
Bhathia_01	R125	283.0	283.0	100000.0	1454369.008235332	15.902509075005932
Bhathia_01	R125	283.0	283.0	100000.0	1505387.3459176025	15.902509075005932
Bhathia_01	R125	283.0	283.0	100000.0	1558195.374362756	15.902509075005932
Bhathia_01	R125	283.0	283.0	100000.0	1612855.874781868	15.902509075005932
Bhathia_01	R125	283.0	283.0	100000.0	1669433.830710877	15.902509075005932
Bhathia_01	R125	283.0	283.0	100000.0	1727996.50526674	15.902509075005932
Bhathia_01	R125	283.0	283.0	100000.0	1788613.5211136676	15.902509075005932
Bhathia_01	R125	283.0	283.0	100000.0	1851356.9432345594	15.902509075005932
Bhathia_01	R125	283.0	283.0	100000.0	1916301.3646059704	15.902509075005932
Bhathia_01	R125	283.0	283.0	100000.0	1983523.9948785233	15.902509075005932
Bhathia_01	R125	283.0	283.0	100000.0	2053104.7521681644	15.902509075005932
Bhathia_01	R125	283.0	283.0	100000.0	2125126.3580674017	15.902509075005932
Bhathia_01	R125	283.0	283.0	100000.0	2199674.4359894753	15.902509075005932
Bhathia_01	R125	283.0	283.0	100000.0	2276837.6129623787	15.902509075005932
Bhathia_01	R125	283.0	283.0	100000.0	2356707.6249937494	15.902509075005932
Bhathia_01	R125	283.0	283.0	100000.0	2439379.426131895	15.902509075005932
Bhathia_01	R125	283.0	283.0	100000.0	2524951.301352604	15.902509075005932
Bhathia_01	R125	283.0	283.0	100000.0	2613524.9834059626	15.902509075005932
Bhathia_01	R125	283.0	283.0	100000.0	2705205.773762079	15.902509075005932
Bhathia_01	R125	283.0	283.0	100000.0	2800102.6677995026	15.902509075005932
Bhathia_01	R125	283.0	283.0	100000.0	2898328.4843851826	15.902509075005932
Bhathia_01	R125	283.0	283.0	100000.0	3000000.000000001	15.902509075005932
Bhathia_01	R125	303.0	303.0	100000.0	100.0	104.8760427527324
Bhathia_01	R125	303.0	303.0	100000.0	103.5079362523115	104.8760427527324
Bhathia_01	R125	303.0	303.0	100000.0	107.13892867212581	104.8760427527324
Bhathia_01	R125	303.0	303.0	100000.0	110.89729399135348	104.8760427527324
Bhathia_01	R125	303.0	303.0	100000.0	114.78750037010863	104.8760427527324
Bhathia_01	R125	303.0	303.0	100000.0	118.81417270871387	104.8760427527324
Bhathia_01	R125	303.0	303.0	100000.0	122.98209814604685	104.8760427527324
Bhathia_01	R125	303.0	303.0	100000.0	127.29623175076546	104.8760427527324
Bhathia_01	R125	303.0	303.0	100000.0	131.76170241217702	104.8760427527324
Bhathia_01	R125	303.0	303.0	100000.0	136.3838189377566	104.8760427527324
Bhathia_01	R125	303.0	303.0	100000.0	141.16807636456102	104.8760427527324
Bhathia_01	R125	303.0	303.0	100000.0	146.12016249204424	104.8760427527324
Bhathia_01	R125	303.0	303.0	100000.0	151.24596464403913	104.8760427527324
Bhathia_01	R125	303.0	303.0	100000.0	156.55157666794562	104.8760427527324
Bhathia_01	R125	303.0	303.0	100000.0	162.04330617944572	104.8760427527324
Bhathia_01	R125	303.0	303.0	100000.0	167.72768206135862	104.8760427527324
Bhathia_01	R125	303.0	303.0	100000.0	173.6114622255508	104.8760427527324
Bhathia_01	R125	303.0	303.0	100000.0	179.70164164712898	104.8760427527324
Bhathia_01	R125	303.0	303.0	100000.0	186.00546068046754	104.8760427527324
Bhathia_01	R125	303.0	303.0	100000.0	192.53041366695666	104.8760427527324
Bhathia_01	R125	303.0	303.0	100000.0	199.28425784470534	104.8760427527324
Bhathia_01	R125	303.0	303.0	100000.0	206.27502257078967	104.8760427527324
Bhathia_01	R125	303.0	303.0	100000.0	213.51101886701414	104.8760427527324
Bhathia_01	R125	303.0	303.0	100000.0	221.00084930052978	104.8760427527324
Bhathia_01	R125	303.0	303.0	100000.0	228.7534182110594	104.8760427527324
Bhathia_01	R125	303.0	303.0	100000.0	236.77794229688686	104.8760427527324
Bhathia_01	R125	303.0	303.0	100000.0	245.08396157219659	104.8760427527324
Bhathia_01	R125	303.0	303.0	100000.0	253.68135070878884	104.8760427527324
Bhathia_01	R125	303.0	303.0	100000.0	262.58033077565597	104.8760427527324
Bhathia_01	R125	303.0	303.0	100000.0	271.7914813903746	104.8760427527324
Bhathia_01	R125	303.0	303.0	100000.0	281.32575329676206	104.8760427527324
Bhathia_01	R125	303.0	303.0	100000.0	291.1944813837476	104.8760427527324
Bhathia_01	R125	303.0	303.0	100000.0	301.4093981609385	104.8760427527324
Bhathia_01	R125	303.0	303.0	100000.0	311.9826477069	104.8760427527324
Bhathia_01	R125	303.0	303.0	100000.0	322.92680010673166	104.8760427527324
Bhathia_01	R125	303.0	303.0	100000.0	334.2548663961052	104.8760427527324
Bhathia_01	R125	303.0	303.0	100000.0	345.9803140295299	104.8760427527324
Bhathia_01	R125	303.0	303.0	100000.0	358.11708289123294	104.8760427527324
Bhathia_01	R125	303.0	303.0	100000.0	370.67960186769494	104.8760427527324
Bhathia_01	R125	303.0	303.0	100000.0	383.6828060015357	104.8760427527324
Bhathia_01	R125	303.0	303.0	100000.0	397.1421542471496	104.8760427527324
Bhathia_01	R125	303.0	303.0	100000.0	411.0736478491962	104.8760427527324
Bhathia_01	R125	303.0	303.0	100000.0	425.49384936579753	104.8760427527324
Bhathia_01	R125	303.0	303.0	100000.0	440.41990235905604	104.77276706606796
Bhathia_01	R125	303.0	303.0	100000.0	455.86955177630426	104.61921724428811
Bhathia_01	R125	303.0	303.0	100000.0	471.8611650463152	104.46233703160888
Bhathia_01	R125	303.0	303.0	100000.0	488.41375391555476	104.30206187635132
Bhathia_01	R125	303.0	303.0	100000.0	505.546997050434	104.13831974800794
Bhathia_01	R125	303.0	303.0	100000.0	523.2812634324383	103.97104350323163
Bhathia_01	R125	303.0	303.0	100000.0	541.6376365739385	103.8001772714023
Bhathia_01	R125	303.0	303.0	100000.0	560.6379395834789	103.62566963796667
Bhathia_01	R125	303.0	303.0	100000.0	580.30476111034	103.4474430622031
Bhathia_01	R125	303.0	303.0	100000.0	600.6614821992193	103.2654233851904
Bhathia_01	R125	303.0	303.0	100000.0	621.7323040869574	103.07954569003743
Bhathia_01	R125	303.0	303.0	100000.0	643.5422769743552	102.88974876391448
Bhathia_01	R125	303.0	303.0	100000.0	666.1173298072896	102.6959721637276
Bhathia_01	R125	303.0	303.0	100000.0	689.4843011025289	102.49814517576321
Bhathia_01	R125	303.0	303.0	100000.0	713.670970854901	102.29617009380704
Bhathia_01	R125	303.0	303.0	100000.0	738.7060935637436	102.09000143248096
Bhathia_01	R125	303.0	303.0	100000.0	764.6194324179003	101.87957480811868
Bhathia_01	R125	303.0	303.0	100000.0	791.4417946799063	101.66481356529503
Bhathia_01	R125	303.0	303.0	100000.0	819.2050683114275	101.44563986021916
Bhathia_01	R125	303.0	303.0	100000.0	847.9422598834972	101.22198193243811
Bhathia_01	R125	303.0	303.0	100000.0	877.6875338166207	100.99377889374867
Bhathia_01	R125	303.0	303.0	100000.0	908.4762529973926	100.76095579253784
Bhathia_01	R125	303.0	303.0	100000.0	940.3450208199293	100.52342714253504
Bhathia_01	R125	303.0	303.0	100000.0	973.3317247020778	100.28113178485344
Bhathia_01	R125	303.0	303.0	100000.0	1007.4755811281508	100.03400251270786
Bhathia_01	R125	303.0	303.0	100000.0	1042.817182271731	99.78195704322536
Bhathia_01	R125	303.0	303.0	100000.0	1079.3985442539745	99.5249160899823
Bhathia_01	R125	303.0	303.0	100000.0	1117.2631570947824	99.26281664835085
Bhathia_01	R125	303.0	303.0	100000.0	1156.4560364162314	98.99558650800212
Bhathia_01	R125	303.0	303.0	100000.0	1197.023776959721	98.72313611134726
Bhathia_01	R125	303.0	303.0	100000.0	1239.0146079804795	98.44540711102675
Bhathia_01	R125	303.0	303.0	100000.0	1282.478450585262	98.16232781977551
Bhathia_01	R125	303.0	303.0	100000.0	1327.4669770814253	97.87380727923293
Bhathia_01	R125	303.0	303.0	100000.0	1374.0336724079282	97.57978638225356
Bhathia_01	R125	303.0	303.0	100000.0	1422.2338977212928	97.28019452091172
Bhathia_01	R125	303.0	303.0	100000.0	1472.124956212121	96.9749531129513
Bhathia_01	R125	303.0	303.0	100000.0	1523.766161230411	96.66395266304552
Bhathia_01	R125	303.0	303.0	100000.0	1577.2189068006678	96.34719117415752
Bhathia_01	R125	303.0	303.0	100000.0	1632.5467406106395	96.02454989124213
Bhathia_01	R125	303.0	303.0	100000.0	1689.81543956045	95.6959693615566
Bhathia_01	R125	303.0	303.0	100000.0	1749.093087961948	95.36136998276588
Bhathia_01	R125	303.0	303.0	100000.0	1810.45015848124	95.02068468930784
Bhathia_01	R125	303.0	303.0	100000.0	1873.9595959206342	94.67384924580023
Bhathia_01	R125	303.0	303.0	100000.0	1939.6969039396042	94.32078544010041
Bhathia_01	R125	303.0	303.0	100000.0	2007.7402348178655	93.96142267406759
Bhathia_01	R125	303.0	303.0	100000.0	2078.1704823672853	93.59569763894407
Bhathia_01	R125	303.0	303.0	100000.0	2151.0713781030845	93.22353613961096
Bhathia_01	R125	303.0	303.0	100000.0	2226.529590788659	92.84487562572671
Bhathia_01	R125	303.0	303.0	100000.0	2304.63482947238	92.45963826636225
Bhathia_01	R125	303.0	303.0	100000.0	2385.479950138839	92.06777029587943
Bhathia_01	R125	303.0	303.0	100000.0	2469.161066101381	91.66919840670707
Bhathia_01	R125	303.0	303.0	100000.0	2555.7776622671126	91.26386079904758
Bhathia_01	R125	303.0	303.0	100000.0	2645.43271341026	90.85169101396222
Bhathia_01	R125	303.0	303.0	100000.0	2738.2328065944866	90.43262496100391
Bhathia_01	R125	303.0	303.0	100000.0	2834.2882678897013	90.0066109822224
Bhathia_01	R125	303.0	303.0	100000.0	2933.7132935340187	89.57357901065089
Bhathia_01	R125	303.0	303.0	100000.0	3036.6260856967806	89.13345711720672
Bhathia_01	R125	303.0	303.0	100000.0	3143.1489930040857	88.68619665910649
Bhathia_01	R125	303.0	303.0	100000.0	3253.4086559938396	88.23174054372505
Bhathia_01	R125	303.0	303.0	100000.0	3367.536157673288	87.77002841453503
Bhathia_01	R125	303.0	303.0	100000.0	3485.667179358007	87.3010078900484
Bhathia_01	R125	303.0	303.0	100000.0	3607.9421619776303	86.8246201726864
Bhathia_01	R125	303.0	303.0	100000.0	3734.506473040075	86.34080408703817
Bhathia_01	R125	303.0	303.0	100000.0	3865.5105794527676	85.84951011574336
Bhathia_01	R125	303.0	303.0	100000.0	4001.1102264063275	85.35068609187891
Bhathia_01	R125	303.0	303.0	100000.0	4141.466622533378	84.84427888622308
Bhathia_01	R125	303.0	303.0	100000.0	4286.746631562607	84.33023968026205
Bhathia_01	R125	303.0	303.0	100000.0	4437.122970695934	83.80851025864118
Bhathia_01	R125	303.0	303.0	100000.0	4592.774415944617	83.2790284246486
Bhathia_01	R125	303.0	303.0	100000.0	4753.8860146684265	82.74179887232593
Bhathia_01	R125	303.0	303.0	100000.0	4920.649305570547	82.19671909803304
Bhathia_01	R125	303.0	303.0	100000.0	5093.26254640977	81.64375771503502
Bhathia_01	R125	303.0	303.0	100000.0	5271.9309497006825	81.08287587637554
Bhathia_01	R125	303.0	303.0	100000.0	5456.8669266820625	80.51401993555211
Bhathia_01	R125	303.0	303.0	100000.0	5648.290339843539	79.93714186243
Bhathia_01	R125	303.0	303.0	100000.0	5846.4287643107255	79.35220299762642
Bhathia_01	R125	303.0	303.0	100000.0	6051.517758399548	78.75916300607253
Bhathia_01	R125	303.0	303.0	100000.0	6263.801143661515	78.15797148360659
Bhathia_01	R125	303.0	303.0	100000.0	6483.531294752719	77.54857168312971
Bhathia_01	R125	303.0	303.0	100000.0	6710.9694394713115	76.93094171467088
Bhathia_01	R125	303.0	303.0	100000.0	6946.385969320071	76.30503049014247
Bhathia_01	R125	303.0	303.0	100000.0	7190.06076096333	75.67079880067888
Bhathia_01	R125	303.0	303.0	100000.0	7442.283508960394	75.02819658143233
Bhathia_01	R125	303.0	303.0	100000.0	7703.354070171016	74.37717430131673
Bhathia_01	R125	303.0	303.0	100000.0	7973.582820242459	73.71769858230608
Bhathia_01	R125	303.0	303.0	100000.0	8253.291022601827	73.0497297390091
Bhathia_01	R125	303.0	303.0	100000.0	8542.811210392447	72.3732261392797
Bhathia_01	R125	303.0	303.0	100000.0	8842.487581808335	71.68814601131449
Bhathia_01	R125	303.0	303.0	100000.0	9152.676409296731	70.9944902373876
Bhathia_01	R125	303.0	303.0	100000.0	9473.746463115214	70.29196081997924
Bhathia_01	R125	303.0	303.0	100000.0	9806.07944974691	69.58087822817804
Bhathia_01	R125	303.0	303.0	100000.0	10150.070465695051	68.86101034389651
Bhathia_01	R125	303.0	303.0	100000.0	10506.128467196331	68.1323271675093
Bhathia_01	R125	303.0	303.0	100000.0	10874.676756411529	67.39478349447336
Bhathia_01	R125	303.0	303.0	100000.0	11256.153484671382	66.64833379849874
Bhathia_01	R125	303.0	303.0	100000.0	11651.012173375993	65.89292878357675
Bhathia_01	R125	303.0	303.0	100000.0	12059.722253167078	65.12852016409632
Bhathia_01	R125	303.0	303.0	100000.0	12482.769622014002	64.3550577496624
Bhathia_01	R125	303.0	303.0	100000.0	12920.657222877158	63.57249166239914
Bhathia_01	R125	303.0	303.0	100000.0	13373.905641635398	62.780769585622
Bhathia_01	R125	303.0	303.0	100000.0	13843.053725988231	61.97983866265643
Bhathia_01	R125	303.0	303.0	100000.0	14328.65922606916	61.16964591063947
Bhathia_01	R125	303.0	303.0	100000.0	14831.299457530586	60.350140132718
Bhathia_01	R125	303.0	303.0	100000.0	15351.571987890213	59.521263862430466
Bhathia_01	R125	303.0	303.0	100000.0	15890.095346953078	58.682959378414196
Bhathia_01	R125	303.0	303.0	100000.0	16447.509762155743	57.835177639943375
Bhathia_01	R125	303.0	303.0	100000.0	17024.47791970484	56.977861543521826
Bhathia_01	R125	303.0	303.0	100000.0	17621.68575241697	56.110957197844776
Bhathia_01	R125	303.0	303.0	100000.0	18239.84325519438	55.23440520287264
Bhathia_01	R125	303.0	303.0	100000.0	18879.685329108175	54.3481494072348
Bhathia_01	R125	303.0	303.0	100000.0	19541.972655090256	53.45214135011318
Bhathia_01	R125	303.0	303.0	100000.0	20227.49259827501	52.546325013105545
Bhathia_01	R125	303.0	303.0	100000.0	20937.060144063526	51.630628071517
Bhathia_01	R125	303.0	303.0	100000.0	21671.518867025392	50.705030725344116
Bhathia_01	R125	303.0	303.0	100000.0	22431.741933788304	49.769462889814314
Bhathia_01	R125	303.0	303.0	100000.0	23218.633141108625	48.82388166728129
Bhathia_01	R125	303.0	303.0	100000.0	24033.127990356785	47.868239791969124
Bhathia_01	R125	303.0	303.0	100000.0	24876.194799694935	46.90249537379798
Bhathia_01	R125	303.0	303.0	100000.0	25748.835855269062	45.92660481505099
Bhathia_01	R125	303.0	303.0	100000.0	26652.088602784228	44.940536196373394
Bhathia_01	R125	303.0	303.0	100000.0	27587.026880879475	43.94425514016278
Bhathia_01	R125	303.0	303.0	100000.0	28554.762197768767	42.937729507161855
Bhathia_01	R125	303.0	303.0	100000.0	29556.445052665636	41.920948658771024
Bhathia_01	R125	303.0	303.0	100000.0	30593.266303562625	40.89387999345967
Bhathia_01	R125	303.0	303.0	100000.0	31666.458582991498	39.85652801216813
Bhathia_01	R125	303.0	303.0	100000.0	32777.29776344747	38.80888035627761
Bhathia_01	R125	303.0	303.0	100000.0	33927.104474219595	37.75094584826988
Bhathia_01	R125	303.0	303.0	100000.0	35117.24567143027	36.68273433380782
Bhathia_01	R125	303.0	303.0	100000.0	36349.13626315173	35.60428082021846
Bhathia_01	R125	303.0	303.0	100000.0	37624.240791528864	34.51558183613547
Bhathia_01	R125	303.0	303.0	100000.0	38944.07517391196	33.41670466324521
Bhathia_01	R125	303.0	303.0	100000.0	40310.20850506498	32.307717950080914
Bhathia_01	R125	303.0	303.0	100000.0	41724.264922596594	31.188657196513393
Bhathia_01	R125	303.0	303.0	100000.0	43187.92553782676	30.059619729374187
Bhathia_01	R125	303.0	303.0	100000.0	44702.93043438957	28.920685017179604
Bhathia_01	R125	303.0	303.0	100000.0	46271.08073694302	27.77196374366556
Bhathia_01	R125	303.0	303.0	100000.0	47894.24075245067	26.61357730259479
Bhathia_01	R125	303.0	303.0	100000.0	49574.34018657513	25.445657606252784
Bhathia_01	R125	303.0	303.0	100000.0	51313.376437824336	24.268361112155524
Bhathia_01	R125	303.0	303.0	100000.0	53113.41697217184	23.08185432046063
Bhathia_01	R125	303.0	303.0	100000.0	54976.60178098003	21.88632685862908
Bhathia_01	R125	303.0	303.0	100000.0	56905.14592514396	20.681982921435036
Bhathia_01	R125	303.0	303.0	100000.0	58901.34216848284	19.469046419825183
Bhathia_01	R125	303.0	303.0	100000.0	60967.5637035091	18.24776249879581
Bhathia_01	R125	303.0	303.0	100000.0	63106.2669728156	17.018391106825717
Bhathia_01	R125	303.0	303.0	100000.0	65319.99458943548	15.781220070367144
Bhathia_01	R125	303.0	303.0	100000.0	67611.3783596462	14.536552172951307
Bhathia_01	R125	303.0	303.0	100000.0	69983.14241181171	13.284712692934825
Bhathia_01	R125	303.0	303.0	100000.0	72438.10643498244	12.026048245432197
Bhathia_01	R125	303.0	303.0	100000.0	74979.18903110319	10.760925994171357
Bhathia_01	R125	303.0	303.0	100000.0	77609.41118481442	9.489734804534129
Bhathia_01	R125	303.0	303.0	100000.0	80331.89985497203	8.212884494080065
Bhathia_01	R125	303.0	303.0	100000.0	83149.89169215517	6.930805875172087
Bhathia_01	R125	303.0	303.0	100000.0	86066.7368865822	5.643949816803311
Bhathia_01	R125	303.0	303.0	100000.0	89085.903151008	4.352787776309644
Bhathia_01	R125	303.0	303.0	100000.0	92210.9798433415	3.057811305896535
Bhathia_01	R125	303.0	303.0	100000.0	95445.68223387754	1.75953059984549
Bhathia_01	R125	303.0	303.0	100000.0	98793.85592222596	0.45847394224850135
Bhathia_01	R125	303.0	303.0	100000.0	102259.48140917791	0.8448129326635784
Bhathia_01	R125	303.0	303.0	100000.0	105846.67882895643	2.1497675541271617
Bhathia_01	R125	303.0	303.0	100000.0	109559.71284746489	3.455811721472731
Bhathia_01	R125	303.0	303.0	100000.0	113402.99773236972	4.762353636709654
Bhathia_01	R125	303.0	303.0	100000.0	117381.10260103126	6.068788752047564
Bhathia_01	R125	303.0	303.0	100000.0	121498.75685253605	7.374500540546094
Bhathia_01	R125	303.0	303.0	100000.0	125760.85579027371	8.678862406729673
Bhathia_01	R125	303.0	303.0	100000.0	130172.46644175818	9.981239468958847
Bhathia_01	R125	303.0	303.0	100000.0	134738.83358259665	11.280990405136246
Bhathia_01	R125	303.0	303.0	100000.0	139465.3859717822	12.577468137021512
Bhathia_01	R125	303.0	303.0	100000.0	144357.7428057125	13.870022764336612
Bhathia_01	R125	303.0	303.0	100000.0	149421.7203986127	15.158002198999426
Bhathia_01	R125	303.0	303.0	100000.0	154663.33909730316	16.44075561843606
Bhathia_01	R125	303.0	303.0	100000.0	160088.83043853292	17.717633979064868
Bhathia_01	R125	303.0	303.0	100000.0	165704.6445573877	18.98798967957076
Bhathia_01	R125	303.0	303.0	100000.0	171517.45785558026	20.25118624531087
Bhathia_01	R125	303.0	303.0	100000.0	177534.18093873924	21.506590975094266
Bhathia_01	R125	303.0	303.0	100000.0	183761.96683213356	22.753581681403592
Bhathia_01	R125	303.0	303.0	100000.0	190208.21948459864	23.991547284700296
Bhathia_01	R125	303.0	303.0	100000.0	196880.60257077508	25.21988965127963
Bhathia_01	R125	303.0	303.0	100000.0	203787.04860212465	26.438026296458787
Bhathia_01	R125	303.0	303.0	100000.0	210935.76835755422	27.64539054656723
Bhathia_01	R125	303.0	303.0	100000.0	218335.26064486115	28.84142989550008
Bhathia_01	R125	303.0	303.0	100000.0	225994.32240460056	30.025616842966674
Bhathia_01	R125	303.0	303.0	100000.0	233922.05916839777	31.197441937887334
Bhathia_01	R125	303.0	303.0	100000.0	242127.89588411906	32.35641453007013
Bhathia_01	R125	303.0	303.0	100000.0	250621.58812079762	33.50207118532294
Bhathia_01	R125	303.0	303.0	100000.0	259413.23366660537	34.63396858939585
Bhathia_01	R125	303.0	303.0	100000.0	268513.2845336903	35.75168835647944
Bhathia_01	R125	303.0	303.0	100000.0	277932.5593841194	36.85484923740896
Bhathia_01	R125	303.0	303.0	100000.0	287682.2563917327	37.94304305880508
Bhathia_01	R125	303.0	303.0	100000.0	297773.9665551654	39.01598689336314
Bhathia_01	R125	303.0	303.0	100000.0	308219.6874779006	40.07333252753048
Bhathia_01	R125	303.0	303.0	100000.0	319031.83763169846	41.114801515552976
Bhathia_01	R125	303.0	303.0	100000.0	330223.271120397	42.140130696566516
Bhathia_01	R125	303.0	303.0	100000.0	341807.2929615984	43.149086386446626
Bhathia_01	R125	303.0	303.0	100000.0	353797.67490444286	44.141462425256236
Bhathia_01	R125	303.0	303.0	100000.0	366208.67180225096	45.11707839698881
Bhathia_01	R125	303.0	303.0	100000.0	379055.0385595106	45.549374088239055
Bhathia_01	R125	303.0	303.0	100000.0	392352.047673353	45.549374088239055
Bhathia_01	R125	303.0	303.0	100000.0	406115.50739037304	45.549374088239055
Bhathia_01	R125	303.0	303.0	100000.0	420361.78050037875	45.549374088239055
Bhathia_01	R125	303.0	303.0	100000.0	435107.80378941365	45.549374088239055
Bhathia_01	R125	303.0	303.0	100000.0	450371.1081751789	45.549374088239055
Bhathia_01	R125	303.0	303.0	100000.0	466169.83954879304	45.549374088239055
Bhathia_01	R125	303.0	303.0	100000.0	482522.7803476675	45.549374088239055
Bhathia_01	R125	303.0	303.0	100000.0	499449.37188514473	45.549374088239055
Bhathia_01	R125	303.0	303.0	100000.0	516969.7374634458	45.549374088239055
Bhathia_01	R125	303.0	303.0	100000.0	535104.7062974056	45.549374088239055
Bhathia_01	R125	303.0	303.0	100000.0	553875.8382774384	45.549374088239055
Bhathia_01	R125	303.0	303.0	100000.0	573305.4496011657	45.549374088239055
Bhathia_01	R125	303.0	303.0	100000.0	593416.6393042037	45.549374088239055
Bhathia_01	R125	303.0	303.0	100000.0	614233.3167216032	45.549374088239055
Bhathia_01	R125	303.0	303.0	100000.0	635780.2299126569	45.549374088239055
Bhathia_01	R125	303.0	303.0	100000.0	658082.9950827911	45.549374088239055
Bhathia_01	R125	303.0	303.0	100000.0	681168.127037599	45.549374088239055
Bhathia_01	R125	303.0	303.0	100000.0	705063.0707051408	45.549374088239055
Bhathia_01	R125	303.0	303.0	100000.0	729796.2337640686	45.549374088239055
Bhathia_01	R125	303.0	303.0	100000.0	755397.0204162808	45.549374088239055
Bhathia_01	R125	303.0	303.0	100000.0	781895.866344346	45.549374088239055
Bhathia_01	R125	303.0	303.0	100000.0	809324.2748951628	45.549374088239055
Bhathia_01	R125	303.0	303.0	100000.0	837714.8545329691	45.549374088239055
Bhathia_01	R125	303.0	303.0	100000.0	867101.3576061296	45.549374088239055
Bhathia_01	R125	303.0	303.0	100000.0	897518.7204738803	45.549374088239055
Bhathia_01	R125	303.0	303.0	100000.0	929003.1050406658	45.549374088239055
Bhathia_01	R125	303.0	303.0	100000.0	961591.9417474868	45.549374088239055
Bhathia_01	R125	303.0	303.0	100000.0	995323.9740713531	45.549374088239055
Bhathia_01	R125	303.0	303.0	100000.0	1030239.3045857496	45.549374088239055
Bhathia_01	R125	303.0	303.0	100000.0	1066379.442636875	45.549374088239055
Bhathia_01	R125	303.0	303.0	100000.0	1103787.3536923314	45.549374088239055
Bhathia_01	R125	303.0	303.0	100000.0	1142507.5104209343	45.549374088239055
Bhathia_01	R125	303.0	303.0	100000.0	1182585.945564372	45.549374088239055
Bhathia_01	R125	303.0	303.0	100000.0	1224070.3066635653	45.549374088239055
Bhathia_01	R125	303.0	303.0	100000.0	1267009.912704797	45.549374088239055
Bhathia_01	R125	303.0	303.0	100000.0	1311455.8127529488	45.549374088239055
Bhathia_01	R125	303.0	303.0	100000.0	1357460.8466415561	45.549374088239055
Bhathia_01	R125	303.0	303.0	100000.0	1405079.70779183	45.549374088239055
Bhathia_01	R125	303.0	303.0	100000.0	1454369.008235332	45.549374088239055
Bhathia_01	R125	303.0	303.0	100000.0	1505387.3459176025	45.549374088239055
Bhathia_01	R125	303.0	303.0	100000.0	1558195.374362756	45.549374088239055
Bhathia_01	R125	303.0	303.0	100000.0	1612855.874781868	45.549374088239055
Bhathia_01	R125	303.0	303.0	100000.0	1669433.830710877	45.549374088239055
Bhathia_01	R125	303.0	303.0	100000.0	1727996.50526674	45.549374088239055
Bhathia_01	R125	303.0	303.0	100000.0	1788613.5211136676	45.549374088239055
Bhathia_01	R125	303.0	303.0	100000.0	1851356.9432345594	45.549374088239055
Bhathia_01	R125	303.0	303.0	100000.0	1916301.3646059704	45.549374088239055
Bhathia_01	R125	303.0	303.0	100000.0	1983523.9948785233	45.549374088239055
Bhathia_01	R125	303.0	303.0	100000.0	2053104.7521681644	45.549374088239055
Bhathia_01	R125	303.0	303.0	100000.0	2125126.3580674017	45.549374088239055
Bhathia_01	R125	303.0	303.0	100000.0	2199674.4359894753	45.549374088239055
Bhathia_01	R125	303.0	303.0	100000.0	2276837.6129623787	45.549374088239055
Bhathia_01	R125	303.0	303.0	100000.0	2356707.6249937494	45.549374088239055
Bhathia_01	R125	303.0	303.0	100000.0	2439379.426131895	45.549374088239055
Bhathia_01	R125	303.0	303.0	100000.0	2524951.301352604	45.549374088239055
Bhathia_01	R125	303.0	303.0	100000.0	2613524.9834059626	45.549374088239055
Bhathia_01	R125	303.0	303.0	100000.0	2705205.773762079	45.549374088239055
Bhathia_01	R125	303.0	303.0	100000.0	2800102.6677995026	45.549374088239055
Bhathia_01	R125	303.0	303.0	100000.0	2898328.4843851826	45.549374088239055
Bhathia_01	R125	303.0	303.0	100000.0	3000000.000000001	45.549374088239055
Bhathia_01	R125	333.0	333.0	100000.0	100.0	68.6934065066906
Bhathia_01	R125	333.0	333.0	100000.0	103.5079362523115	68.6934065066906
Bhathia_01	R125	333.0	333.0	100000.0	107.13892867212581	68.6934065066906
Bhathia_01	R125	333.0	333.0	100000.0	110.89729399135348	68.6934065066906
Bhathia_01	R125	333.0	333.0	100000.0	114.78750037010863	68.6934065066906
Bhathia_01	R125	333.0	333.0	100000.0	118.81417270871387	68.6934065066906
Bhathia_01	R125	333.0	333.0	100000.0	122.98209814604685	68.6934065066906
Bhathia_01	R125	333.0	333.0	100000.0	127.29623175076546	68.6934065066906
Bhathia_01	R125	333.0	333.0	100000.0	131.76170241217702	68.6934065066906
Bhathia_01	R125	333.0	333.0	100000.0	136.3838189377566	68.6934065066906
Bhathia_01	R125	333.0	333.0	100000.0	141.16807636456102	68.6934065066906
Bhathia_01	R125	333.0	333.0	100000.0	146.12016249204424	68.6934065066906
Bhathia_01	R125	333.0	333.0	100000.0	151.24596464403913	68.6934065066906
Bhathia_01	R125	333.0	333.0	100000.0	156.55157666794562	68.6934065066906
Bhathia_01	R125	333.0	333.0	100000.0	162.04330617944572	68.6934065066906
Bhathia_01	R125	333.0	333.0	100000.0	167.72768206135862	68.6934065066906
Bhathia_01	R125	333.0	333.0	100000.0	173.6114622255508	68.6934065066906
Bhathia_01	R125	333.0	333.0	100000.0	179.70164164712898	68.6934065066906
Bhathia_01	R125	333.0	333.0	100000.0	186.00546068046754	68.6934065066906
Bhathia_01	R125	333.0	333.0	100000.0	192.53041366695666	68.6934065066906
Bhathia_01	R125	333.0	333.0	100000.0	199.28425784470534	68.6934065066906
Bhathia_01	R125	333.0	333.0	100000.0	206.27502257078967	68.6934065066906
Bhathia_01	R125	333.0	333.0	100000.0	213.51101886701414	68.6934065066906
Bhathia_01	R125	333.0	333.0	100000.0	221.00084930052978	68.6934065066906
Bhathia_01	R125	333.0	333.0	100000.0	228.7534182110594	68.6934065066906
Bhathia_01	R125	333.0	333.0	100000.0	236.77794229688686	68.6934065066906
Bhathia_01	R125	333.0	333.0	100000.0	245.08396157219659	68.6934065066906
Bhathia_01	R125	333.0	333.0	100000.0	253.68135070878884	68.6934065066906
Bhathia_01	R125	333.0	333.0	100000.0	262.58033077565597	68.6934065066906
Bhathia_01	R125	333.0	333.0	100000.0	271.7914813903746	68.6934065066906
Bhathia_01	R125	333.0	333.0	100000.0	281.32575329676206	68.6934065066906
Bhathia_01	R125	333.0	333.0	100000.0	291.1944813837476	68.6934065066906
Bhathia_01	R125	333.0	333.0	100000.0	301.4093981609385	68.6934065066906
Bhathia_01	R125	333.0	333.0	100000.0	311.9826477069	68.6934065066906
Bhathia_01	R125	333.0	333.0	100000.0	322.92680010673166	68.6934065066906
Bhathia_01	R125	333.0	333.0	100000.0	334.2548663961052	68.6934065066906
Bhathia_01	R125	333.0	333.0	100000.0	345.9803140295299	68.6934065066906
Bhathia_01	R125	333.0	333.0	100000.0	358.11708289123294	68.6934065066906
Bhathia_01	R125	333.0	333.0	100000.0	370.67960186769494	68.6934065066906
Bhathia_01	R125	333.0	333.0	100000.0	383.6828060015357	68.6934065066906
Bhathia_01	R125	333.0	333.0	100000.0	397.1421542471496	68.6934065066906
Bhathia_01	R125	333.0	333.0	100000.0	411.0736478491962	68.6934065066906
Bhathia_01	R125	333.0	333.0	100000.0	425.49384936579753	68.6934065066906
Bhathia_01	R125	333.0	333.0	100000.0	440.41990235905604	68.6934065066906
Bhathia_01	R125	333.0	333.0	100000.0	455.86955177630426	68.6934065066906
Bhathia_01	R125	333.0	333.0	100000.0	471.8611650463152	68.6934065066906
Bhathia_01	R125	333.0	333.0	100000.0	488.41375391555476	68.6934065066906
Bhathia_01	R125	333.0	333.0	100000.0	505.546997050434	68.6934065066906
Bhathia_01	R125	333.0	333.0	100000.0	523.2812634324383	68.6934065066906
Bhathia_01	R125	333.0	333.0	100000.0	541.6376365739385	68.6934065066906
Bhathia_01	R125	333.0	333.0	100000.0	560.6379395834789	68.6934065066906
Bhathia_01	R125	333.0	333.0	100000.0	580.30476111034	68.6934065066906
Bhathia_01	R125	333.0	333.0	100000.0	600.6614821992193	68.6934065066906
Bhathia_01	R125	333.0	333.0	100000.0	621.7323040869574	68.6934065066906
Bhathia_01	R125	333.0	333.0	100000.0	643.5422769743552	68.6934065066906
Bhathia_01	R125	333.0	333.0	100000.0	666.1173298072896	68.6934065066906
Bhathia_01	R125	333.0	333.0	100000.0	689.4843011025289	68.6934065066906
Bhathia_01	R125	333.0	333.0	100000.0	713.670970854901	68.6934065066906
Bhathia_01	R125	333.0	333.0	100000.0	738.7060935637436	68.6934065066906
Bhathia_01	R125	333.0	333.0	100000.0	764.6194324179003	68.6934065066906
Bhathia_01	R125	333.0	333.0	100000.0	791.4417946799063	68.6934065066906
Bhathia_01	R125	333.0	333.0	100000.0	819.2050683114275	68.6934065066906
Bhathia_01	R125	333.0	333.0	100000.0	847.9422598834972	68.6934065066906
Bhathia_01	R125	333.0	333.0	100000.0	877.6875338166207	68.6934065066906
Bhathia_01	R125	333.0	333.0	100000.0	908.4762529973926	68.6934065066906
Bhathia_01	R125	333.0	333.0	100000.0	940.3450208199293	68.6934065066906
Bhathia_01	R125	333.0	333.0	100000.0	973.3317247020778	68.6934065066906
Bhathia_01	R125	333.0	333.0	100000.0	1007.4755811281508	68.6934065066906
Bhathia_01	R125	333.0	333.0	100000.0	1042.817182271731	68.6934065066906
Bhathia_01	R125	333.0	333.0	100000.0	1079.3985442539745	68.6934065066906
Bhathia_01	R125	333.0	333.0	100000.0	1117.2631570947824	68.6934065066906
Bhathia_01	R125	333.0	333.0	100000.0	1156.4560364162314	68.6934065066906
Bhathia_01	R125	333.0	333.0	100000.0	1197.023776959721	68.6934065066906
Bhathia_01	R125	333.0	333.0	100000.0	1239.0146079804795	68.6934065066906
Bhathia_01	R125	333.0	333.0	100000.0	1282.478450585262	68.6934065066906
Bhathia_01	R125	333.0	333.0	100000.0	1327.4669770814253	68.6934065066906
Bhathia_01	R125	333.0	333.0	100000.0	1374.0336724079282	68.6934065066906
Bhathia_01	R125	333.0	333.0	100000.0	1422.2338977212928	68.6934065066906
Bhathia_01	R125	333.0	333.0	100000.0	1472.124956212121	68.6934065066906
Bhathia_01	R125	333.0	333.0	100000.0	1523.766161230411	68.6934065066906
Bhathia_01	R125	333.0	333.0	100000.0	1577.2189068006678	68.6934065066906
Bhathia_01	R125	333.0	333.0	100000.0	1632.5467406106395	68.55675457011466
Bhathia_01	R125	333.0	333.0	100000.0	1689.81543956045	68.3778746397705
Bhathia_01	R125	333.0	333.0	100000.0	1749.093087961948	68.1948772222029
Bhathia_01	R125	333.0	333.0	100000.0	1810.45015848124	68.0076944517281
Bhathia_01	R125	333.0	333.0	100000.0	1873.9595959206342	67.81625205169581
Bhathia_01	R125	333.0	333.0	100000.0	1939.6969039396042	67.62051153136181
Bhathia_01	R125	333.0	333.0	100000.0	2007.7402348178655	67.42039535482613
Bhathia_01	R125	333.0	333.0	100000.0	2078.1704823672853	67.2158436099117
Bhathia_01	R125	333.0	333.0	100000.0	2151.0713781030845	67.00678868806739
Bhathia_01	R125	333.0	333.0	100000.0	2226.529590788659	66.79316969124132
Bhathia_01	R125	333.0	333.0	100000.0	2304.63482947238	66.57493204914239
Bhathia_01	R125	333.0	333.0	100000.0	2385.479950138839	66.35201293782549
Bhathia_01	R125	333.0	333.0	100000.0	2469.161066101381	66.12434499459044
Bhathia_01	R125	333.0	333.0	100000.0	2555.7776622671126	65.8918697377063
Bhathia_01	R125	333.0	333.0	100000.0	2645.43271341026	65.65452946154963
Bhathia_01	R125	333.0	333.0	100000.0	2738.2328065944866	65.41227974762758
Bhathia_01	R125	333.0	333.0	100000.0	2834.2882678897013	65.16503169061438
Bhathia_01	R125	333.0	333.0	100000.0	2933.7132935340187	64.91274405440029
Bhathia_01	R125	333.0	333.0	100000.0	3036.6260856967806	64.65536197505732
Bhathia_01	R125	333.0	333.0	100000.0	3143.1489930040857	64.39281744349705
Bhathia_01	R125	333.0	333.0	100000.0	3253.4086559938396	64.12505802912187
Bhathia_01	R125	333.0	333.0	100000.0	3367.536157673288	63.85202560852508
Bhathia_01	R125	333.0	333.0	100000.0	3485.667179358007	63.57366554334128
Bhathia_01	R125	333.0	333.0	100000.0	3607.9421619776303	63.2899170085572
Bhathia_01	R125	333.0	333.0	100000.0	3734.506473040075	63.000729880327455
Bhathia_01	R125	333.0	333.0	100000.0	3865.5105794527676	62.7060440818492
Bhathia_01	R125	333.0	333.0	100000.0	4001.1102264063275	62.40580134320861
Bhathia_01	R125	333.0	333.0	100000.0	4141.466622533378	62.09996116231905
Bhathia_01	R125	333.0	333.0	100000.0	4286.746631562607	61.78843749915357
Bhathia_01	R125	333.0	333.0	100000.0	4437.122970695934	61.4711978646459
Bhathia_01	R125	333.0	333.0	100000.0	4592.774415944617	61.148184322043456
Bhathia_01	R125	333.0	333.0	100000.0	4753.8860146684265	60.81933478399332
Bhathia_01	R125	333.0	333.0	100000.0	4920.649305570547	60.48459476433417
Bhathia_01	R125	333.0	333.0	100000.0	5093.26254640977	60.14391012343633
Bhathia_01	R125	333.0	333.0	100000.0	5271.9309497006825	59.797218994668356
Bhathia_01	R125	333.0	333.0	100000.0	5456.8669266820625	59.44446822781679
Bhathia_01	R125	333.0	333.0	100000.0	5648.290339843539	59.08559419873341
Bhathia_01	R125	333.0	333.0	100000.0	5846.4287643107255	58.720541203768406
Bhathia_01	R125	333.0	333.0	100000.0	6051.517758399548	58.349246640574925
Bhathia_01	R125	333.0	333.0	100000.0	6263.801143661515	57.97165134850821
Bhathia_01	R125	333.0	333.0	100000.0	6483.531294752719	57.58769419500843
Bhathia_01	R125	333.0	333.0	100000.0	6710.9694394713115	57.19731113057917
Bhathia_01	R125	333.0	333.0	100000.0	6946.385969320071	56.800438351529316
Bhathia_01	R125	333.0	333.0	100000.0	7190.06076096333	56.39700856501606
Bhathia_01	R125	333.0	333.0	100000.0	7442.283508960394	55.98695800711005
Bhathia_01	R125	333.0	333.0	100000.0	7703.354070171016	55.57021389590438
Bhathia_01	R125	333.0	333.0	100000.0	7973.582820242459	55.14674505848266
Bhathia_01	R125	333.0	333.0	100000.0	8253.291022601827	54.7163844449973
Bhathia_01	R125	333.0	333.0	100000.0	8542.811210392447	54.27914318619442
Bhathia_01	R125	333.0	333.0	100000.0	8842.487581808335	53.834923949142485
Bhathia_01	R125	333.0	333.0	100000.0	9152.676409296731	53.38364768374805
Bhathia_01	R125	333.0	333.0	100000.0	9473.746463115214	52.92523673706507
Bhathia_01	R125	333.0	333.0	100000.0	9806.07944974691	52.45961147763545
Bhathia_01	R125	333.0	333.0	100000.0	10150.070465695051	51.98668923675746
Bhathia_01	R125	333.0	333.0	100000.0	10506.128467196331	51.50638985126326
Bhathia_01	R125	333.0	333.0	100000.0	10874.676756411529	51.018622746455186
Bhathia_01	R125	333.0	333.0	100000.0	11256.153484671382	50.523304341602355
Bhathia_01	R125	333.0	333.0	100000.0	11651.012173375993	50.02034081890115
Bhathia_01	R125	333.0	333.0	100000.0	12059.722253167078	49.50964410029018
Bhathia_01	R125	333.0	333.0	100000.0	12482.769622014002	48.991124190827215
Bhathia_01	R125	333.0	333.0	100000.0	12920.657222877158	48.464676809778815
Bhathia_01	R125	333.0	333.0	100000.0	13373.905641635398	47.93022098341547
Bhathia_01	R125	333.0	333.0	100000.0	13843.053725988231	47.38765104600081
Bhathia_01	R125	333.0	333.0	100000.0	14328.65922606916	46.8368647454947
Bhathia_01	R125	333.0	333.0	100000.0	14831.299457530586	46.27776584246724
Bhathia_01	R125	333.0	333.0	100000.0	15351.571987890213	45.71025691188871
Bhathia_01	R125	333.0	333.0	100000.0	15890.095346953078	45.13423182522601
Bhathia_01	R125	333.0	333.0	100000.0	16447.509762155743	44.549584249018935
Bhathia_01	R125	333.0	333.0	100000.0	17024.47791970484	43.9562175238893
Bhathia_01	R125	333.0	333.0	100000.0	17621.68575241697	43.35402253629485
Bhathia_01	R125	333.0	333.0	100000.0	18239.84325519438	42.74290547983058
Bhathia_01	R125	333.0	333.0	100000.0	18879.685329108175	42.12274426711885
Bhathia_01	R125	333.0	333.0	100000.0	19541.972655090256	41.49344853809793
Bhathia_01	R125	333.0	333.0	100000.0	20227.49259827501	40.854912267027764
Bhathia_01	R125	333.0	333.0	100000.0	20937.060144063526	40.207033085520486
Bhathia_01	R125	333.0	333.0	100000.0	21671.518867025392	39.54970723060554
Bhathia_01	R125	333.0	333.0	100000.0	22431.741933788304	38.88283245874816
Bhathia_01	R125	333.0	333.0	100000.0	23218.633141108625	38.20630645563846
Bhathia_01	R125	333.0	333.0	100000.0	24033.127990356785	37.520034350684114
Bhathia_01	R125	333.0	333.0	100000.0	24876.194799694935	36.8239215098394
Bhathia_01	R125	333.0	333.0	100000.0	25748.835855269062	36.117854270908154
Bhathia_01	R125	333.0	333.0	100000.0	26652.088602784228	35.40191209852381
Bhathia_01	R125	333.0	333.0	100000.0	27587.026880879475	34.67569893336818
Bhathia_01	R125	333.0	333.0	100000.0	28554.762197768767	33.93933080793144
Bhathia_01	R125	333.0	333.0	100000.0	29556.445052665636	33.19269399558025
Bhathia_01	R125	333.0	333.0	100000.0	30593.266303562625	32.43570843844775
Bhathia_01	R125	333.0	333.0	100000.0	31666.458582991498	31.668300484682693
Bhathia_01	R125	333.0	333.0	100000.0	32777.29776344747	30.890402266065585
Bhathia_01	R125	333.0	333.0	100000.0	33927.104474219595	30.101949980416094
Bhathia_01	R125	333.0	333.0	100000.0	35117.24567143027	29.30288625813292
Bhathia_01	R125	333.0	333.0	100000.0	36349.13626315173	28.493158296029417
Bhathia_01	R125	333.0	333.0	100000.0	37624.240791528864	27.672719005247096
Bhathia_01	R125	333.0	333.0	100000.0	38944.07517391196	26.841528036457174
Bhathia_01	R125	333.0	333.0	100000.0	40310.20850506498	25.999550227201947
Bhathia_01	R125	333.0	333.0	100000.0	41724.264922596594	25.146757895791822
Bhathia_01	R125	333.0	333.0	100000.0	43187.92553782676	24.28313262740454
Bhathia_01	R125	333.0	333.0	100000.0	44702.93043438957	23.408652278137243
Bhathia_01	R125	333.0	333.0	100000.0	46271.08073694302	22.52332307862234
Bhathia_01	R125	333.0	333.0	100000.0	47894.24075245067	21.627134651247363
Bhathia_01	R125	333.0	333.0	100000.0	49574.34018657513	20.72009966488067
Bhathia_01	R125	333.0	333.0	100000.0	51313.376437824336	19.802234761464945
Bhathia_01	R125	333.0	333.0	100000.0	53113.41697217184	18.87356334714006
Bhathia_01	R125	333.0	333.0	100000.0	54976.60178098003	17.934122326747705
Bhathia_01	R125	333.0	333.0	100000.0	56905.14592514396	16.983949239345904
Bhathia_01	R125	333.0	333.0	100000.0	58901.34216848284	16.02309723591104
Bhathia_01	R125	333.0	333.0	100000.0	60967.5637035091	15.051626217918049
Bhathia_01	R125	333.0	333.0	100000.0	63106.2669728156	14.069604393727575
Bhathia_01	R125	333.0	333.0	100000.0	65319.99458943548	13.07711105330245
Bhathia_01	R125	333.0	333.0	100000.0	67611.3783596462	12.074234303553
Bhathia_01	R125	333.0	333.0	100000.0	69983.14241181171	11.061069303182347
Bhathia_01	R125	333.0	333.0	100000.0	72438.10643498244	10.037725903915806
Bhathia_01	R125	333.0	333.0	100000.0	74979.18903110319	9.004319211354812
Bhathia_01	R125	333.0	333.0	100000.0	77609.41118481442	7.960976760470795
Bhathia_01	R125	333.0	333.0	100000.0	80331.89985497203	6.907836003645976
Bhathia_01	R125	333.0	333.0	100000.0	83149.89169215517	5.845043040954546
Bhathia_01	R125	333.0	333.0	100000.0	86066.7368865822	4.772756309482385
Bhathia_01	R125	333.0	333.0	100000.0	89085.903151008	3.6911434446938185
Bhathia_01	R125	333.0	333.0	100000.0	92210.9798433415	2.6003822658822053
Bhathia_01	R125	333.0	333.0	100000.0	95445.68223387754	1.5006621758727152
Bhathia_01	R125	333.0	333.0	100000.0	98793.85592222596	0.3921811454460542
Bhathia_01	R125	333.0	333.0	100000.0	102259.48140917791	0.7248494234187992
Bhathia_01	R125	333.0	333.0	100000.0	105846.67882895643	1.8502109690274298
Bhathia_01	R125	333.0	333.0	100000.0	109559.71284746489	2.983670832175709
Bhathia_01	R125	333.0	333.0	100000.0	113402.99773236972	4.1249883627139825
Bhathia_01	R125	333.0	333.0	100000.0	117381.10260103126	5.273911382247526
Bhathia_01	R125	333.0	333.0	100000.0	121498.75685253605	6.430176025294383
Bhathia_01	R125	333.0	333.0	100000.0	125760.85579027371	7.593510032375201
Bhathia_01	R125	333.0	333.0	100000.0	130172.46644175818	8.763628533676982
Bhathia_01	R125	333.0	333.0	100000.0	134738.83358259665	9.940237000893514
Bhathia_01	R125	333.0	333.0	100000.0	139465.3859717822	11.123031618842177
Bhathia_01	R125	333.0	333.0	100000.0	144357.7428057125	12.311696005379092
Bhathia_01	R125	333.0	333.0	100000.0	149421.7203986127	13.505904831421907
Bhathia_01	R125	333.0	333.0	100000.0	154663.33909730316	14.705323767893029
Bhathia_01	R125	333.0	333.0	100000.0	160088.83043853292	15.909606708970434
Bhathia_01	R125	333.0	333.0	100000.0	165704.6445573877	17.11839701379668
Bhathia_01	R125	333.0	333.0	100000.0	171517.45785558026	18.33133624071096
Bhathia_01	R125	333.0	333.0	100000.0	177534.18093873924	19.548046284425048
Bhathia_01	R125	333.0	333.0	100000.0	183761.96683213356	20.768144805628065
Bhathia_01	R125	333.0	333.0	100000.0	190208.21948459864	21.99124460546548
Bhathia_01	R125	333.0	333.0	100000.0	196880.60257077508	23.21694318935265
Bhathia_01	R125	333.0	333.0	100000.0	203787.04860212465	24.444836134311664
Bhathia_01	R125	333.0	333.0	100000.0	210935.76835755422	25.674509899824468
Bhathia_01	R125	333.0	333.0	100000.0	218335.26064486115	26.905542654765874
Bhathia_01	R125	333.0	333.0	100000.0	225994.32240460056	28.137507423957082
Bhathia_01	R125	333.0	333.0	100000.0	233922.05916839777	29.36997326509647
Bhathia_01	R125	333.0	333.0	100000.0	242127.89588411906	30.60250172436833
Bhathia_01	R125	333.0	333.0	100000.0	250621.58812079762	31.834646073353937
Bhathia_01	R125	333.0	333.0	100000.0	259413.23366660537	33.06596362176598
Bhathia_01	R125	333.0	333.0	100000.0	268513.2845336903	34.29600696152492
Bhathia_01	R125	333.0	333.0	100000.0	277932.5593841194	35.52434574505242
Bhathia_01	R125	333.0	333.0	100000.0	287682.2563917327	36.750466821314454
Bhathia_01	R125	333.0	333.0	100000.0	297773.9665551654	37.97395238352521
Bhathia_01	R125	333.0	333.0	100000.0	308219.6874779006	39.194350650874306
Bhathia_01	R125	333.0	333.0	100000.0	319031.83763169846	40.411197933659814
Bhathia_01	R125	333.0	333.0	100000.0	330223.271120397	41.62403900557184
Bhathia_01	R125	333.0	333.0	100000.0	341807.2929615984	42.83242589033379
Bhathia_01	R125	333.0	333.0	100000.0	353797.67490444286	44.03590127451098
Bhathia_01	R125	333.0	333.0	100000.0	366208.67180225096	45.23403299704646
Bhathia_01	R125	333.0	333.0	100000.0	379055.0385595106	46.426366912753394
Bhathia_01	R125	333.0	333.0	100000.0	392352.047673353	47.612467877309854
Bhathia_01	R125	333.0	333.0	100000.0	406115.50739037304	48.791911698611784
Bhathia_01	R125	333.0	333.0	100000.0	420361.78050037875	49.96427142833343
Bhathia_01	R125	333.0	333.0	100000.0	435107.80378941365	51.12913062410335
Bhathia_01	R125	333.0	333.0	100000.0	450371.1081751789	52.28608268262224
Bhathia_01	R125	333.0	333.0	100000.0	466169.83954879304	53.43472687712787
Bhathia_01	R125	333.0	333.0	100000.0	482522.7803476675	54.574677007204976
Bhathia_01	R125	333.0	333.0	100000.0	499449.37188514473	55.70555381758528
Bhathia_01	R125	333.0	333.0	100000.0	516969.7374634458	56.82698620074567
Bhathia_01	R125	333.0	333.0	100000.0	535104.7062974056	57.938625166236314
Bhathia_01	R125	333.0	333.0	100000.0	553875.8382774384	59.04012239948735
Bhathia_01	R125	333.0	333.0	100000.0	573305.4496011657	60.13114155345521
Bhathia_01	R125	333.0	333.0	100000.0	593416.6393042037	61.211375718232915
Bhathia_01	R125	333.0	333.0	100000.0	614233.3167216032	62.28051039059676
Bhathia_01	R125	333.0	333.0	100000.0	635780.2299126569	63.338260091362294
Bhathia_01	R125	333.0	333.0	100000.0	658082.9950827911	64.38434740788576
Bhathia_01	R125	333.0	333.0	100000.0	681168.127037599	65.41851136284363
Bhathia_01	R125	333.0	333.0	100000.0	705063.0707051408	66.44050398312733
Bhathia_01	R125	333.0	333.0	100000.0	729796.2337640686	67.45009429715105
Bhathia_01	R125	333.0	333.0	100000.0	755397.0204162808	68.44706321834795
Bhathia_01	R125	333.0	333.0	100000.0	781895.866344346	69.43120863413
Bhathia_01	R125	333.0	333.0	100000.0	809324.2748951628	70.40234781763235
Bhathia_01	R125	333.0	333.0	100000.0	837714.8545329691	71.3603077813777
Bhathia_01	R125	333.0	333.0	100000.0	867101.3576061296	72.30498512461354
Bhathia_01	R125	333.0	333.0	100000.0	897518.7204738803	73.23612877178772
Bhathia_01	R125	333.0	333.0	100000.0	929003.1050406658	74.15368097224147
Bhathia_01	R125	333.0	333.0	100000.0	961591.9417474868	75.05752781325758
Bhathia_01	R125	333.0	333.0	100000.0	995323.9740713531	75.94757066325373
Bhathia_01	R125	333.0	333.0	100000.0	1030239.3045857496	76.82373031002395
Bhathia_01	R125	333.0	333.0	100000.0	1066379.442636875	77.68593951337792
Bhathia_01	R125	333.0	333.0	100000.0	1103787.3536923314	78.5341452460019
Bhathia_01	R125	333.0	333.0	100000.0	1142507.5104209343	79.36831139339526
Bhathia_01	R125	333.0	333.0	100000.0	1182585.945564372	80.18841209855191
Bhathia_01	R125	333.0	333.0	100000.0	1224070.3066635653	80.99443029625
Bhathia_01	R125	333.0	333.0	100000.0	1267009.912704797	81.73035621139107
Bhathia_01	R125	333.0	333.0	100000.0	1311455.8127529488	81.73035621139107
Bhathia_01	R125	333.0	333.0	100000.0	1357460.8466415561	81.73035621139107
Bhathia_01	R125	333.0	333.0	100000.0	1405079.70779183	81.73035621139107
Bhathia_01	R125	333.0	333.0	100000.0	1454369.008235332	81.73035621139107
Bhathia_01	R125	333.0	333.0	100000.0	1505387.3459176025	81.73035621139107
Bhathia_01	R125	333.0	333.0	100000.0	1558195.374362756	81.73035621139107
Bhathia_01	R125	333.0	333.0	100000.0	1612855.874781868	81.73035621139107
Bhathia_01	R125	333.0	333.0	100000.0	1669433.830710877	81.73035621139107
Bhathia_01	R125	333.0	333.0	100000.0	1727996.50526674	81.73035621139107
Bhathia_01	R125	333.0	333.0	100000.0	1788613.5211136676	81.73035621139107
Bhathia_01	R125	333.0	333.0	100000.0	1851356.9432345594	81.73035621139107
Bhathia_01	R125	333.0	333.0	100000.0	1916301.3646059704	81.73035621139107
Bhathia_01	R125	333.0	333.0	100000.0	1983523.9948785233	81.73035621139107
Bhathia_01	R125	333.0	333.0	100000.0	2053104.7521681644	81.73035621139107
Bhathia_01	R125	333.0	333.0	100000.0	2125126.3580674017	81.73035621139107
Bhathia_01	R125	333.0	333.0	100000.0	2199674.4359894753	81.73035621139107
Bhathia_01	R125	333.0	333.0	100000.0	2276837.6129623787	81.73035621139107
Bhathia_01	R125	333.0	333.0	100000.0	2356707.6249937494	81.73035621139107
Bhathia_01	R125	333.0	333.0	100000.0	2439379.426131895	81.73035621139107
Bhathia_01	R125	333.0	333.0	100000.0	2524951.301352604	81.73035621139107
Bhathia_01	R125	333.0	333.0	100000.0	2613524.9834059626	81.73035621139107
Bhathia_01	R125	333.0	333.0	100000.0	2705205.773762079	81.73035621139107
Bhathia_01	R125	333.0	333.0	100000.0	2800102.6677995026	81.73035621139107
Bhathia_01	R125	333.0	333.0	100000.0	2898328.4843851826	81.73035621139107
Bhathia_01	R125	333.0	333.0	100000.0	3000000.000000001	81.73035621139107
Bhathia_01	R125	353.0	353.0	100000.0	100.0	50.86401118105358
Bhathia_01	R125	353.0	353.0	100000.0	103.5079362523115	50.86401118105358
Bhathia_01	R125	353.0	353.0	100000.0	107.13892867212581	50.86401118105358
Bhathia_01	R125	353.0	353.0	100000.0	110.89729399135348	50.86401118105358
Bhathia_01	R125	353.0	353.0	100000.0	114.78750037010863	50.86401118105358
Bhathia_01	R125	353.0	353.0	100000.0	118.81417270871387	50.86401118105358
Bhathia_01	R125	353.0	353.0	100000.0	122.98209814604685	50.86401118105358
Bhathia_01	R125	353.0	353.0	100000.0	127.29623175076546	50.86401118105358
Bhathia_01	R125	353.0	353.0	100000.0	131.76170241217702	50.86401118105358
Bhathia_01	R125	353.0	353.0	100000.0	136.3838189377566	50.86401118105358
Bhathia_01	R125	353.0	353.0	100000.0	141.16807636456102	50.86401118105358
Bhathia_01	R125	353.0	353.0	100000.0	146.12016249204424	50.86401118105358
Bhathia_01	R125	353.0	353.0	100000.0	151.24596464403913	50.86401118105358
Bhathia_01	R125	353.0	353.0	100000.0	156.55157666794562	50.86401118105358
Bhathia_01	R125	353.0	353.0	100000.0	162.04330617944572	50.86401118105358
Bhathia_01	R125	353.0	353.0	100000.0	167.72768206135862	50.86401118105358
Bhathia_01	R125	353.0	353.0	100000.0	173.6114622255508	50.86401118105358
Bhathia_01	R125	353.0	353.0	100000.0	179.70164164712898	50.86401118105358
Bhathia_01	R125	353.0	353.0	100000.0	186.00546068046754	50.86401118105358
Bhathia_01	R125	353.0	353.0	100000.0	192.53041366695666	50.86401118105358
Bhathia_01	R125	353.0	353.0	100000.0	199.28425784470534	50.86401118105358
Bhathia_01	R125	353.0	353.0	100000.0	206.27502257078967	50.86401118105358
Bhathia_01	R125	353.0	353.0	100000.0	213.51101886701414	50.86401118105358
Bhathia_01	R125	353.0	353.0	100000.0	221.00084930052978	50.86401118105358
Bhathia_01	R125	353.0	353.0	100000.0	228.7534182110594	50.86401118105358
Bhathia_01	R125	353.0	353.0	100000.0	236.77794229688686	50.86401118105358
Bhathia_01	R125	353.0	353.0	100000.0	245.08396157219659	50.86401118105358
Bhathia_01	R125	353.0	353.0	100000.0	253.68135070878884	50.86401118105358
Bhathia_01	R125	353.0	353.0	100000.0	262.58033077565597	50.86401118105358
Bhathia_01	R125	353.0	353.0	100000.0	271.7914813903746	50.86401118105358
Bhathia_01	R125	353.0	353.0	100000.0	281.32575329676206	50.86401118105358
Bhathia_01	R125	353.0	353.0	100000.0	291.1944813837476	50.86401118105358
Bhathia_01	R125	353.0	353.0	100000.0	301.4093981609385	50.86401118105358
Bhathia_01	R125	353.0	353.0	100000.0	311.9826477069	50.86401118105358
Bhathia_01	R125	353.0	353.0	100000.0	322.92680010673166	50.86401118105358
Bhathia_01	R125	353.0	353.0	100000.0	334.2548663961052	50.86401118105358
Bhathia_01	R125	353.0	353.0	100000.0	345.9803140295299	50.86401118105358
Bhathia_01	R125	353.0	353.0	100000.0	358.11708289123294	50.86401118105358
Bhathia_01	R125	353.0	353.0	100000.0	370.67960186769494	50.86401118105358
Bhathia_01	R125	353.0	353.0	100000.0	383.6828060015357	50.86401118105358
Bhathia_01	R125	353.0	353.0	100000.0	397.1421542471496	50.86401118105358
Bhathia_01	R125	353.0	353.0	100000.0	411.0736478491962	50.86401118105358
Bhathia_01	R125	353.0	353.0	100000.0	425.49384936579753	50.86401118105358
Bhathia_01	R125	353.0	353.0	100000.0	440.41990235905604	50.86401118105358
Bhathia_01	R125	353.0	353.0	100000.0	455.86955177630426	50.86401118105358
Bhathia_01	R125	353.0	353.0	100000.0	471.8611650463152	50.86401118105358
Bhathia_01	R125	353.0	353.0	100000.0	488.41375391555476	50.86401118105358
Bhathia_01	R125	353.0	353.0	100000.0	505.546997050434	50.86401118105358
Bhathia_01	R125	353.0	353.0	100000.0	523.2812634324383	50.86401118105358
Bhathia_01	R125	353.0	353.0	100000.0	541.6376365739385	50.86401118105358
Bhathia_01	R125	353.0	353.0	100000.0	560.6379395834789	50.86401118105358
Bhathia_01	R125	353.0	353.0	100000.0	580.30476111034	50.86401118105358
Bhathia_01	R125	353.0	353.0	100000.0	600.6614821992193	50.86401118105358
Bhathia_01	R125	353.0	353.0	100000.0	621.7323040869574	50.86401118105358
Bhathia_01	R125	353.0	353.0	100000.0	643.5422769743552	50.86401118105358
Bhathia_01	R125	353.0	353.0	100000.0	666.1173298072896	50.86401118105358
Bhathia_01	R125	353.0	353.0	100000.0	689.4843011025289	50.86401118105358
Bhathia_01	R125	353.0	353.0	100000.0	713.670970854901	50.86401118105358
Bhathia_01	R125	353.0	353.0	100000.0	738.7060935637436	50.86401118105358
Bhathia_01	R125	353.0	353.0	100000.0	764.6194324179003	50.86401118105358
Bhathia_01	R125	353.0	353.0	100000.0	791.4417946799063	50.86401118105358
Bhathia_01	R125	353.0	353.0	100000.0	819.2050683114275	50.86401118105358
Bhathia_01	R125	353.0	353.0	100000.0	847.9422598834972	50.86401118105358
Bhathia_01	R125	353.0	353.0	100000.0	877.6875338166207	50.86401118105358
Bhathia_01	R125	353.0	353.0	100000.0	908.4762529973926	50.86401118105358
Bhathia_01	R125	353.0	353.0	100000.0	940.3450208199293	50.86401118105358
Bhathia_01	R125	353.0	353.0	100000.0	973.3317247020778	50.86401118105358
Bhathia_01	R125	353.0	353.0	100000.0	1007.4755811281508	50.86401118105358
Bhathia_01	R125	353.0	353.0	100000.0	1042.817182271731	50.86401118105358
Bhathia_01	R125	353.0	353.0	100000.0	1079.3985442539745	50.86401118105358
Bhathia_01	R125	353.0	353.0	100000.0	1117.2631570947824	50.86401118105358
Bhathia_01	R125	353.0	353.0	100000.0	1156.4560364162314	50.86401118105358
Bhathia_01	R125	353.0	353.0	100000.0	1197.023776959721	50.86401118105358
Bhathia_01	R125	353.0	353.0	100000.0	1239.0146079804795	50.86401118105358
Bhathia_01	R125	353.0	353.0	100000.0	1282.478450585262	50.86401118105358
Bhathia_01	R125	353.0	353.0	100000.0	1327.4669770814253	50.86401118105358
Bhathia_01	R125	353.0	353.0	100000.0	1374.0336724079282	50.86401118105358
Bhathia_01	R125	353.0	353.0	100000.0	1422.2338977212928	50.86401118105358
Bhathia_01	R125	353.0	353.0	100000.0	1472.124956212121	50.86401118105358
Bhathia_01	R125	353.0	353.0	100000.0	1523.766161230411	50.86401118105358
Bhathia_01	R125	353.0	353.0	100000.0	1577.2189068006678	50.86401118105358
Bhathia_01	R125	353.0	353.0	100000.0	1632.5467406106395	50.86401118105358
Bhathia_01	R125	353.0	353.0	100000.0	1689.81543956045	50.86401118105358
Bhathia_01	R125	353.0	353.0	100000.0	1749.093087961948	50.86401118105358
Bhathia_01	R125	353.0	353.0	100000.0	1810.45015848124	50.86401118105358
Bhathia_01	R125	353.0	353.0	100000.0	1873.9595959206342	50.86401118105358
Bhathia_01	R125	353.0	353.0	100000.0	1939.6969039396042	50.86401118105358
Bhathia_01	R125	353.0	353.0	100000.0	2007.7402348178655	50.86401118105358
Bhathia_01	R125	353.0	353.0	100000.0	2078.1704823672853	50.86401118105358
Bhathia_01	R125	353.0	353.0	100000.0	2151.0713781030845	50.86401118105358
Bhathia_01	R125	353.0	353.0	100000.0	2226.529590788659	50.86401118105358
Bhathia_01	R125	353.0	353.0	100000.0	2304.63482947238	50.86401118105358
Bhathia_01	R125	353.0	353.0	100000.0	2385.479950138839	50.86401118105358
Bhathia_01	R125	353.0	353.0	100000.0	2469.161066101381	50.86401118105358
Bhathia_01	R125	353.0	353.0	100000.0	2555.7776622671126	50.86401118105358
Bhathia_01	R125	353.0	353.0	100000.0	2645.43271341026	50.86401118105358
Bhathia_01	R125	353.0	353.0	100000.0	2738.2328065944866	50.86401118105358
Bhathia_01	R125	353.0	353.0	100000.0	2834.2882678897013	50.86401118105358
Bhathia_01	R125	353.0	353.0	100000.0	2933.7132935340187	50.86401118105358
Bhathia_01	R125	353.0	353.0	100000.0	3036.6260856967806	50.86401118105358
Bhathia_01	R125	353.0	353.0	100000.0	3143.1489930040857	50.86401118105358
Bhathia_01	R125	353.0	353.0	100000.0	3253.4086559938396	50.803827542942216
Bhathia_01	R125	353.0	353.0	100000.0	3367.536157673288	50.62332233607008
Bhathia_01	R125	353.0	353.0	100000.0	3485.667179358007	50.438365163827214
Bhathia_01	R125	353.0	353.0	100000.0	3607.9421619776303	50.24887907273902
Bhathia_01	R125	353.0	353.0	100000.0	3734.506473040075	50.054782311854474
Bhathia_01	R125	353.0	353.0	100000.0	3865.5105794527676	49.855985865431215
Bhathia_01	R125	353.0	353.0	100000.0	4001.1102264063275	49.652409901451584
Bhathia_01	R125	353.0	353.0	100000.0	4141.466622533378	49.443961307421894
Bhathia_01	R125	353.0	353.0	100000.0	4286.746631562607	49.230565617996454
Bhathia_01	R125	353.0	353.0	100000.0	4437.122970695934	49.01213580581322
Bhathia_01	R125	353.0	353.0	100000.0	4592.774415944617	48.78858532737319
Bhathia_01	R125	353.0	353.0	100000.0	4753.8860146684265	48.5598286828946
Bhathia_01	R125	353.0	353.0	100000.0	4920.649305570547	48.32578471342946
Bhathia_01	R125	353.0	353.0	100000.0	5093.26254640977	48.08638073996007
Bhathia_01	R125	353.0	353.0	100000.0	5271.9309497006825	47.84150733497769
Bhathia_01	R125	353.0	353.0	100000.0	5456.8669266820625	47.59109780021912
Bhathia_01	R125	353.0	353.0	100000.0	5648.290339843539	47.33507273533934
Bhathia_01	R125	353.0	353.0	100000.0	5846.4287643107255	47.07334688442671
Bhathia_01	R125	353.0	353.0	100000.0	6051.517758399548	46.8058341380119
Bhathia_01	R125	353.0	353.0	100000.0	6263.801143661515	46.53246114309798
Bhathia_01	R125	353.0	353.0	100000.0	6483.531294752719	46.253149301269964
Bhathia_01	R125	353.0	353.0	100000.0	6710.9694394713115	45.96780884049799
Bhathia_01	R125	353.0	353.0	100000.0	6946.385969320071	45.676373107817575
Bhathia_01	R125	353.0	353.0	100000.0	7190.06076096333	45.37876478423986
Bhathia_01	R125	353.0	353.0	100000.0	7442.283508960394	45.07489910719979
Bhathia_01	R125	353.0	353.0	100000.0	7703.354070171016	44.76471253129851
Bhathia_01	R125	353.0	353.0	100000.0	7973.582820242459	44.448128135125685
Bhathia_01	R125	353.0	353.0	100000.0	8253.291022601827	44.125066837213936
Bhathia_01	R125	353.0	353.0	100000.0	8542.811210392447	43.79547294568975
Bhathia_01	R125	353.0	353.0	100000.0	8842.487581808335	43.459262282695356
Bhathia_01	R125	353.0	353.0	100000.0	9152.676409296731	43.116371728272746
Bhathia_01	R125	353.0	353.0	100000.0	9473.746463115214	42.766743990757575
Bhathia_01	R125	353.0	353.0	100000.0	9806.07944974691	42.41029396784238
Bhathia_01	R125	353.0	353.0	100000.0	10150.070465695051	42.04698316330067
Bhathia_01	R125	353.0	353.0	100000.0	10506.128467196331	41.67672452152652
Bhathia_01	R125	353.0	353.0	100000.0	10874.676756411529	41.299477949890615
Bhathia_01	R125	353.0	353.0	100000.0	11256.153484671382	40.91517085949354
Bhathia_01	R125	353.0	353.0	100000.0	11651.012173375993	40.52374941488756
Bhathia_01	R125	353.0	353.0	100000.0	12059.722253167078	40.12516550715147
Bhathia_01	R125	353.0	353.0	100000.0	12482.769622014002	39.719343821459844
Bhathia_01	R125	353.0	353.0	100000.0	12920.657222877158	39.30626372331167
Bhathia_01	R125	353.0	353.0	100000.0	13373.905641635398	38.885827205718584
Bhathia_01	R125	353.0	353.0	100000.0	13843.053725988231	38.45804385017536
Bhathia_01	R125	353.0	353.0	100000.0	14328.65922606916	38.02275429329017
Bhathia_01	R125	353.0	353.0	100000.0	14831.299457530586	37.58019458296933
Bhathia_01	R125	353.0	353.0	100000.0	15351.571987890213	37.12990168790777
Bhathia_01	R125	353.0	353.0	100000.0	15890.095346953078	36.67211135367368
Bhathia_01	R125	353.0	353.0	100000.0	16447.509762155743	36.206683814642645
Bhathia_01	R125	353.0	353.0	100000.0	17024.47791970484	35.73363117981674
Bhathia_01	R125	353.0	353.0	100000.0	17621.68575241697	35.25285063849551
Bhathia_01	R125	353.0	353.0	100000.0	18239.84325519438	34.764349021780006
Bhathia_01	R125	353.0	353.0	100000.0	18879.685329108175	34.26805021543648
Bhathia_01	R125	353.0	353.0	100000.0	19541.972655090256	33.763927187719815
Bhathia_01	R125	353.0	353.0	100000.0	20227.49259827501	33.25194655025878
Bhathia_01	R125	353.0	353.0	100000.0	20937.060144063526	32.732048168196094
Bhathia_01	R125	353.0	353.0	100000.0	21671.518867025392	32.204207777523614
Bhathia_01	R125	353.0	353.0	100000.0	22431.741933788304	31.668380728539013
Bhathia_01	R125	353.0	353.0	100000.0	23218.633141108625	31.124519384591636
Bhathia_01	R125	353.0	353.0	100000.0	24033.127990356785	30.57258944405373
Bhathia_01	R125	353.0	353.0	100000.0	24876.194799694935	30.01254925609886
Bhathia_01	R125	353.0	353.0	100000.0	25748.835855269062	29.44435070212405
Bhathia_01	R125	353.0	353.0	100000.0	26652.088602784228	28.867956317340855
Bhathia_01	R125	353.0	353.0	100000.0	27587.026880879475	28.28332095438196
Bhathia_01	R125	353.0	353.0	100000.0	28554.762197768767	27.690401683179697
Bhathia_01	R125	353.0	353.0	100000.0	29556.445052665636	27.089140949352622
Bhathia_01	R125	353.0	353.0	100000.0	30593.266303562625	26.47950346936114
Bhathia_01	R125	353.0	353.0	100000.0	31666.458582991498	25.861436609700444
Bhathia_01	R125	353.0	353.0	100000.0	32777.29776344747	25.234890851678745
Bhathia_01	R125	353.0	353.0	100000.0	33927.104474219595	24.599808656331433
Bhathia_01	R125	353.0	353.0	100000.0	35117.24567143027	23.95614402321818
Bhathia_01	R125	353.0	353.0	100000.0	36349.13626315173	23.303838942290685
Bhathia_01	R125	353.0	353.0	100000.0	37624.240791528864	22.642834673971315
Bhathia_01	R125	353.0	353.0	100000.0	38944.07517391196	21.973075016590744
Bhathia_01	R125	353.0	353.0	100000.0	40310.20850506498	21.29449431061876
Bhathia_01	R125	353.0	353.0	100000.0	41724.264922596594	20.607035946002977
Bhathia_01	R125	353.0	353.0	100000.0	43187.92553782676	19.910633170514462
Bhathia_01	R125	353.0	353.0	100000.0	44702.93043438957	19.205219308711165
Bhathia_01	R125	353.0	353.0	100000.0	46271.08073694302	18.490726939950687
Bhathia_01	R125	353.0	353.0	100000.0	47894.24075245067	17.767091014550356
Bhathia_01	R125	353.0	353.0	100000.0	49574.34018657513	17.034236054197496
Bhathia_01	R125	353.0	353.0	100000.0	51313.376437824336	16.292092876473518
Bhathia_01	R125	353.0	353.0	100000.0	53113.41697217184	15.540588479019952
Bhathia_01	R125	353.0	353.0	100000.0	54976.60178098003	14.779648966761934
Bhathia_01	R125	353.0	353.0	100000.0	56905.14592514396	14.009200531955424
Bhathia_01	R125	353.0	353.0	100000.0	58901.34216848284	13.229168131101337
Bhathia_01	R125	353.0	353.0	100000.0	60967.5637035091	12.439477129694344
Bhathia_01	R125	353.0	353.0	100000.0	63106.2669728156	11.640051754967493
Bhathia_01	R125	353.0	353.0	100000.0	65319.99458943548	10.830819437376126
Bhathia_01	R125	353.0	353.0	100000.0	67611.3783596462	10.011706719035558
Bhathia_01	R125	353.0	353.0	100000.0	69983.14241181171	9.182641066170113
Bhathia_01	R125	353.0	353.0	100000.0	72438.10643498244	8.343552516843133
Bhathia_01	R125	353.0	353.0	100000.0	74979.18903110319	7.494372393266856
Bhathia_01	R125	353.0	353.0	100000.0	77609.41118481442	6.635035059775356
Bhathia_01	R125	353.0	353.0	100000.0	80331.89985497203	5.76547750109079
Bhathia_01	R125	353.0	353.0	100000.0	83149.89169215517	4.885640792010371
Bhathia_01	R125	353.0	353.0	100000.0	86066.7368865822	3.9954699775804454
Bhathia_01	R125	353.0	353.0	100000.0	89085.903151008	3.094914717250032
Bhathia_01	R125	353.0	353.0	100000.0	92210.9798433415	2.1839288051961314
Bhathia_01	R125	353.0	353.0	100000.0	95445.68223387754	1.2624722760706053
Bhathia_01	R125	353.0	353.0	100000.0	98793.85592222596	0.3305123324761971
Bhathia_01	R125	353.0	353.0	100000.0	102259.48140917791	0.6119771707262862
Bhathia_01	R125	353.0	353.0	100000.0	105846.67882895643	1.5650169223432226
Bhathia_01	R125	353.0	353.0	100000.0	109559.71284746489	2.528617290439182
Bhathia_01	R125	353.0	353.0	100000.0	113402.99773236972	3.5027796122255794
Bhathia_01	R125	353.0	353.0	100000.0	117381.10260103126	4.487498793671931
Bhathia_01	R125	353.0	353.0	100000.0	121498.75685253605	5.482757013947972
Bhathia_01	R125	353.0	353.0	100000.0	125760.85579027371	6.488526280053965
Bhathia_01	R125	353.0	353.0	100000.0	130172.46644175818	7.504769539106952
Bhathia_01	R125	353.0	353.0	100000.0	134738.83358259665	8.531434445891831
Bhathia_01	R125	353.0	353.0	100000.0	139465.3859717822	9.56846058123403
Bhathia_01	R125	353.0	353.0	100000.0	144357.7428057125	10.615770643360493
Bhathia_01	R125	353.0	353.0	100000.0	149421.7203986127	11.67327475121233
Bhathia_01	R125	353.0	353.0	100000.0	154663.33909730316	12.740872400485689
Bhathia_01	R125	353.0	353.0	100000.0	160088.83043853292	13.818443866274691
Bhathia_01	R125	353.0	353.0	100000.0	165704.6445573877	14.905855669249444
Bhathia_01	R125	353.0	353.0	100000.0	171517.45785558026	16.002960461148096
Bhathia_01	R125	353.0	353.0	100000.0	177534.18093873924	17.109593202600802
Bhathia_01	R125	353.0	353.0	100000.0	183761.96683213356	18.225570073978453
Bhathia_01	R125	353.0	353.0	100000.0	190208.21948459864	19.350697256397144
Bhathia_01	R125	353.0	353.0	100000.0	196880.60257077508	20.484756632771195
Bhathia_01	R125	353.0	353.0	100000.0	203787.04860212465	21.62751598490804
Bhathia_01	R125	353.0	353.0	100000.0	210935.76835755422	22.778725464904795
Bhathia_01	R125	353.0	353.0	100000.0	218335.26064486115	23.93811446273749
Bhathia_01	R125	353.0	353.0	100000.0	225994.32240460056	25.10539772391312
Bhathia_01	R125	353.0	353.0	100000.0	233922.05916839777	26.28027147223933
Bhathia_01	R125	353.0	353.0	100000.0	242127.89588411906	27.462403204918303
Bhathia_01	R125	353.0	353.0	100000.0	250621.58812079762	28.651460383967105
Bhathia_01	R125	353.0	353.0	100000.0	259413.23366660537	29.847079070045826
Bhathia_01	R125	353.0	353.0	100000.0	268513.2845336903	31.04887697134051
Bhathia_01	R125	353.0	353.0	100000.0	277932.5593841194	32.25646262604286
Bhathia_01	R125	353.0	353.0	100000.0	287682.2563917327	33.4694227154757
Bhathia_01	R125	353.0	353.0	100000.0	297773.9665551654	34.68730429153883
Bhathia_01	R125	353.0	353.0	100000.0	308219.6874779006	35.9097231582669
Bhathia_01	R125	353.0	353.0	100000.0	319031.83763169846	37.13612118143906
Bhathia_01	R125	353.0	353.0	100000.0	330223.271120397	38.36607017242892
Bhathia_01	R125	353.0	353.0	100000.0	341807.2929615984	39.599071208256056
Bhathia_01	R125	353.0	353.0	100000.0	353797.67490444286	40.834603605607796
Bhathia_01	R125	353.0	353.0	100000.0	366208.67180225096	42.07214373704028
Bhathia_01	R125	353.0	353.0	100000.0	379055.0385595106	43.31115574433001
Bhathia_01	R125	353.0	353.0	100000.0	392352.047673353	44.551091119056444
Bhathia_01	R125	353.0	353.0	100000.0	406115.50739037304	45.79138481696108
Bhathia_01	R125	353.0	353.0	100000.0	420361.78050037875	47.03146755437473
Bhathia_01	R125	353.0	353.0	100000.0	435107.80378941365	48.27076192215217
Bhathia_01	R125	353.0	353.0	100000.0	450371.1081751789	49.50868066417011
Bhathia_01	R125	353.0	353.0	100000.0	466169.83954879304	50.744629492288105
Bhathia_01	R125	353.0	353.0	100000.0	482522.7803476675	51.97801812505979
Bhathia_01	R125	353.0	353.0	100000.0	499449.37188514473	53.20823039327048
Bhathia_01	R125	353.0	353.0	100000.0	516969.7374634458	54.43468168715082
Bhathia_01	R125	353.0	353.0	100000.0	535104.7062974056	55.656760128154176
Bhathia_01	R125	353.0	353.0	100000.0	553875.8382774384	56.873866428829885
Bhathia_01	R125	353.0	353.0	100000.0	573305.4496011657	58.085402929222994
Bhathia_01	R125	353.0	353.0	100000.0	593416.6393042037	59.29076972328935
Bhathia_01	R125	353.0	353.0	100000.0	614233.3167216032	60.48938357784862
Bhathia_01	R125	353.0	353.0	100000.0	635780.2299126569	61.680662846817725
Bhathia_01	R125	353.0	353.0	100000.0	658082.9950827911	62.86402733159664
Bhathia_01	R125	353.0	353.0	100000.0	681168.127037599	64.03892012344686
Bhathia_01	R125	353.0	353.0	100000.0	705063.0707051408	65.20478725496497
Bhathia_01	R125	353.0	353.0	100000.0	729796.2337640686	66.36108881302013
Bhathia_01	R125	353.0	353.0	100000.0	755397.0204162808	67.50730420450498
Bhathia_01	R125	353.0	353.0	100000.0	781895.866344346	68.64291177079183
Bhathia_01	R125	353.0	353.0	100000.0	809324.2748951628	69.76743706893262
Bhathia_01	R125	353.0	353.0	100000.0	837714.8545329691	70.88049831192403
Bhathia_01	R125	353.0	353.0	100000.0	867101.3576061296	71.981357687167
Bhathia_01	R125	353.0	353.0	100000.0	897518.7204738803	73.06982614259834
Bhathia_01	R125	353.0	353.0	100000.0	929003.1050406658	74.14542821613372
Bhathia_01	R125	353.0	353.0	100000.0	961591.9417474868	75.20775400835032
Bhathia_01	R125	353.0	353.0	100000.0	995323.9740713531	76.25644365523301
Bhathia_01	R125	353.0	353.0	100000.0	1030239.3045857496	77.29113650488323
Bhathia_01	R125	353.0	353.0	100000.0	1066379.442636875	78.31150652522545
Bhathia_01	R125	353.0	353.0	100000.0	1103787.3536923314	79.31725457038657
Bhathia_01	R125	353.0	353.0	100000.0	1142507.5104209343	80.30809768032263
Bhathia_01	R125	353.0	353.0	100000.0	1182585.945564372	81.28377304615347
Bhathia_01	R125	353.0	353.0	100000.0	1224070.3066635653	82.24405554184378
Bhathia_01	R125	353.0	353.0	100000.0	1267009.912704797	83.18872898726741
Bhathia_01	R125	353.0	353.0	100000.0	1311455.8127529488	84.1176177502568
Bhathia_01	R125	353.0	353.0	100000.0	1357460.8466415561	85.03055227782333
Bhathia_01	R125	353.0	353.0	100000.0	1405079.70779183	85.92739523281477
Bhathia_01	R125	353.0	353.0	100000.0	1454369.008235332	86.8080327443047
Bhathia_01	R125	353.0	353.0	100000.0	1505387.3459176025	87.67237092253382
Bhathia_01	R125	353.0	353.0	100000.0	1558195.374362756	88.52033971272245
Bhathia_01	R125	353.0	353.0	100000.0	1612855.874781868	89.3518918987849
Bhathia_01	R125	353.0	353.0	100000.0	1669433.830710877	90.1669855306124
Bhathia_01	R125	353.0	353.0	100000.0	1727996.50526674	90.96563339899798
Bhathia_01	R125	353.0	353.0	100000.0	1788613.5211136676	91.74783618289428
Bhathia_01	R125	353.0	353.0	100000.0	1851356.9432345594	92.51362470639928
Bhathia_01	R125	353.0	353.0	100000.0	1916301.3646059704	93.26305150746356
Bhathia_01	R125	353.0	353.0	100000.0	1983523.9948785233	93.99617878694296
Bhathia_01	R125	353.0	353.0	100000.0	2053104.7521681644	94.71309190670848
Bhathia_01	R125	353.0	353.0	100000.0	2125126.3580674017	95.41388925478218
Bhathia_01	R125	353.0	353.0	100000.0	2199674.4359894753	96.09868660672818
Bhathia_01	R125	353.0	353.0	100000.0	2276837.6129623787	96.76760330477839
Bhathia_01	R125	353.0	353.0	100000.0	2356707.6249937494	97.4207918671365
Bhathia_01	R125	353.0	353.0	100000.0	2439379.426131895	98.05840068748809
Bhathia_01	R125	353.0	353.0	100000.0	2524951.301352604	98.68059667915374
Bhathia_01	R125	353.0	353.0	100000.0	2613524.9834059626	99.28755199222691
Bhathia_01	R125	353.0	353.0	100000.0	2705205.773762079	99.56008313222421
Bhathia_01	R125	353.0	353.0	100000.0	2800102.6677995026	99.56008313222421
Bhathia_01	R125	353.0	353.0	100000.0	2898328.4843851826	99.56008313222421
Bhathia_01	R125	353.0	353.0	100000.0	3000000.000000001	99.56008313222421
