framework	molecule	T_ads_K	T_des_K	P_ads_Pa	P_des_Pa	SD
Bhathia_01	R125	283.0	283.0	50000.0	167.72768206135862	109.07183131038784
Bhathia_01	R125	283.0	283.0	50000.0	173.6114622255508	108.92965189066413
Bhathia_01	R125	283.0	283.0	50000.0	179.70164164712898	108.78277467332806
Bhathia_01	R125	283.0	283.0	50000.0	186.00546068046754	108.63055492438211
Bhathia_01	R125	283.0	283.0	50000.0	192.53041366695666	108.47312895812586
Bhathia_01	R125	283.0	283.0	50000.0	199.28425784470534	108.31027090660841
Bhathia_01	R125	283.0	283.0	50000.0	206.27502257078967	108.14181790837854
Bhathia_01	R125	283.0	283.0	50000.0	213.51101886701414	107.96753551816128
Bhathia_01	R125	283.0	283.0	50000.0	221.00084930052978	107.78721452363428
Bhathia_01	R125	283.0	283.0	50000.0	228.7534182110594	107.6018280372601
Bhathia_01	R125	283.0	283.0	50000.0	236.77794229688686	107.410296432769
Bhathia_01	R125	283.0	283.0	50000.0	245.08396157219659	107.21229767053634
Bhathia_01	R125	283.0	283.0	50000.0	253.68135070878884	107.00733725718221
Bhathia_01	R125	283.0	283.0	50000.0	262.58033077565597	106.7953935749826
Bhathia_01	R125	283.0	283.0	50000.0	271.7914813903746	106.57635552380496
Bhathia_01	R125	283.0	283.0	50000.0	281.32575329676206	106.34972129518309
Bhathia_01	R125	283.0	283.0	50000.0	291.1944813837476	106.11633234056792
Bhathia_01	R125	283.0	283.0	50000.0	301.4093981609385	105.8747922034458
Bhathia_01	R125	283.0	283.0	50000.0	311.9826477069	105.62461824828189
Bhathia_01	R125	283.0	283.0	50000.0	322.92680010673166	105.36595350121631
Bhathia_01	R125	283.0	283.0	50000.0	334.2548663961052	105.12873732868145
Bhathia_01	R125	283.0	283.0	50000.0	345.9803140295299	104.90370255535812
Bhathia_01	R125	283.0	283.0	50000.0	358.11708289123294	104.67122695072881
Bhathia_01	R125	283.0	283.0	50000.0	370.67960186769494	104.43086813020722
Bhathia_01	R125	283.0	283.0	50000.0	383.6828060015357	104.1820457315824
Bhathia_01	R125	283.0	283.0	50000.0	397.1421542471496	103.92458913074746
Bhathia_01	R125	283.0	283.0	50000.0	411.0736478491962	103.65947370671044
Bhathia_01	R125	283.0	283.0	50000.0	425.49384936579753	103.38589337960079
Bhathia_01	R125	283.0	283.0	50000.0	440.41990235905604	103.10236941856526
Bhathia_01	R125	283.0	283.0	50000.0	455.86955177630426	102.80895193027492
Bhathia_01	R125	283.0	283.0	50000.0	471.8611650463152	102.50558750908014
Bhathia_01	R125	283.0	283.0	50000.0	488.41375391555476	102.19213947703916
Bhathia_01	R125	283.0	283.0	50000.0	505.546997050434	101.86835921079256
Bhathia_01	R125	283.0	283.0	50000.0	523.2812634324383	101.53341386245613
Bhathia_01	R125	283.0	283.0	50000.0	541.6376365739385	101.23049480459215
Bhathia_01	R125	283.0	283.0	50000.0	560.6379395834789	100.93359514788798
Bhathia_01	R125	283.0	283.0	50000.0	580.30476111034	100.62646834416157
Bhathia_01	R125	283.0	283.0	50000.0	600.6614821992193	100.30854624371831
Bhathia_01	R125	283.0	283.0	50000.0	621.7323040869574	99.97981007274339
Bhathia_01	R125	283.0	283.0	50000.0	643.5422769743552	99.64039509667447
Bhathia_01	R125	283.0	283.0	50000.0	666.1173298072896	99.28937667403348
Bhathia_01	R125	283.0	283.0	50000.0	689.4843011025289	98.92653538988719
Bhathia_01	R125	283.0	283.0	50000.0	713.670970854901	98.55122391587821
Bhathia_01	R125	283.0	283.0	50000.0	738.7060935637436	98.16270074773645
Bhathia_01	R125	283.0	283.0	50000.0	764.6194324179003	97.76104173792876
Bhathia_01	R125	283.0	283.0	50000.0	791.4417946799063	97.4043007905938
Bhathia_01	R125	283.0	283.0	50000.0	819.2050683114275	97.05005379944438
Bhathia_01	R125	283.0	283.0	50000.0	847.9422598834972	96.68368318915262
Bhathia_01	R125	283.0	283.0	50000.0	877.6875338166207	96.30473972809038
Bhathia_01	R125	283.0	283.0	50000.0	908.4762529973926	95.91250250322214
Bhathia_01	R125	283.0	283.0	50000.0	940.3450208199293	95.50691925271208
Bhathia_01	R125	283.0	283.0	50000.0	973.3317247020778	95.08778874358327
Bhathia_01	R125	283.0	283.0	50000.0	1007.4755811281508	94.65470125527469
Bhathia_01	R125	283.0	283.0	50000.0	1042.817182271731	94.20656623219833
Bhathia_01	R125	283.0	283.0	50000.0	1079.3985442539745	93.7863513831254
Bhathia_01	R125	283.0	283.0	50000.0	1117.2631570947824	93.40417857643574
Bhathia_01	R125	283.0	283.0	50000.0	1156.4560364162314	93.00955846921624
Bhathia_01	R125	283.0	283.0	50000.0	1197.023776959721	92.60176821274403
Bhathia_01	R125	283.0	283.0	50000.0	1239.0146079804795	92.180098838959
Bhathia_01	R125	283.0	283.0	50000.0	1282.478450585262	91.74379356760295
Bhathia_01	R125	283.0	283.0	50000.0	1327.4669770814253	91.29287866244184
Bhathia_01	R125	283.0	283.0	50000.0	1374.0336724079282	90.82726267999998
Bhathia_01	R125	283.0	283.0	50000.0	1422.2338977212928	90.3464397242938
Bhathia_01	R125	283.0	283.0	50000.0	1472.124956212121	89.92284888627177
Bhathia_01	R125	283.0	283.0	50000.0	1523.766161230411	89.49831640999241
Bhathia_01	R125	283.0	283.0	50000.0	1577.2189068006678	89.05946126245752
Bhathia_01	R125	283.0	283.0	50000.0	1632.5467406106395	88.60635763125428
Bhathia_01	R125	283.0	283.0	50000.0	1689.81543956045	88.13849749263566
Bhathia_01	R125	283.0	283.0	50000.0	1749.093087961948	87.65492261554587
Bhathia_01	R125	283.0	283.0	50000.0	1810.45015848124	87.15491399862492
Bhathia_01	R125	283.0	283.0	50000.0	1873.9595959206342	86.63857190338236
Bhathia_01	R125	283.0	283.0	50000.0	1939.6969039396042	86.17726645499587
Bhathia_01	R125	283.0	283.0	50000.0	2007.7402348178655	85.70103151249944
Bhathia_01	R125	283.0	283.0	50000.0	2078.1704823672853	85.20878731892051
Bhathia_01	R125	283.0	283.0	50000.0	2151.0713781030845	84.70015064710437
Bhathia_01	R125	283.0	283.0	50000.0	2226.529590788659	84.17479258972389
Bhathia_01	R125	283.0	283.0	50000.0	2304.63482947238	83.63199172799068
Bhathia_01	R125	283.0	283.0	50000.0	2385.479950138839	83.07148957274704
Bhathia_01	R125	283.0	283.0	50000.0	2469.161066101381	82.55231985519363
Bhathia_01	R125	283.0	283.0	50000.0	2555.7776622671126	82.01783733472959
Bhathia_01	R125	283.0	283.0	50000.0	2645.43271341026	81.46509143670197
Bhathia_01	R125	283.0	283.0	50000.0	2738.2328065944866	80.89505887466936
Bhathia_01	R125	283.0	283.0	50000.0	2834.2882678897013	80.3061015198192
Bhathia_01	R125	283.0	283.0	50000.0	2933.7132935340187	79.69701480511046
Bhathia_01	R125	283.0	283.0	50000.0	3036.6260856967806	79.11837396596938
Bhathia_01	R125	283.0	283.0	50000.0	3143.1489930040857	78.54389795263849
Bhathia_01	R125	283.0	283.0	50000.0	3253.4086559938396	77.95039621028958
Bhathia_01	R125	283.0	283.0	50000.0	3367.536157673288	77.33668511134891
Bhathia_01	R125	283.0	283.0	50000.0	3485.667179358007	76.702591310331
Bhathia_01	R125	283.0	283.0	50000.0	3607.9421619776303	76.04769693380787
Bhathia_01	R125	283.0	283.0	50000.0	3734.506473040075	75.45207634814233
Bhathia_01	R125	283.0	283.0	50000.0	3865.5105794527676	74.84321465853048
Bhathia_01	R125	283.0	283.0	50000.0	4001.1102264063275	74.21422600929085
Bhathia_01	R125	283.0	283.0	50000.0	4141.466622533378	73.5643548612618
Bhathia_01	R125	283.0	283.0	50000.0	4286.746631562607	72.89311305198848
Bhathia_01	R125	283.0	283.0	50000.0	4437.122970695934	72.23520119925591
Bhathia_01	R125	283.0	283.0	50000.0	4592.774415944617	71.59673932070562
Bhathia_01	R125	283.0	283.0	50000.0	4753.8860146684265	70.9371581934446
Bhathia_01	R125	283.0	283.0	50000.0	4920.649305570547	70.2557803999379
Bhathia_01	R125	283.0	283.0	50000.0	5093.26254640977	69.55205449618101
Bhathia_01	R125	283.0	283.0	50000.0	5271.9309497006825	68.84974355200413
Bhathia_01	R125	283.0	283.0	50000.0	5456.8669266820625	68.16840436844198
Bhathia_01	R125	283.0	283.0	50000.0	5648.290339843539	67.4645787558535
Bhathia_01	R125	283.0	283.0	50000.0	5846.4287643107255	66.73754035720597
Bhathia_01	R125	283.0	283.0	50000.0	6051.517758399548	65.986622630815
Bhathia_01	R125	283.0	283.0	50000.0	6263.801143661515	65.24900413513329
Bhathia_01	R125	283.0	283.0	50000.0	6483.531294752719	64.51155276087312
Bhathia_01	R125	283.0	283.0	50000.0	6710.9694394713115	63.74974742083676
Bhathia_01	R125	283.0	283.0	50000.0	6946.385969320071	62.96278090348052
Bhathia_01	R125	283.0	283.0	50000.0	7190.06076096333	62.16146689547114
Bhathia_01	R125	283.0	283.0	50000.0	7442.283508960394	61.37953829851618
Bhathia_01	R125	283.0	283.0	50000.0	7703.354070171016	60.57161041494897
Bhathia_01	R125	283.0	283.0	50000.0	7973.582820242459	59.736910520219226
Bhathia_01	R125	283.0	283.0	50000.0	8253.291022601827	58.88059034931007
Bhathia_01	R125	283.0	283.0	50000.0	8542.811210392447	58.04290379966685
Bhathia_01	R125	283.0	283.0	50000.0	8842.487581808335	57.177258706532044
Bhathia_01	R125	283.0	283.0	50000.0	9152.676409296731	56.28274677404159
Bhathia_01	R125	283.0	283.0	50000.0	9473.746463115214	55.37414076486442
Bhathia_01	R125	283.0	283.0	50000.0	9806.07944974691	54.4694485464822
Bhathia_01	R125	283.0	283.0	50000.0	10150.070465695051	53.53413327513619
Bhathia_01	R125	283.0	283.0	50000.0	10506.128467196331	52.567770814195676
Bhathia_01	R125	283.0	283.0	50000.0	10874.676756411529	51.61324297460828
Bhathia_01	R125	283.0	283.0	50000.0	11256.153484671382	50.638934643106296
Bhathia_01	R125	283.0	283.0	50000.0	11651.012173375993	49.631600149319105
Bhathia_01	R125	283.0	283.0	50000.0	12059.722253167078	48.61984676121428
Bhathia_01	R125	283.0	283.0	50000.0	12482.769622014002	47.61027651263425
Bhathia_01	R125	283.0	283.0	50000.0	12920.657222877158	46.56619774387179
Bhathia_01	R125	283.0	283.0	50000.0	13373.905641635398	45.506599249063406
Bhathia_01	R125	283.0	283.0	50000.0	13843.053725988231	44.46433230103258
Bhathia_01	R125	283.0	283.0	50000.0	14328.65922606916	43.386226787125715
Bhathia_01	R125	283.0	283.0	50000.0	14831.299457530586	42.28838267928333
Bhathia_01	R125	283.0	283.0	50000.0	15351.571987890213	41.21525837598833
Bhathia_01	R125	283.0	283.0	50000.0	15890.095346953078	40.105022113574215
Bhathia_01	R125	283.0	283.0	50000.0	16447.509762155743	38.97807741133622
Bhathia_01	R125	283.0	283.0	50000.0	17024.47791970484	37.87520798073798
Bhathia_01	R125	283.0	283.0	50000.0	17621.68575241697	36.73408347999572
Bhathia_01	R125	283.0	283.0	50000.0	18239.84325519438	35.585859135324256
Bhathia_01	R125	283.0	283.0	50000.0	18879.685329108175	34.45354695779252
Bhathia_01	R125	283.0	283.0	50000.0	19541.972655090256	33.281814500549444
Bhathia_01	R125	283.0	283.0	50000.0	20227.49259827501	32.11888943457777
Bhathia_01	R125	283.0	283.0	50000.0	20937.060144063526	30.95675966471847
Bhathia_01	R125	283.0	283.0	50000.0	21671.518867025392	29.753985177707698
Bhathia_01	R125	283.0	283.0	50000.0	22431.741933788304	28.58157376269009
Bhathia_01	R125	283.0	283.0	50000.0	23218.633141108625	27.388528711388318
Bhathia_01	R125	283.0	283.0	50000.0	24033.127990356785	26.159539949980253
Bhathia_01	R125	283.0	283.0	50000.0	24876.194799694935	24.975682620153677
Bhathia_01	R125	283.0	283.0	50000.0	25748.835855269062	23.750176730546613
Bhathia_01	R125	283.0	283.0	50000.0	26652.088602784228	22.51804168181706
Bhathia_01	R125	283.0	283.0	50000.0	27587.026880879475	21.300887798118442
Bhathia_01	R125	283.0	283.0	50000.0	28554.762197768767	20.040718207236317
Bhathia_01	R125	283.0	283.0	50000.0	29556.445052665636	18.81097405472611
Bhathia_01	R125	283.0	283.0	50000.0	30593.266303562625	17.562345368773613
Bhathia_01	R125	283.0	283.0	50000.0	31666.458582991498	16.287425019489767
Bhathia_01	R125	283.0	283.0	50000.0	32777.29776344747	15.0722910466849
Bhathia_01	R125	283.0	283.0	50000.0	33927.104474219595	13.813748588337914
Bhathia_01	R125	283.0	283.0	50000.0	35117.24567143027	12.57626483654094
Bhathia_01	R125	283.0	283.0	50000.0	36349.13626315173	11.354968753189535
Bhathia_01	R125	283.0	283.0	50000.0	37624.240791528864	10.089903403731535
Bhathia_01	R125	283.0	283.0	50000.0	38944.07517391196	8.889216544800881
Bhathia_01	R125	283.0	283.0	50000.0	40310.20850506498	7.660883510013873
Bhathia_01	R125	283.0	283.0	50000.0	41724.264922596594	6.413618449821495
Bhathia_01	R125	283.0	283.0	50000.0	43187.92553782676	5.219436648493957
Bhathia_01	R125	283.0	283.0	50000.0	44702.93043438957	3.982180555762436
Bhathia_01	R125	283.0	283.0	50000.0	46271.08073694302	2.762548167665472
Bhathia_01	R125	283.0	283.0	50000.0	47894.24075245067	1.5574084110894024
Bhathia_01	R125	283.0	283.0	50000.0	49574.34018657513	0.3086691227769031
Bhathia_01	R125	283.0	283.0	50000.0	51313.376437824336	0.8886228863210838
Bhathia_01	R125	283.0	283.0	50000.0	53113.41697217184	2.107833509937879
Bhathia_01	R125	283.0	283.0	50000.0	54976.60178098003	3.358336293382659
Bhathia_01	R125	283.0	283.0	50000.0	56905.14592514396	4.55176787049431
Bhathia_01	R125	283.0	283.0	50000.0	58901.34216848284	5.788852282710791
Bhathia_01	R125	283.0	283.0	50000.0	60967.5637035091	7.025230812840084
Bhathia_01	R125	283.0	283.0	50000.0	63106.2669728156	8.239649823513243
Bhathia_01	R125	283.0	283.0	50000.0	65319.99458943548	9.49874660090445
Bhathia_01	R125	283.0	283.0	50000.0	67611.3783596462	10.725415398019145
Bhathia_01	R125	283.0	283.0	50000.0	69983.14241181171	11.965017286959307
Bhathia_01	R125	283.0	283.0	50000.0	72438.10643498244	13.24744698556723
Bhathia_01	R125	283.0	283.0	50000.0	74979.18903110319	14.471200856273253
Bhathia_01	R125	283.0	283.0	50000.0	77609.41118481442	15.74030960489328
Bhathia_01	R125	283.0	283.0	50000.0	80331.89985497203	17.018287244269256
Bhathia_01	R125	283.0	283.0	50000.0	83149.89169215517	18.27562901695753
Bhathia_01	R125	283.0	283.0	50000.0	86066.7368865822	19.580942938422158
Bhathia_01	R125	283.0	283.0	50000.0	89085.903151008	20.862190448598113
Bhathia_01	R125	283.0	283.0	50000.0	92210.9798433415	22.168491513726543
Bhathia_01	R125	283.0	283.0	50000.0	95445.68223387754	23.520542623052943
Bhathia_01	R125	283.0	283.0	50000.0	98793.85592222596	24.827662245848853
Bhathia_01	R125	283.0	283.0	50000.0	102259.48140917791	26.195333058565986
Bhathia_01	R125	283.0	283.0	50000.0	105846.67882895643	27.524128724756583
Bhathia_01	R125	283.0	283.0	50000.0	109559.71284746489	28.805177524472168
Bhathia_01	R125	283.0	283.0	50000.0	113402.99773236972	30.14359800000393
Bhathia_01	R125	283.0	283.0	50000.0	117381.10260103126	31.374381896312286
Bhathia_01	R125	283.0	283.0	50000.0	121498.75685253605	32.58961920694175
Bhathia_01	R125	283.0	283.0	50000.0	125760.85579027371	33.85619717245968
Bhathia_01	R125	283.0	283.0	50000.0	130172.46644175818	35.01679089680096
Bhathia_01	R125	283.0	283.0	50000.0	134738.83358259665	36.15533005504773
Bhathia_01	R125	283.0	283.0	50000.0	139465.3859717822	37.33917883884011
Bhathia_01	R125	283.0	283.0	50000.0	144357.7428057125	38.47680460195652
Bhathia_01	R125	283.0	283.0	50000.0	149421.7203986127	39.542517126659526
Bhathia_01	R125	283.0	283.0	50000.0	154663.33909730316	40.65170359876893
Bhathia_01	R125	283.0	283.0	50000.0	160088.83043853292	41.806766459870126
Bhathia_01	R125	283.0	283.0	50000.0	165704.6445573877	42.819640490213814
Bhathia_01	R125	283.0	283.0	50000.0	171517.45785558026	43.8677171023505
Bhathia_01	R125	283.0	283.0	50000.0	177534.18093873924	44.958125138514006
Bhathia_01	R125	283.0	283.0	50000.0	183761.96683213356	46.043309804526245
Bhathia_01	R125	283.0	283.0	50000.0	190208.21948459864	47.04250114023719
Bhathia_01	R125	283.0	283.0	50000.0	196880.60257077508	48.08521052580347
Bhathia_01	R125	283.0	283.0	50000.0	203787.04860212465	49.172512979528015
Bhathia_01	R125	283.0	283.0	50000.0	210935.76835755422	50.22957528102401
Bhathia_01	R125	283.0	283.0	50000.0	218335.26064486115	51.23654545784345
Bhathia_01	R125	283.0	283.0	50000.0	225994.32240460056	52.28555913097816
Bhathia_01	R125	283.0	283.0	50000.0	233922.05916839777	53.37948456620546
Bhathia_01	R125	283.0	283.0	50000.0	242127.89588411906	54.43417757720902
Bhathia_01	R125	283.0	283.0	50000.0	250621.58812079762	55.4506646222106
Bhathia_01	R125	283.0	283.0	50000.0	259413.23366660537	56.50663085025318
Bhathia_01	R125	283.0	283.0	50000.0	268513.2845336903	57.602498349470544
Bhathia_01	R125	303.0	303.0	50000.0	122.98209814604685	80.1298605476505
Bhathia_01	R125	303.0	303.0	50000.0	127.29623175076546	80.1298605476505
Bhathia_01	R125	303.0	303.0	50000.0	131.76170241217702	80.1298605476505
Bhathia_01	R125	303.0	303.0	50000.0	136.3838189377566	80.1298605476505
Bhathia_01	R125	303.0	303.0	50000.0	141.16807636456102	80.1298605476505
Bhathia_01	R125	303.0	303.0	50000.0	146.12016249204424	80.1298605476505
Bhathia_01	R125	303.0	303.0	50000.0	151.24596464403913	80.1298605476505
Bhathia_01	R125	303.0	303.0	50000.0	156.55157666794562	80.1298605476505
Bhathia_01	R125	303.0	303.0	50000.0	162.04330617944572	80.1298605476505
Bhathia_01	R125	303.0	303.0	50000.0	167.72768206135862	80.1298605476505
Bhathia_01	R125	303.0	303.0	50000.0	173.6114622255508	80.1298605476505
Bhathia_01	R125	303.0	303.0	50000.0	179.70164164712898	80.1298605476505
Bhathia_01	R125	303.0	303.0	50000.0	186.00546068046754	80.1298605476505
Bhathia_01	R125	303.0	303.0	50000.0	192.53041366695666	80.1298605476505
Bhathia_01	R125	303.0	303.0	50000.0	199.28425784470534	80.1298605476505
Bhathia_01	R125	303.0	303.0	50000.0	206.27502257078967	80.1298605476505
Bhathia_01	R125	303.0	303.0	50000.0	213.51101886701414	80.1298605476505
Bhathia_01	R125	303.0	303.0	50000.0	221.00084930052978	80.1298605476505
Bhathia_01	R125	303.0	303.0	50000.0	228.7534182110594	80.1298605476505
Bhathia_01	R125	303.0	303.0	50000.0	236.77794229688686	80.1298605476505
Bhathia_01	R125	303.0	303.0	50000.0	245.08396157219659	80.1298605476505
Bhathia_01	R125	303.0	303.0	50000.0	253.68135070878884	80.1298605476505
Bhathia_01	R125	303.0	303.0	50000.0	262.58033077565597	80.1298605476505
Bhathia_01	R125	303.0	303.0	50000.0	271.7914813903746	80.1298605476505
Bhathia_01	R125	303.0	303.0	50000.0	281.32575329676206	80.1298605476505
Bhathia_01	R125	303.0	303.0	50000.0	291.1944813837476	80.1298605476505
Bhathia_01	R125	303.0	303.0	50000.0	301.4093981609385	80.1298605476505
Bhathia_01	R125	303.0	303.0	50000.0	311.9826477069	80.1298605476505
Bhathia_01	R125	303.0	303.0	50000.0	322.92680010673166	80.1298605476505
Bhathia_01	R125	303.0	303.0	50000.0	334.2548663961052	80.1298605476505
Bhathia_01	R125	303.0	303.0	50000.0	345.9803140295299	80.1298605476505
Bhathia_01	R125	303.0	303.0	50000.0	358.11708289123294	80.1298605476505
Bhathia_01	R125	303.0	303.0	50000.0	370.67960186769494	80.1298605476505
Bhathia_01	R125	303.0	303.0	50000.0	383.6828060015357	80.1298605476505
Bhathia_01	R125	303.0	303.0	50000.0	397.1421542471496	80.1298605476505
Bhathia_01	R125	303.0	303.0	50000.0	411.0736478491962	80.1298605476505
Bhathia_01	R125	303.0	303.0	50000.0	425.49384936579753	80.1298605476505
Bhathia_01	R125	303.0	303.0	50000.0	440.41990235905604	80.04947607653557
Bhathia_01	R125	303.0	303.0	50000.0	455.86955177630426	79.90552755036653
Bhathia_01	R125	303.0	303.0	50000.0	471.8611650463152	79.75723166145255
Bhathia_01	R125	303.0	303.0	50000.0	488.41375391555476	79.60398453976697
Bhathia_01	R125	303.0	303.0	50000.0	505.546997050434	79.44581745360615
Bhathia_01	R125	303.0	303.0	50000.0	523.2812634324383	79.28227965431256
Bhathia_01	R125	303.0	303.0	50000.0	541.6376365739385	79.113159395188
Bhathia_01	R125	303.0	303.0	50000.0	560.6379395834789	78.93800952958011
Bhathia_01	R125	303.0	303.0	50000.0	580.30476111034	78.75675418132062
Bhathia_01	R125	303.0	303.0	50000.0	600.6614821992193	78.56913523306059
Bhathia_01	R125	303.0	303.0	50000.0	621.7323040869574	78.37507663843006
Bhathia_01	R125	303.0	303.0	50000.0	643.5422769743552	78.17439166459643
Bhathia_01	R125	303.0	303.0	50000.0	666.1173298072896	77.96698246276776
Bhathia_01	R125	303.0	303.0	50000.0	689.4843011025289	77.75344635443123
Bhathia_01	R125	303.0	303.0	50000.0	713.670970854901	77.53309254287349
Bhathia_01	R125	303.0	303.0	50000.0	738.7060935637436	77.30548377879785
Bhathia_01	R125	303.0	303.0	50000.0	764.6194324179003	77.070283827299
Bhathia_01	R125	303.0	303.0	50000.0	791.4417946799063	76.82678688681854
Bhathia_01	R125	303.0	303.0	50000.0	819.2050683114275	76.57471334937529
Bhathia_01	R125	303.0	303.0	50000.0	847.9422598834972	76.31385405878599
Bhathia_01	R125	303.0	303.0	50000.0	877.6875338166207	76.0767993524076
Bhathia_01	R125	303.0	303.0	50000.0	908.4762529973926	75.85055929601704
Bhathia_01	R125	303.0	303.0	50000.0	940.3450208199293	75.61730357799236
Bhathia_01	R125	303.0	303.0	50000.0	973.3317247020778	75.37629474637461
Bhathia_01	R125	303.0	303.0	50000.0	1007.4755811281508	75.12729102060241
Bhathia_01	R125	303.0	303.0	50000.0	1042.817182271731	74.86968989079784
Bhathia_01	R125	303.0	303.0	50000.0	1079.3985442539745	74.60300555578495
Bhathia_01	R125	303.0	303.0	50000.0	1117.2631570947824	74.327080988424
Bhathia_01	R125	303.0	303.0	50000.0	1156.4560364162314	74.04166818249219
Bhathia_01	R125	303.0	303.0	50000.0	1197.023776959721	73.74750153742093
Bhathia_01	R125	303.0	303.0	50000.0	1239.0146079804795	73.44348734755899
Bhathia_01	R125	303.0	303.0	50000.0	1282.478450585262	73.12938188365857
Bhathia_01	R125	303.0	303.0	50000.0	1327.4669770814253	72.80431939083196
Bhathia_01	R125	303.0	303.0	50000.0	1374.0336724079282	72.4680991210993
Bhathia_01	R125	303.0	303.0	50000.0	1422.2338977212928	72.16599154757057
Bhathia_01	R125	303.0	303.0	50000.0	1472.124956212121	71.86534725941563
Bhathia_01	R125	303.0	303.0	50000.0	1523.766161230411	71.55493341941711
Bhathia_01	R125	303.0	303.0	50000.0	1577.2189068006678	71.23384648411128
Bhathia_01	R125	303.0	303.0	50000.0	1632.5467406106395	70.90152968160973
Bhathia_01	R125	303.0	303.0	50000.0	1689.81543956045	70.55791376125222
Bhathia_01	R125	303.0	303.0	50000.0	1749.093087961948	70.20248694674592
Bhathia_01	R125	303.0	303.0	50000.0	1810.45015848124	69.83548169732171
Bhathia_01	R125	303.0	303.0	50000.0	1873.9595959206342	69.4558890293553
Bhathia_01	R125	303.0	303.0	50000.0	1939.6969039396042	69.06301627873019
Bhathia_01	R125	303.0	303.0	50000.0	2007.7402348178655	68.65699359997282
Bhathia_01	R125	303.0	303.0	50000.0	2078.1704823672853	68.29995738367863
Bhathia_01	R125	303.0	303.0	50000.0	2151.0713781030845	67.93404316837514
Bhathia_01	R125	303.0	303.0	50000.0	2226.529590788659	67.55521236806842
Bhathia_01	R125	303.0	303.0	50000.0	2304.63482947238	67.16363037506795
Bhathia_01	R125	303.0	303.0	50000.0	2385.479950138839	66.7587410207171
Bhathia_01	R125	303.0	303.0	50000.0	2469.161066101381	66.3399815718347
Bhathia_01	R125	303.0	303.0	50000.0	2555.7776622671126	65.90680541786725
Bhathia_01	R125	303.0	303.0	50000.0	2645.43271341026	65.45898784583457
Bhathia_01	R125	303.0	303.0	50000.0	2738.2328065944866	64.99618447656778
Bhathia_01	R125	303.0	303.0	50000.0	2834.2882678897013	64.5797856711818
Bhathia_01	R125	303.0	303.0	50000.0	2933.7132935340187	64.16280683598356
Bhathia_01	R125	303.0	303.0	50000.0	3036.6260856967806	63.731567215570436
Bhathia_01	R125	303.0	303.0	50000.0	3143.1489930040857	63.286125731660505
Bhathia_01	R125	303.0	303.0	50000.0	3253.4086559938396	62.82570756142578
Bhathia_01	R125	303.0	303.0	50000.0	3367.536157673288	62.34978334979649
Bhathia_01	R125	303.0	303.0	50000.0	3485.667179358007	61.85807516990618
Bhathia_01	R125	303.0	303.0	50000.0	3607.9421619776303	61.35008895631899
Bhathia_01	R125	303.0	303.0	50000.0	3734.506473040075	60.888075887391466
Bhathia_01	R125	303.0	303.0	50000.0	3865.5105794527676	60.43028425687452
Bhathia_01	R125	303.0	303.0	50000.0	4001.1102264063275	59.95746320384286
Bhathia_01	R125	303.0	303.0	50000.0	4141.466622533378	59.46872024682898
Bhathia_01	R125	303.0	303.0	50000.0	4286.746631562607	58.96388749992598
Bhathia_01	R125	303.0	303.0	50000.0	4437.122970695934	58.442626787537264
Bhathia_01	R125	303.0	303.0	50000.0	4592.774415944617	57.903865213765634
Bhathia_01	R125	303.0	303.0	50000.0	4753.8860146684265	57.379165390530844
Bhathia_01	R125	303.0	303.0	50000.0	4920.649305570547	56.87840949196533
Bhathia_01	R125	303.0	303.0	50000.0	5093.26254640977	56.36087977243071
Bhathia_01	R125	303.0	303.0	50000.0	5271.9309497006825	55.82635120645778
Bhathia_01	R125	303.0	303.0	50000.0	5456.8669266820625	55.27413044321094
Bhathia_01	R125	303.0	303.0	50000.0	5648.290339843539	54.7041337121508
Bhathia_01	R125	303.0	303.0	50000.0	5846.4287643107255	54.114944708784535
Bhathia_01	R125	303.0	303.0	50000.0	6051.517758399548	53.559737845365504
Bhathia_01	R125	303.0	303.0	50000.0	6263.801143661515	52.998214261972684
Bhathia_01	R125	303.0	303.0	50000.0	6483.531294752719	52.41793992646149
Bhathia_01	R125	303.0	303.0	50000.0	6710.9694394713115	51.818264120627816
Bhathia_01	R125	303.0	303.0	50000.0	6946.385969320071	51.19877665060765
Bhathia_01	R125	303.0	303.0	50000.0	7190.06076096333	50.55868427217302
Bhathia_01	R125	303.0	303.0	50000.0	7442.283508960394	49.94835934255812
Bhathia_01	R125	303.0	303.0	50000.0	7703.354070171016	49.326479371544025
Bhathia_01	R125	303.0	303.0	50000.0	7973.582820242459	48.68392446589752
Bhathia_01	R125	303.0	303.0	50000.0	8253.291022601827	48.02004039446184
Bhathia_01	R125	303.0	303.0	50000.0	8542.811210392447	47.33412400477477
Bhathia_01	R125	303.0	303.0	50000.0	8842.487581808335	46.65109585897108
Bhathia_01	R125	303.0	303.0	50000.0	9152.676409296731	45.97557044077911
Bhathia_01	R125	303.0	303.0	50000.0	9473.746463115214	45.27776678341758
Bhathia_01	R125	303.0	303.0	50000.0	9806.07944974691	44.55703313715292
Bhathia_01	R125	303.0	303.0	50000.0	10150.070465695051	43.812672877840285
Bhathia_01	R125	303.0	303.0	50000.0	10506.128467196331	43.08552332442549
Bhathia_01	R125	303.0	303.0	50000.0	10874.676756411529	42.366506134110125
Bhathia_01	R125	303.0	303.0	50000.0	11256.153484671382	41.62392695353333
Bhathia_01	R125	303.0	303.0	50000.0	11651.012173375993	40.85701074689684
Bhathia_01	R125	303.0	303.0	50000.0	12059.722253167078	40.065065430419885
Bhathia_01	R125	303.0	303.0	50000.0	12482.769622014002	39.32639826557497
Bhathia_01	R125	303.0	303.0	50000.0	12920.657222877158	38.56510361815506
Bhathia_01	R125	303.0	303.0	50000.0	13373.905641635398	37.77886951663095
Bhathia_01	R125	303.0	303.0	50000.0	13843.053725988231	36.96693955223398
Bhathia_01	R125	303.0	303.0	50000.0	14328.65922606916	36.17542199270729
Bhathia_01	R125	303.0	303.0	50000.0	14831.299457530586	35.38779628247729
Bhathia_01	R125	303.0	303.0	50000.0	15351.571987890213	34.57424375224287
Bhathia_01	R125	303.0	303.0	50000.0	15890.095346953078	33.733952532609216
Bhathia_01	R125	303.0	303.0	50000.0	16447.509762155743	32.90045492129696
Bhathia_01	R125	303.0	303.0	50000.0	17024.47791970484	32.07898075128411
Bhathia_01	R125	303.0	303.0	50000.0	17621.68575241697	31.230236091647363
Bhathia_01	R125	303.0	303.0	50000.0	18239.84325519438	30.353446834825977
Bhathia_01	R125	303.0	303.0	50000.0	18879.685329108175	29.485547053949507
Bhathia_01	R125	303.0	303.0	50000.0	19541.972655090256	28.622507787034753
Bhathia_01	R125	303.0	303.0	50000.0	20227.49259827501	27.730655945824743
Bhathia_01	R125	303.0	303.0	50000.0	20937.060144063526	26.80909562732458
Bhathia_01	R125	303.0	303.0	50000.0	21671.518867025392	25.911914888774508
Bhathia_01	R125	303.0	303.0	50000.0	22431.741933788304	24.999274661774745
Bhathia_01	R125	303.0	303.0	50000.0	23218.633141108625	24.055893690113727
Bhathia_01	R125	303.0	303.0	50000.0	24033.127990356785	23.096607047039583
Bhathia_01	R125	303.0	303.0	50000.0	24876.194799694935	22.157583019871716
Bhathia_01	R125	303.0	303.0	50000.0	25748.835855269062	21.18666138943722
Bhathia_01	R125	303.0	303.0	50000.0	26652.088602784228	20.182785121847232
Bhathia_01	R125	303.0	303.0	50000.0	27587.026880879475	19.201643433388597
Bhathia_01	R125	303.0	303.0	50000.0	28554.762197768767	18.19758081483772
Bhathia_01	R125	303.0	303.0	50000.0	29556.445052665636	17.159201956746696
Bhathia_01	R125	303.0	303.0	50000.0	30593.266303562625	16.12581668224643
Bhathia_01	R125	303.0	303.0	50000.0	31666.458582991498	15.083059474125532
Bhathia_01	R125	303.0	303.0	50000.0	32777.29776344747	14.004450177214146
Bhathia_01	R125	303.0	303.0	50000.0	33927.104474219595	12.925830933939846
Bhathia_01	R125	303.0	303.0	50000.0	35117.24567143027	11.844336688916526
Bhathia_01	R125	303.0	303.0	50000.0	36349.13626315173	10.72549997579214
Bhathia_01	R125	303.0	303.0	50000.0	37624.240791528864	9.611000723953396
Bhathia_01	R125	303.0	303.0	50000.0	38944.07517391196	8.493084522245947
Bhathia_01	R125	303.0	303.0	50000.0	40310.20850506498	7.336413443778949
Bhathia_01	R125	303.0	303.0	50000.0	41724.264922596594	6.195986687749931
Bhathia_01	R125	303.0	303.0	50000.0	43187.92553782676	5.043136647618267
Bhathia_01	R125	303.0	303.0	50000.0	44702.93043438957	3.8501563860622086
Bhathia_01	R125	303.0	303.0	50000.0	46271.08073694302	2.6924302700305565
Bhathia_01	R125	303.0	303.0	50000.0	47894.24075245067	1.5053131516907383
Bhathia_01	R125	303.0	303.0	50000.0	49574.34018657513	0.2888450455077857
Bhathia_01	R125	303.0	303.0	50000.0	51313.376437824336	0.8912302376430796
Bhathia_01	R125	303.0	303.0	50000.0	53113.41697217184	2.1126927650828047
Bhathia_01	R125	303.0	303.0	50000.0	54976.60178098003	3.3357544160868318
Bhathia_01	R125	303.0	303.0	50000.0	56905.14592514396	4.549605223151721
Bhathia_01	R125	303.0	303.0	50000.0	58901.34216848284	5.80616448934343
Bhathia_01	R125	303.0	303.0	50000.0	60967.5637035091	7.031142480243462
Bhathia_01	R125	303.0	303.0	50000.0	63106.2669728156	8.280168157904466
Bhathia_01	R125	303.0	303.0	50000.0	65319.99458943548	9.55484964239179
Bhathia_01	R125	303.0	303.0	50000.0	67611.3783596462	10.797161824778977
Bhathia_01	R125	303.0	303.0	50000.0	69983.14241181171	12.083729375562854
Bhathia_01	R125	303.0	303.0	50000.0	72438.10643498244	13.355938600479112
Bhathia_01	R125	303.0	303.0	50000.0	74979.18903110319	14.63703663605603
Bhathia_01	R125	303.0	303.0	50000.0	77609.41118481442	15.955136080233133
Bhathia_01	R125	303.0	303.0	50000.0	80331.89985497203	17.232141794465058
Bhathia_01	R125	303.0	303.0	50000.0	83149.89169215517	18.55496039941289
Bhathia_01	R125	303.0	303.0	50000.0	86066.7368865822	19.868224104521193
Bhathia_01	R125	303.0	303.0	50000.0	89085.903151008	21.188653364723987
Bhathia_01	R125	303.0	303.0	50000.0	92210.9798433415	22.544871815043436
Bhathia_01	R125	303.0	303.0	50000.0	95445.68223387754	23.864776537238615
Bhathia_01	R125	303.0	303.0	50000.0	98793.85592222596	25.232433611994395
Bhathia_01	R125	303.0	303.0	50000.0	102259.48140917791	26.573138182838665
Bhathia_01	R125	303.0	303.0	50000.0	105846.67882895643	27.927133499443066
Bhathia_01	R125	303.0	303.0	50000.0	109559.71284746489	29.29413613715973
Bhathia_01	R125	303.0	303.0	50000.0	113402.99773236972	30.605395732315497
Bhathia_01	R125	303.0	303.0	50000.0	117381.10260103126	31.96452858354408
Bhathia_01	R125	303.0	303.0	50000.0	121498.75685253605	33.252056001548105
Bhathia_01	R125	303.0	303.0	50000.0	125760.85579027371	34.552586480952016
Bhathia_01	R125	303.0	303.0	50000.0	130172.46644175818	35.863750472752265
Bhathia_01	R125	303.0	303.0	50000.0	134738.83358259665	37.09921568287627
Bhathia_01	R125	303.0	303.0	50000.0	139465.3859717822	38.38017583124059
Bhathia_01	R125	303.0	303.0	50000.0	144357.7428057125	39.61315000157414
Bhathia_01	R125	303.0	303.0	50000.0	149421.7203986127	40.82594599747403
Bhathia_01	R125	303.0	303.0	50000.0	154663.33909730316	42.083545349299996
Bhathia_01	R125	303.0	303.0	50000.0	160088.83043853292	43.251713636422664
Bhathia_01	R125	303.0	303.0	50000.0	165704.6445573877	44.441621258724645
Bhathia_01	R125	303.0	303.0	50000.0	171517.45785558026	45.6686396669025
Bhathia_01	R125	303.0	303.0	50000.0	177534.18093873924	46.796495135497516
Bhathia_01	R125	303.0	303.0	50000.0	183761.96683213356	47.967038244414425
Bhathia_01	R125	303.0	303.0	50000.0	190208.21948459864	49.16117035627617
Bhathia_01	R125	303.0	303.0	50000.0	196880.60257077508	50.278167990303196
Bhathia_01	R125	303.0	303.0	50000.0	203787.04860212465	51.442732910584816
Bhathia_01	R125	303.0	303.0	50000.0	210935.76835755422	52.63216745313025
Bhathia_01	R125	303.0	303.0	50000.0	218335.26064486115	53.75555357390224
Bhathia_01	R125	303.0	303.0	50000.0	225994.32240460056	54.929087382973776
Bhathia_01	R125	303.0	303.0	50000.0	233922.05916839777	56.13379994776882
Bhathia_01	R125	303.0	303.0	50000.0	242127.89588411906	57.27388765739826
Bhathia_01	R125	303.0	303.0	50000.0	250621.58812079762	58.46391733832262
Bhathia_01	R125	303.0	303.0	50000.0	259413.23366660537	59.69225051622184
Bhathia_01	R125	303.0	303.0	50000.0	268513.2845336903	60.84879209870137
Bhathia_01	R125	303.0	303.0	50000.0	277932.5593841194	62.054831786779204
Bhathia_01	R125	303.0	303.0	50000.0	287682.2563917327	63.30706940575015
Bhathia_01	R125	303.0	303.0	50000.0	297773.9665551654	64.40751641964448
Bhathia_01	R125	303.0	303.0	50000.0	308219.6874779006	65.55275189306084
Bhathia_01	R125	303.0	303.0	50000.0	319031.83763169846	66.74271945050583
Bhathia_01	R125	303.0	303.0	50000.0	330223.271120397	67.69373323532339
Bhathia_01	R125	303.0	303.0	50000.0	341807.2929615984	68.5803796305449
Bhathia_01	R125	303.0	303.0	50000.0	353797.67490444286	69.50431587994849
Bhathia_01	R125	303.0	303.0	50000.0	366208.67180225096	70.46341304166025
Bhathia_01	R125	303.0	303.0	50000.0	379055.0385595106	71.30396391302564
Bhathia_01	R125	303.0	303.0	50000.0	392352.047673353	72.05315642039609
Bhathia_01	R125	303.0	303.0	50000.0	406115.50739037304	72.83246604777172
Bhathia_01	R125	303.0	303.0	50000.0	420361.78050037875	73.64210128062145
Bhathia_01	R125	303.0	303.0	50000.0	435107.80378941365	74.48499657954851
Bhathia_01	R125	303.0	303.0	50000.0	450371.1081751789	75.22789629016171
Bhathia_01	R125	303.0	303.0	50000.0	466169.83954879304	75.91784366267856
Bhathia_01	R125	303.0	303.0	50000.0	482522.7803476675	76.63758464499405
Bhathia_01	R125	303.0	303.0	50000.0	499449.37188514473	77.38765158730504
Bhathia_01	R125	303.0	303.0	50000.0	516969.7374634458	78.16446282585807
Bhathia_01	R125	303.0	303.0	50000.0	535104.7062974056	78.94444347973815
Bhathia_01	R125	303.0	303.0	50000.0	553875.8382774384	79.60913783628422
Bhathia_01	R125	303.0	303.0	50000.0	573305.4496011657	80.29706391541238
Bhathia_01	R125	303.0	303.0	50000.0	593416.6393042037	81.01370471985254
Bhathia_01	R125	303.0	303.0	50000.0	614233.3167216032	81.75996799116518
Bhathia_01	R125	303.0	303.0	50000.0	635780.2299126569	82.5360646661436
Bhathia_01	R125	303.0	303.0	50000.0	658082.9950827911	83.26987664078005
Bhathia_01	R125	303.0	303.0	50000.0	681168.127037599	83.9447136668143
Bhathia_01	R125	303.0	303.0	50000.0	705063.0707051408	84.6450170200858
Bhathia_01	R125	303.0	303.0	50000.0	729796.2337640686	85.37405120477408
Bhathia_01	R125	303.0	303.0	50000.0	755397.0204162808	86.12920420953394
Bhathia_01	R125	303.0	303.0	50000.0	781895.866344346	86.91286203961137
Bhathia_01	R125	333.0	333.0	50000.0	440.41990235905604	48.54703751404904
Bhathia_01	R125	333.0	333.0	50000.0	455.86955177630426	48.54703751404904
Bhathia_01	R125	333.0	333.0	50000.0	471.8611650463152	48.54703751404904
Bhathia_01	R125	333.0	333.0	50000.0	488.41375391555476	48.54703751404904
Bhathia_01	R125	333.0	333.0	50000.0	505.546997050434	48.54703751404904
Bhathia_01	R125	333.0	333.0	50000.0	523.2812634324383	48.54703751404904
Bhathia_01	R125	333.0	333.0	50000.0	541.6376365739385	48.54703751404904
Bhathia_01	R125	333.0	333.0	50000.0	560.6379395834789	48.54703751404904
Bhathia_01	R125	333.0	333.0	50000.0	580.30476111034	48.54703751404904
Bhathia_01	R125	333.0	333.0	50000.0	600.6614821992193	48.54703751404904
Bhathia_01	R125	333.0	333.0	50000.0	621.7323040869574	48.54703751404904
Bhathia_01	R125	333.0	333.0	50000.0	643.5422769743552	48.54703751404904
Bhathia_01	R125	333.0	333.0	50000.0	666.1173298072896	48.54703751404904
Bhathia_01	R125	333.0	333.0	50000.0	689.4843011025289	48.54703751404904
Bhathia_01	R125	333.0	333.0	50000.0	713.670970854901	48.54703751404904
Bhathia_01	R125	333.0	333.0	50000.0	738.7060935637436	48.54703751404904
Bhathia_01	R125	333.0	333.0	50000.0	764.6194324179003	48.54703751404904
Bhathia_01	R125	333.0	333.0	50000.0	791.4417946799063	48.54703751404904
Bhathia_01	R125	333.0	333.0	50000.0	819.2050683114275	48.54703751404904
Bhathia_01	R125	333.0	333.0	50000.0	847.9422598834972	48.54703751404904
Bhathia_01	R125	333.0	333.0	50000.0	877.6875338166207	48.54703751404904
Bhathia_01	R125	333.0	333.0	50000.0	908.4762529973926	48.54703751404904
Bhathia_01	R125	333.0	333.0	50000.0	940.3450208199293	48.54703751404904
Bhathia_01	R125	333.0	333.0	50000.0	973.3317247020778	48.54703751404904
Bhathia_01	R125	333.0	333.0	50000.0	1007.4755811281508	48.54703751404904
Bhathia_01	R125	333.0	333.0	50000.0	1042.817182271731	48.54703751404904
Bhathia_01	R125	333.0	333.0	50000.0	1079.3985442539745	48.54703751404904
Bhathia_01	R125	333.0	333.0	50000.0	1117.2631570947824	48.54703751404904
Bhathia_01	R125	333.0	333.0	50000.0	1156.4560364162314	48.54703751404904
Bhathia_01	R125	333.0	333.0	50000.0	1197.023776959721	48.54703751404904
Bhathia_01	R125	333.0	333.0	50000.0	1239.0146079804795	48.54703751404904
Bhathia_01	R125	333.0	333.0	50000.0	1282.478450585262	48.54703751404904
Bhathia_01	R125	333.0	333.0	50000.0	1327.4669770814253	48.54703751404904
Bhathia_01	R125	333.0	333.0	50000.0	1374.0336724079282	48.54703751404904
Bhathia_01	R125	333.0	333.0	50000.0	1422.2338977212928	48.54703751404904
Bhathia_01	R125	333.0	333.0	50000.0	1472.124956212121	48.54703751404904
Bhathia_01	R125	333.0	333.0	50000.0	1523.766161230411	48.54703751404904
Bhathia_01	R125	333.0	333.0	50000.0	1577.2189068006678	48.47807607328443
Bhathia_01	R125	333.0	333.0	50000.0	1632.5467406106395	48.32581135649614
Bhathia_01	R125	333.0	333.0	50000.0	1689.81543956045	48.168354541861795
Bhathia_01	R125	333.0	333.0	50000.0	1749.093087961948	48.00566414467232
Bhathia_01	R125	333.0	333.0	50000.0	1810.45015848124	47.83736361235766
Bhathia_01	R125	333.0	333.0	50000.0	1873.9595959206342	47.663591010057665
Bhathia_01	R125	333.0	333.0	50000.0	1939.6969039396042	47.48389463545816
Bhathia_01	R125	333.0	333.0	50000.0	2007.7402348178655	47.29803434900214
Bhathia_01	R125	333.0	333.0	50000.0	2078.1704823672853	47.10586647694456
Bhathia_01	R125	333.0	333.0	50000.0	2151.0713781030845	46.90727525441191
Bhathia_01	R125	333.0	333.0	50000.0	2226.529590788659	46.702088743939996
Bhathia_01	R125	333.0	333.0	50000.0	2304.63482947238	46.49037063927584
Bhathia_01	R125	333.0	333.0	50000.0	2385.479950138839	46.271324172230784
Bhathia_01	R125	333.0	333.0	50000.0	2469.161066101381	46.04462400516829
Bhathia_01	R125	333.0	333.0	50000.0	2555.7776622671126	45.81032908090948
Bhathia_01	R125	333.0	333.0	50000.0	2645.43271341026	45.5686493322409
Bhathia_01	R125	333.0	333.0	50000.0	2738.2328065944866	45.31923281834333
Bhathia_01	R125	333.0	333.0	50000.0	2834.2882678897013	45.06130115866309
Bhathia_01	R125	333.0	333.0	50000.0	2933.7132935340187	44.79438488627927
Bhathia_01	R125	333.0	333.0	50000.0	3036.6260856967806	44.53604077404063
Bhathia_01	R125	333.0	333.0	50000.0	3143.1489930040857	44.2936285816963
Bhathia_01	R125	333.0	333.0	50000.0	3253.4086559938396	44.042903902260925
Bhathia_01	R125	333.0	333.0	50000.0	3367.536157673288	43.783589138943974
Bhathia_01	R125	333.0	333.0	50000.0	3485.667179358007	43.51574587372874
Bhathia_01	R125	333.0	333.0	50000.0	3607.9421619776303	43.23896408380812
Bhathia_01	R125	333.0	333.0	50000.0	3734.506473040075	42.9527146258245
Bhathia_01	R125	333.0	333.0	50000.0	3865.5105794527676	42.65672111794223
Bhathia_01	R125	333.0	333.0	50000.0	4001.1102264063275	42.351215977274826
Bhathia_01	R125	333.0	333.0	50000.0	4141.466622533378	42.03512643918329
Bhathia_01	R125	333.0	333.0	50000.0	4286.746631562607	41.70841176610049
Bhathia_01	R125	333.0	333.0	50000.0	4437.122970695934	41.371355135903734
Bhathia_01	R125	333.0	333.0	50000.0	4592.774415944617	41.022642610617964
Bhathia_01	R125	333.0	333.0	50000.0	4753.8860146684265	40.681101138659606
Bhathia_01	R125	333.0	333.0	50000.0	4920.649305570547	40.354575336457266
Bhathia_01	R125	333.0	333.0	50000.0	5093.26254640977	40.016914101707506
Bhathia_01	R125	333.0	333.0	50000.0	5271.9309497006825	39.667633048640106
Bhathia_01	R125	333.0	333.0	50000.0	5456.8669266820625	39.3066823282515
Bhathia_01	R125	333.0	333.0	50000.0	5648.290339843539	38.93327725215999
Bhathia_01	R125	333.0	333.0	50000.0	5846.4287643107255	38.54730595280975
Bhathia_01	R125	333.0	333.0	50000.0	6051.517758399548	38.14826096810661
Bhathia_01	R125	333.0	333.0	50000.0	6263.801143661515	37.7356669690279
Bhathia_01	R125	333.0	333.0	50000.0	6483.531294752719	37.30921397346034
Bhathia_01	R125	333.0	333.0	50000.0	6710.9694394713115	36.892947149204694
Bhathia_01	R125	333.0	333.0	50000.0	6946.385969320071	36.497228899937525
Bhathia_01	R125	333.0	333.0	50000.0	7190.06076096333	36.087846879635286
Bhathia_01	R125	333.0	333.0	50000.0	7442.283508960394	35.66474393823303
Bhathia_01	R125	333.0	333.0	50000.0	7703.354070171016	35.226970475443984
Bhathia_01	R125	333.0	333.0	50000.0	7973.582820242459	34.77448505967022
Bhathia_01	R125	333.0	333.0	50000.0	8253.291022601827	34.30649544625629
Bhathia_01	R125	333.0	333.0	50000.0	8542.811210392447	33.82259754849133
Bhathia_01	R125	333.0	333.0	50000.0	8842.487581808335	33.32374252409631
Bhathia_01	R125	333.0	333.0	50000.0	9152.676409296731	32.87865759794115
Bhathia_01	R125	333.0	333.0	50000.0	9473.746463115214	32.41880517410804
Bhathia_01	R125	333.0	333.0	50000.0	9806.07944974691	31.94346284914887
Bhathia_01	R125	333.0	333.0	50000.0	10150.070465695051	31.452309342430837
Bhathia_01	R125	333.0	333.0	50000.0	10506.128467196331	30.94478731967019
Bhathia_01	R125	333.0	333.0	50000.0	10874.676756411529	30.42038875204894
Bhathia_01	R125	333.0	333.0	50000.0	11256.153484671382	29.878572420740124
Bhathia_01	R125	333.0	333.0	50000.0	11651.012173375993	29.36688121476852
Bhathia_01	R125	333.0	333.0	50000.0	12059.722253167078	28.87338340149183
Bhathia_01	R125	333.0	333.0	50000.0	12482.769622014002	28.363524113722846
Bhathia_01	R125	333.0	333.0	50000.0	12920.657222877158	27.83692214842999
Bhathia_01	R125	333.0	333.0	50000.0	13373.905641635398	27.292996169642034
Bhathia_01	R125	333.0	333.0	50000.0	13843.053725988231	26.73117848578518
Bhathia_01	R125	333.0	333.0	50000.0	14328.65922606916	26.150993373078197
Bhathia_01	R125	333.0	333.0	50000.0	14831.299457530586	25.60883955925249
Bhathia_01	R125	333.0	333.0	50000.0	15351.571987890213	25.066802649954138
Bhathia_01	R125	333.0	333.0	50000.0	15890.095346953078	24.50692145079077
Bhathia_01	R125	333.0	333.0	50000.0	16447.509762155743	23.928616114015853
Bhathia_01	R125	333.0	333.0	50000.0	17024.47791970484	23.33134318152188
Bhathia_01	R125	333.0	333.0	50000.0	17621.68575241697	22.71453542255543
Bhathia_01	R125	333.0	333.0	50000.0	18239.84325519438	22.113870645926845
Bhathia_01	R125	333.0	333.0	50000.0	18879.685329108175	21.524591705931183
Bhathia_01	R125	333.0	333.0	50000.0	19541.972655090256	20.91572543407931
Bhathia_01	R125	333.0	333.0	50000.0	20227.49259827501	20.286664771580863
Bhathia_01	R125	333.0	333.0	50000.0	20937.060144063526	19.636771362881067
Bhathia_01	R125	333.0	333.0	50000.0	21671.518867025392	18.965420534835793
Bhathia_01	R125	333.0	333.0	50000.0	22431.741933788304	18.326306657726267
Bhathia_01	R125	333.0	333.0	50000.0	23218.633141108625	17.673657131017144
Bhathia_01	R125	333.0	333.0	50000.0	24033.127990356785	16.999343351624226
Bhathia_01	R125	333.0	333.0	50000.0	24876.194799694935	16.302711088342676
Bhathia_01	R125	333.0	333.0	50000.0	25748.835855269062	15.583054542950798
Bhathia_01	R125	333.0	333.0	50000.0	26652.088602784228	14.880828912996531
Bhathia_01	R125	333.0	333.0	50000.0	27587.026880879475	14.172046035376713
Bhathia_01	R125	333.0	333.0	50000.0	28554.762197768767	13.439984836152572
Bhathia_01	R125	333.0	333.0	50000.0	29556.445052665636	12.68393856958597
Bhathia_01	R125	333.0	333.0	50000.0	30593.266303562625	11.90318562935925
Bhathia_01	R125	333.0	333.0	50000.0	31666.458582991498	11.158254967198348
Bhathia_01	R125	333.0	333.0	50000.0	32777.29776344747	10.388993548998723
Bhathia_01	R125	333.0	333.0	50000.0	33927.104474219595	9.59463669826029
Bhathia_01	R125	333.0	333.0	50000.0	35117.24567143027	8.774432684751487
Bhathia_01	R125	333.0	333.0	50000.0	36349.13626315173	7.969832674841062
Bhathia_01	R125	333.0	333.0	50000.0	37624.240791528864	7.163865431827681
Bhathia_01	R125	333.0	333.0	50000.0	38944.07517391196	6.3315856992519866
Bhathia_01	R125	333.0	333.0	50000.0	40310.20850506498	5.472210870112755
Bhathia_01	R125	333.0	333.0	50000.0	41724.264922596594	4.621806613753358
Bhathia_01	R125	333.0	333.0	50000.0	43187.92553782676	3.77585082335316
Bhathia_01	R125	333.0	333.0	50000.0	44702.93043438957	2.9021640235031536
Bhathia_01	R125	333.0	333.0	50000.0	46271.08073694302	1.9999119655774076
Bhathia_01	R125	333.0	333.0	50000.0	47894.24075245067	1.1153174292937507
Bhathia_01	R125	333.0	333.0	50000.0	49574.34018657513	0.22522720976213587
Bhathia_01	R125	333.0	333.0	50000.0	51313.376437824336	0.6942250325587945
Bhathia_01	R125	333.0	333.0	50000.0	53113.41697217184	1.6439363879428395
Bhathia_01	R125	333.0	333.0	50000.0	54976.60178098003	2.553169822608171
Bhathia_01	R125	333.0	333.0	50000.0	56905.14592514396	3.492368871080827
Bhathia_01	R125	333.0	333.0	50000.0	58901.34216848284	4.462782743870298
Bhathia_01	R125	333.0	333.0	50000.0	60967.5637035091	5.4296992108851425
Bhathia_01	R125	333.0	333.0	50000.0	63106.2669728156	6.391535086603361
Bhathia_01	R125	333.0	333.0	50000.0	65319.99458943548	7.3856888105802785
Bhathia_01	R125	333.0	333.0	50000.0	67611.3783596462	8.403152972145682
Bhathia_01	R125	333.0	333.0	50000.0	69983.14241181171	9.390841692709042
Bhathia_01	R125	333.0	333.0	50000.0	72438.10643498244	10.4120329394872
Bhathia_01	R125	333.0	333.0	50000.0	74979.18903110319	11.4678167641576
Bhathia_01	R125	333.0	333.0	50000.0	77609.41118481442	12.490920387339052
Bhathia_01	R125	333.0	333.0	50000.0	80331.89985497203	13.542593941039753
Bhathia_01	R125	333.0	333.0	50000.0	83149.89169215517	14.630181687367665
Bhathia_01	R125	333.0	333.0	50000.0	86066.7368865822	15.693526326303692
Bhathia_01	R125	333.0	333.0	50000.0	89085.903151008	16.77926742934434
Bhathia_01	R125	333.0	333.0	50000.0	92210.9798433415	17.902312361822442
Bhathia_01	R125	333.0	333.0	50000.0	95445.68223387754	19.001224290091727
Bhathia_01	R125	333.0	333.0	50000.0	98793.85592222596	20.124381676781553
Bhathia_01	R125	333.0	333.0	50000.0	102259.48140917791	21.28634405090956
Bhathia_01	R125	333.0	333.0	50000.0	105846.67882895643	22.40862464982964
Bhathia_01	R125	333.0	333.0	50000.0	109559.71284746489	23.56380957005017
Bhathia_01	R125	333.0	333.0	50000.0	113402.99773236972	24.74873829150456
Bhathia_01	R125	333.0	333.0	50000.0	117381.10260103126	25.889327993406976
Bhathia_01	R125	333.0	333.0	50000.0	121498.75685253605	27.069623395344912
Bhathia_01	R125	333.0	333.0	50000.0	125760.85579027371	28.257807412988775
Bhathia_01	R125	333.0	333.0	50000.0	130172.46644175818	29.419080930062208
Bhathia_01	R125	333.0	333.0	50000.0	134738.83358259665	30.62094448819895
Bhathia_01	R125	333.0	333.0	50000.0	139465.3859717822	31.803999903931935
Bhathia_01	R125	333.0	333.0	50000.0	144357.7428057125	32.98391348791247
Bhathia_01	R125	333.0	333.0	50000.0	149421.7203986127	34.20522276246816
Bhathia_01	R125	333.0	333.0	50000.0	154663.33909730316	35.37795525576427
Bhathia_01	R125	333.0	333.0	50000.0	160088.83043853292	36.575720762398284
Bhathia_01	R125	333.0	333.0	50000.0	165704.6445573877	37.80102434536531
Bhathia_01	R125	333.0	333.0	50000.0	171517.45785558026	38.975419586447984
Bhathia_01	R125	333.0	333.0	50000.0	177534.18093873924	40.191236038200735
Bhathia_01	R125	333.0	333.0	50000.0	183761.96683213356	41.40352106537596
Bhathia_01	R125	333.0	333.0	50000.0	190208.21948459864	42.596590963075194
Bhathia_01	R125	333.0	333.0	50000.0	196880.60257077508	43.83216068441017
Bhathia_01	R125	333.0	333.0	50000.0	203787.04860212465	45.03160378186611
Bhathia_01	R125	333.0	333.0	50000.0	210935.76835755422	46.245513935550896
Bhathia_01	R125	333.0	333.0	50000.0	218335.26064486115	47.49604432051988
Bhathia_01	R125	333.0	333.0	50000.0	225994.32240460056	48.690358804715565
Bhathia_01	R125	333.0	333.0	50000.0	233922.05916839777	49.927440146498306
Bhathia_01	R125	333.0	333.0	50000.0	242127.89588411906	51.1667034071737
Bhathia_01	R125	333.0	333.0	50000.0	250621.58812079762	52.38605022642693
Bhathia_01	R125	333.0	333.0	50000.0	259413.23366660537	53.64931056205423
Bhathia_01	R125	333.0	333.0	50000.0	268513.2845336903	54.87873711105704
Bhathia_01	R125	333.0	333.0	50000.0	277932.5593841194	56.12624611213733
Bhathia_01	R125	333.0	333.0	50000.0	287682.2563917327	57.40492966719439
Bhathia_01	R125	333.0	333.0	50000.0	297773.9665551654	58.633080243403306
Bhathia_01	R125	333.0	333.0	50000.0	308219.6874779006	59.90566344000854
Bhathia_01	R125	333.0	333.0	50000.0	319031.83763169846	61.14550876780696
Bhathia_01	R125	333.0	333.0	50000.0	330223.271120397	62.35349316652536
Bhathia_01	R125	333.0	333.0	50000.0	341807.2929615984	63.605457218132706
Bhathia_01	R125	333.0	333.0	50000.0	353797.67490444286	64.76626094494108
Bhathia_01	R125	333.0	333.0	50000.0	366208.67180225096	65.93685432488348
Bhathia_01	R125	333.0	333.0	50000.0	379055.0385595106	67.15023436132086
Bhathia_01	R125	333.0	333.0	50000.0	392352.047673353	68.24140222146686
Bhathia_01	R125	333.0	333.0	50000.0	406115.50739037304	69.37063647861576
Bhathia_01	R125	333.0	333.0	50000.0	420361.78050037875	70.53481272701487
Bhathia_01	R125	333.0	333.0	50000.0	435107.80378941365	71.58505045791777
Bhathia_01	R125	333.0	333.0	50000.0	450371.1081751789	72.6738841754186
Bhathia_01	R125	333.0	333.0	50000.0	466169.83954879304	73.8026899964007
Bhathia_01	R125	333.0	333.0	50000.0	482522.7803476675	74.82205702039913
Bhathia_01	R125	333.0	333.0	50000.0	499449.37188514473	75.87409036011043
Bhathia_01	R125	333.0	333.0	50000.0	516969.7374634458	76.96466688627966
Bhathia_01	R125	333.0	333.0	50000.0	535104.7062974056	77.97966414445803
Bhathia_01	R125	333.0	333.0	50000.0	553875.8382774384	79.00060691104576
Bhathia_01	R125	333.0	333.0	50000.0	573305.4496011657	80.05997807433343
Bhathia_01	R125	333.0	333.0	50000.0	593416.6393042037	81.08868422277018
Bhathia_01	R125	333.0	333.0	50000.0	614233.3167216032	82.0895968627311
Bhathia_01	R125	333.0	333.0	50000.0	635780.2299126569	83.13357915366979
Bhathia_01	R125	333.0	333.0	50000.0	658082.9950827911	84.1947593401332
Bhathia_01	R125	333.0	333.0	50000.0	681168.127037599	85.1931011285341
Bhathia_01	R125	333.0	333.0	50000.0	705063.0707051408	86.231016093393
Bhathia_01	R125	333.0	333.0	50000.0	729796.2337640686	87.31790151344659
Bhathia_01	R125	333.0	333.0	50000.0	755397.0204162808	88.34294412097287
Bhathia_01	R125	333.0	333.0	50000.0	781895.866344346	89.38799176433241
Bhathia_01	R125	333.0	333.0	50000.0	809324.2748951628	90.47481162470415
Bhathia_01	R125	333.0	333.0	50000.0	837714.8545329691	91.5611773575798
Bhathia_01	R125	333.0	333.0	50000.0	867101.3576061296	92.60923682530785
Bhathia_01	R125	333.0	333.0	50000.0	897518.7204738803	93.70488715114024
Bhathia_01	R125	333.0	333.0	50000.0	929003.1050406658	94.84241576728711
Bhathia_01	R125	333.0	333.0	50000.0	961591.9417474868	95.82439663712
Bhathia_01	R125	333.0	333.0	50000.0	995323.9740713531	96.83999230155517
Bhathia_01	R125	333.0	333.0	50000.0	1030239.3045857496	97.8949395962965
Bhathia_01	R125	333.0	333.0	50000.0	1066379.442636875	98.82752844175437
Bhathia_01	R125	333.0	333.0	50000.0	1103787.3536923314	99.43583316100462
Bhathia_01	R125	333.0	333.0	50000.0	1142507.5104209343	100.06592155807503
Bhathia_01	R125	333.0	333.0	50000.0	1182585.945564372	100.71948572433084
Bhathia_01	R125	333.0	333.0	50000.0	1224070.3066635653	101.40105812010667
Bhathia_01	R125	333.0	333.0	50000.0	1267009.912704797	102.1082366437514
Bhathia_01	R125	333.0	333.0	50000.0	1311455.8127529488	102.72768136375953
Bhathia_01	R125	333.0	333.0	50000.0	1357460.8466415561	103.25144171025585
Bhathia_01	R125	333.0	333.0	50000.0	1405079.70779183	103.79616433375655
Bhathia_01	R125	333.0	333.0	50000.0	1454369.008235332	104.36341547052267
Bhathia_01	R125	333.0	333.0	50000.0	1505387.3459176025	104.9500224465536
Bhathia_01	R125	333.0	333.0	50000.0	1558195.374362756	105.55974370530136
Bhathia_01	R125	333.0	333.0	50000.0	1612855.874781868	106.19246567313616
Bhathia_01	R125	333.0	333.0	50000.0	1669433.830710877	106.7679947409535
Bhathia_01	R125	333.0	333.0	50000.0	1727996.50526674	107.33102016257001
Bhathia_01	R125	333.0	333.0	50000.0	1788613.5211136676	107.913125850185
Bhathia_01	R125	333.0	333.0	50000.0	1851356.9432345594	108.51728805301146
Bhathia_01	R125	333.0	333.0	50000.0	1916301.3646059704	109.14659008887271
Bhathia_01	R125	333.0	333.0	50000.0	1983523.9948785233	109.80278939956905
Bhathia_01	R125	333.0	333.0	50000.0	2053104.7521681644	110.47780918001398
Bhathia_01	R125	333.0	333.0	50000.0	2125126.3580674017	111.11766731174308
Bhathia_01	R125	333.0	333.0	50000.0	2199674.4359894753	111.78106102329242
Bhathia_01	R125	333.0	333.0	50000.0	2276837.6129623787	112.47531165780812
Bhathia_01	R125	333.0	333.0	50000.0	2356707.6249937494	113.19647002389083
Bhathia_01	R125	333.0	333.0	50000.0	2439379.426131895	113.9432883792822
Bhathia_01	R125	333.0	333.0	50000.0	2524951.301352604	114.7154419531474
Bhathia_01	R125	333.0	333.0	50000.0	2613524.9834059626	115.50085756878394
Bhathia_01	R125	333.0	333.0	50000.0	2705205.773762079	116.31746880485483
Bhathia_01	R125	333.0	333.0	50000.0	2800102.6677995026	117.1654405883156
Bhathia_01	R125	333.0	333.0	50000.0	2898328.4843851826	118.03957039412347
Bhathia_01	R125	353.0	353.0	50000.0	940.3450208199293	33.88609621633437
Bhathia_01	R125	353.0	353.0	50000.0	973.3317247020778	33.88609621633437
Bhathia_01	R125	353.0	353.0	50000.0	1007.4755811281508	33.88609621633437
Bhathia_01	R125	353.0	353.0	50000.0	1042.817182271731	33.88609621633437
Bhathia_01	R125	353.0	353.0	50000.0	1079.3985442539745	33.88609621633437
Bhathia_01	R125	353.0	353.0	50000.0	1117.2631570947824	33.88609621633437
Bhathia_01	R125	353.0	353.0	50000.0	1156.4560364162314	33.88609621633437
Bhathia_01	R125	353.0	353.0	50000.0	1197.023776959721	33.88609621633437
Bhathia_01	R125	353.0	353.0	50000.0	1239.0146079804795	33.88609621633437
Bhathia_01	R125	353.0	353.0	50000.0	1282.478450585262	33.88609621633437
Bhathia_01	R125	353.0	353.0	50000.0	1327.4669770814253	33.88609621633437
Bhathia_01	R125	353.0	353.0	50000.0	1374.0336724079282	33.88609621633437
Bhathia_01	R125	353.0	353.0	50000.0	1422.2338977212928	33.88609621633437
Bhathia_01	R125	353.0	353.0	50000.0	1472.124956212121	33.88609621633437
Bhathia_01	R125	353.0	353.0	50000.0	1523.766161230411	33.88609621633437
Bhathia_01	R125	353.0	353.0	50000.0	1577.2189068006678	33.88609621633437
Bhathia_01	R125	353.0	353.0	50000.0	1632.5467406106395	33.88609621633437
Bhathia_01	R125	353.0	353.0	50000.0	1689.81543956045	33.88609621633437
Bhathia_01	R125	353.0	353.0	50000.0	1749.093087961948	33.88609621633437
Bhathia_01	R125	353.0	353.0	50000.0	1810.45015848124	33.88609621633437
Bhathia_01	R125	353.0	353.0	50000.0	1873.9595959206342	33.88609621633437
Bhathia_01	R125	353.0	353.0	50000.0	1939.6969039396042	33.88609621633437
Bhathia_01	R125	353.0	353.0	50000.0	2007.7402348178655	33.88609621633437
Bhathia_01	R125	353.0	353.0	50000.0	2078.1704823672853	33.88609621633437
Bhathia_01	R125	353.0	353.0	50000.0	2151.0713781030845	33.88609621633437
Bhathia_01	R125	353.0	353.0	50000.0	2226.529590788659	33.88609621633437
Bhathia_01	R125	353.0	353.0	50000.0	2304.63482947238	33.88609621633437
Bhathia_01	R125	353.0	353.0	50000.0	2385.479950138839	33.88609621633437
Bhathia_01	R125	353.0	353.0	50000.0	2469.161066101381	33.88609621633437
Bhathia_01	R125	353.0	353.0	50000.0	2555.7776622671126	33.88609621633437
Bhathia_01	R125	353.0	353.0	50000.0	2645.43271341026	33.88609621633437
Bhathia_01	R125	353.0	353.0	50000.0	2738.2328065944866	33.88609621633437
Bhathia_01	R125	353.0	353.0	50000.0	2834.2882678897013	33.88609621633437
Bhathia_01	R125	353.0	353.0	50000.0	2933.7132935340187	33.88609621633437
Bhathia_01	R125	353.0	353.0	50000.0	3036.6260856967806	33.88609621633437
Bhathia_01	R125	353.0	353.0	50000.0	3143.1489930040857	33.7724072583227
Bhathia_01	R125	353.0	353.0	50000.0	3253.4086559938396	33.601065957683076
Bhathia_01	R125	353.0	353.0	50000.0	3367.536157673288	33.4240777150127
Bhathia_01	R125	353.0	353.0	50000.0	3485.667179358007	33.241017036822576
Bhathia_01	R125	353.0	353.0	50000.0	3607.9421619776303	33.051849466490246
Bhathia_01	R125	353.0	353.0	50000.0	3734.506473040075	32.85620408677926
Bhathia_01	R125	353.0	353.0	50000.0	3865.5105794527676	32.65417730300651
Bhathia_01	R125	353.0	353.0	50000.0	4001.1102264063275	32.44530140655843
Bhathia_01	R125	353.0	353.0	50000.0	4141.466622533378	32.22944718096329
Bhathia_01	R125	353.0	353.0	50000.0	4286.746631562607	32.00627795140957
Bhathia_01	R125	353.0	353.0	50000.0	4437.122970695934	31.77582963852072
Bhathia_01	R125	353.0	353.0	50000.0	4592.774415944617	31.537572347258585
Bhathia_01	R125	353.0	353.0	50000.0	4753.8860146684265	31.29149726736373
Bhathia_01	R125	353.0	353.0	50000.0	4920.649305570547	31.03735082778311
Bhathia_01	R125	353.0	353.0	50000.0	5093.26254640977	30.774504238383145
Bhathia_01	R125	353.0	353.0	50000.0	5271.9309497006825	30.503270362756773
Bhathia_01	R125	353.0	353.0	50000.0	5456.8669266820625	30.22308859417827
Bhathia_01	R125	353.0	353.0	50000.0	5648.290339843539	29.939227115782145
Bhathia_01	R125	353.0	353.0	50000.0	5846.4287643107255	29.68301025021807
Bhathia_01	R125	353.0	353.0	50000.0	6051.517758399548	29.41803230915746
Bhathia_01	R125	353.0	353.0	50000.0	6263.801143661515	29.144177431559893
Bhathia_01	R125	353.0	353.0	50000.0	6483.531294752719	28.861138747782018
Bhathia_01	R125	353.0	353.0	50000.0	6710.9694394713115	28.568411586937955
Bhathia_01	R125	353.0	353.0	50000.0	6946.385969320071	28.26610809348675
Bhathia_01	R125	353.0	353.0	50000.0	7190.06076096333	27.953501764772213
Bhathia_01	R125	353.0	353.0	50000.0	7442.283508960394	27.63059120123354
Bhathia_01	R125	353.0	353.0	50000.0	7703.354070171016	27.29681924613549
Bhathia_01	R125	353.0	353.0	50000.0	7973.582820242459	26.951973468549998
Bhathia_01	R125	353.0	353.0	50000.0	8253.291022601827	26.595679700616955
Bhathia_01	R125	353.0	353.0	50000.0	8542.811210392447	26.227468451700595
Bhathia_01	R125	353.0	353.0	50000.0	8842.487581808335	25.902993557788864
Bhathia_01	R125	353.0	353.0	50000.0	9152.676409296731	25.580969751020127
Bhathia_01	R125	353.0	353.0	50000.0	9473.746463115214	25.24795818864107
Bhathia_01	R125	353.0	353.0	50000.0	9806.07944974691	24.90362651150824
Bhathia_01	R125	353.0	353.0	50000.0	10150.070465695051	24.54751102384007
Bhathia_01	R125	353.0	353.0	50000.0	10506.128467196331	24.17939477392096
Bhathia_01	R125	353.0	353.0	50000.0	10874.676756411529	23.798727998532364
Bhathia_01	R125	353.0	353.0	50000.0	11256.153484671382	23.405163946302405
Bhathia_01	R125	353.0	353.0	50000.0	11651.012173375993	22.998311539089634
Bhathia_01	R125	353.0	353.0	50000.0	12059.722253167078	22.577697690439052
Bhathia_01	R125	353.0	353.0	50000.0	12482.769622014002	22.18591913188332
Bhathia_01	R125	353.0	353.0	50000.0	12920.657222877158	21.81307560740286
Bhathia_01	R125	353.0	353.0	50000.0	13373.905641635398	21.42747950034838
Bhathia_01	R125	353.0	353.0	50000.0	13843.053725988231	21.0286983525381
Bhathia_01	R125	353.0	353.0	50000.0	14328.65922606916	20.61631421055191
Bhathia_01	R125	353.0	353.0	50000.0	14831.299457530586	20.18985911799906
Bhathia_01	R125	353.0	353.0	50000.0	15351.571987890213	19.74889003106108
Bhathia_01	R125	353.0	353.0	50000.0	15890.095346953078	19.29289553849506
Bhathia_01	R125	353.0	353.0	50000.0	16447.509762155743	18.8214268521734
Bhathia_01	R125	353.0	353.0	50000.0	17024.47791970484	18.379709226410125
Bhathia_01	R125	353.0	353.0	50000.0	17621.68575241697	17.9442223885407
Bhathia_01	R125	353.0	353.0	50000.0	18239.84325519438	17.494111776559023
Bhathia_01	R125	353.0	353.0	50000.0	18879.685329108175	17.02895396911091
Bhathia_01	R125	353.0	353.0	50000.0	19541.972655090256	16.548249426144114
Bhathia_01	R125	353.0	353.0	50000.0	20227.49259827501	16.05150714609972
Bhathia_01	R125	353.0	353.0	50000.0	20937.060144063526	15.538243245265363
Bhathia_01	R125	353.0	353.0	50000.0	21671.518867025392	15.007928727391613
Bhathia_01	R125	353.0	353.0	50000.0	22431.741933788304	14.517319093033286
Bhathia_01	R125	353.0	353.0	50000.0	23218.633141108625	14.012944026098483
Bhathia_01	R125	353.0	353.0	50000.0	24033.127990356785	13.491933588535122
Bhathia_01	R125	353.0	353.0	50000.0	24876.194799694935	12.953762111288164
Bhathia_01	R125	353.0	353.0	50000.0	25748.835855269062	12.397914838738005
Bhathia_01	R125	353.0	353.0	50000.0	26652.088602784228	11.82386855819624
Bhathia_01	R125	353.0	353.0	50000.0	27587.026880879475	11.242082655855885
Bhathia_01	R125	353.0	353.0	50000.0	28554.762197768767	10.686520764863143
Bhathia_01	R125	353.0	353.0	50000.0	29556.445052665636	10.112667601321528
Bhathia_01	R125	353.0	353.0	50000.0	30593.266303562625	9.51996831464136
Bhathia_01	R125	353.0	353.0	50000.0	31666.458582991498	8.907861262521086
Bhathia_01	R125	353.0	353.0	50000.0	32777.29776344747	8.275752733980658
Bhathia_01	R125	353.0	353.0	50000.0	33927.104474219595	7.636801586521986
Bhathia_01	R125	353.0	353.0	50000.0	35117.24567143027	7.028171513486695
Bhathia_01	R125	353.0	353.0	50000.0	36349.13626315173	6.399343860600979
Bhathia_01	R125	353.0	353.0	50000.0	37624.240791528864	5.749693808388994
Bhathia_01	R125	353.0	353.0	50000.0	38944.07517391196	5.078579393369499
Bhathia_01	R125	353.0	353.0	50000.0	40310.20850506498	4.385341453333206
Bhathia_01	R125	353.0	353.0	50000.0	41724.264922596594	3.719589708355927
Bhathia_01	R125	353.0	353.0	50000.0	43187.92553782676	3.047200131611743
Bhathia_01	R125	353.0	353.0	50000.0	44702.93043438957	2.352536243441132
Bhathia_01	R125	353.0	353.0	50000.0	46271.08073694302	1.634910279155492
Bhathia_01	R125	353.0	353.0	50000.0	47894.24075245067	0.8936172503592593
Bhathia_01	R125	353.0	353.0	50000.0	49574.34018657513	0.17738765320069053
Bhathia_01	R125	353.0	353.0	50000.0	51313.376437824336	0.5467379907752756
Bhathia_01	R125	353.0	353.0	50000.0	53113.41697217184	1.294611809083411
Bhathia_01	R125	353.0	353.0	50000.0	54976.60178098003	2.0669488166734253
Bhathia_01	R125	353.0	353.0	50000.0	56905.14592514396	2.8561193432366485
Bhathia_01	R125	353.0	353.0	50000.0	58901.34216848284	3.61500754738581
Bhathia_01	R125	353.0	353.0	50000.0	60967.5637035091	4.398690782899665
Bhathia_01	R125	353.0	353.0	50000.0	63106.2669728156	5.2079084431372555
Bhathia_01	R125	353.0	353.0	50000.0	65319.99458943548	6.043416632516017
Bhathia_01	R125	353.0	353.0	50000.0	67611.3783596462	6.853741839053576
Bhathia_01	R125	353.0	353.0	50000.0	69983.14241181171	7.679099918958496
Bhathia_01	R125	353.0	353.0	50000.0	72438.10643498244	8.53135306677509
Bhathia_01	R125	353.0	353.0	50000.0	74979.18903110319	9.4112973481967
Bhathia_01	R125	353.0	353.0	50000.0	77609.41118481442	10.269808112134552
Bhathia_01	R125	353.0	353.0	50000.0	80331.89985497203	11.143297693175489
Bhathia_01	R125	353.0	353.0	50000.0	83149.89169215517	12.045354688248434
Bhathia_01	R125	353.0	353.0	50000.0	86066.7368865822	12.976106092702429
Bhathia_01	R125	353.0	353.0	50000.0	89085.903151008	13.875342777314911
Bhathia_01	R125	353.0	353.0	50000.0	92210.9798433415	14.804222699930792
Bhathia_01	R125	353.0	353.0	50000.0	95445.68223387754	15.763655254646245
Bhathia_01	R125	353.0	353.0	50000.0	98793.85592222596	16.727321932914887
Bhathia_01	R125	353.0	353.0	50000.0	102259.48140917791	17.68849474448256
Bhathia_01	R125	353.0	353.0	50000.0	105846.67882895643	18.681573421793836
Bhathia_01	R125	353.0	353.0	50000.0	109559.71284746489	19.702692872954586
Bhathia_01	R125	353.0	353.0	50000.0	113402.99773236972	20.69748378426842
Bhathia_01	R125	353.0	353.0	50000.0	117381.10260103126	21.725627441613742
Bhathia_01	R125	353.0	353.0	50000.0	121498.75685253605	22.78821663073772
Bhathia_01	R125	353.0	353.0	50000.0	125760.85579027371	23.822322731569606
Bhathia_01	R125	353.0	353.0	50000.0	130172.46644175818	24.881542194872505
Bhathia_01	R125	353.0	353.0	50000.0	134738.83358259665	25.976605585659417
Bhathia_01	R125	353.0	353.0	50000.0	139465.3859717822	27.04519126297427
Bhathia_01	R125	353.0	353.0	50000.0	144357.7428057125	28.132382458337297
Bhathia_01	R125	353.0	353.0	50000.0	149421.7203986127	29.256650543541518
Bhathia_01	R125	353.0	353.0	50000.0	154663.33909730316	30.35053409827586
Bhathia_01	R125	353.0	353.0	50000.0	160088.83043853292	31.463557594867826
Bhathia_01	R125	353.0	353.0	50000.0	165704.6445573877	32.614751526789185
Bhathia_01	R125	353.0	353.0	50000.0	171517.45785558026	33.725993131429384
Bhathia_01	R125	353.0	353.0	50000.0	177534.18093873924	34.863639618719304
Bhathia_01	R125	353.0	353.0	50000.0	183761.96683213356	36.03960139759598
Bhathia_01	R125	353.0	353.0	50000.0	190208.21948459864	37.16255613833347
Bhathia_01	R125	353.0	353.0	50000.0	196880.60257077508	38.32443163316442
Bhathia_01	R125	353.0	353.0	50000.0	203787.04860212465	39.50787472538046
Bhathia_01	R125	353.0	353.0	50000.0	210935.76835755422	40.6545173943103
Bhathia_01	R125	353.0	353.0	50000.0	218335.26064486115	41.84104544213241
Bhathia_01	R125	353.0	353.0	50000.0	225994.32240460056	43.02780990956728
Bhathia_01	R125	353.0	353.0	50000.0	233922.05916839777	44.19919338541439
Bhathia_01	R125	353.0	353.0	50000.0	242127.89588411906	45.41153451357697
Bhathia_01	R125	353.0	353.0	50000.0	250621.58812079762	46.59878418796401
Bhathia_01	R125	353.0	353.0	50000.0	259413.23366660537	47.796587700668965
Bhathia_01	R125	353.0	353.0	50000.0	268513.2845336903	49.036433698860314
Bhathia_01	R125	353.0	353.0	50000.0	277932.5593841194	50.22223877382598
Bhathia_01	R125	353.0	353.0	50000.0	287682.2563917327	51.44863961985459
Bhathia_01	R125	353.0	353.0	50000.0	297773.9665551654	52.68493292123162
Bhathia_01	R125	353.0	353.0	50000.0	308219.6874779006	53.893721495740934
Bhathia_01	R125	353.0	353.0	50000.0	319031.83763169846	55.14479521370253
Bhathia_01	R125	353.0	353.0	50000.0	330223.271120397	56.357626265277865
Bhathia_01	R125	353.0	353.0	50000.0	341807.2929615984	57.57303654201402
Bhathia_01	R125	353.0	353.0	50000.0	353797.67490444286	58.830410816331025
Bhathia_01	R125	353.0	353.0	50000.0	366208.67180225096	60.002078022142356
Bhathia_01	R125	353.0	353.0	50000.0	379055.0385595106	61.21554999349138
Bhathia_01	R125	353.0	353.0	50000.0	392352.047673353	62.43136317062806
Bhathia_01	R125	353.0	353.0	50000.0	406115.50739037304	63.596207668112214
Bhathia_01	R125	353.0	353.0	50000.0	420361.78050037875	64.80262283721652
Bhathia_01	R125	353.0	353.0	50000.0	435107.80378941365	65.97751103192157
Bhathia_01	R125	353.0	353.0	50000.0	450371.1081751789	67.13352038789193
Bhathia_01	R125	353.0	353.0	50000.0	466169.83954879304	68.33105595521651
Bhathia_01	R125	353.0	353.0	50000.0	482522.7803476675	69.47050264290381
Bhathia_01	R125	353.0	353.0	50000.0	499449.37188514473	70.61789549308199
Bhathia_01	R125	353.0	353.0	50000.0	516969.7374634458	71.80663600617467
Bhathia_01	R125	353.0	353.0	50000.0	535104.7062974056	72.91855952530958
Bhathia_01	R125	353.0	353.0	50000.0	553875.8382774384	74.05899060290986
Bhathia_01	R125	353.0	353.0	50000.0	573305.4496011657	75.23689176406695
Bhathia_01	R125	353.0	353.0	50000.0	593416.6393042037	76.33325527086258
Bhathia_01	R125	353.0	353.0	50000.0	614233.3167216032	77.46928549029035
Bhathia_01	R125	353.0	353.0	50000.0	635780.2299126569	78.63257190710993
Bhathia_01	R125	353.0	353.0	50000.0	658082.9950827911	79.72807038680833
Bhathia_01	R125	353.0	353.0	50000.0	681168.127037599	80.86396895133049
Bhathia_01	R125	353.0	353.0	50000.0	705063.0707051408	82.01897283032613
Bhathia_01	R125	353.0	353.0	50000.0	729796.2337640686	83.11728148665163
Bhathia_01	R125	353.0	353.0	50000.0	755397.0204162808	84.25561804573594
Bhathia_01	R125	353.0	353.0	50000.0	781895.866344346	85.40854835988824
Bhathia_01	R125	353.0	353.0	50000.0	809324.2748951628	86.51384998960532
Bhathia_01	R125	353.0	353.0	50000.0	837714.8545329691	87.65955756553257
Bhathia_01	R125	353.0	353.0	50000.0	867101.3576061296	88.81492060704035
Bhathia_01	R125	353.0	353.0	50000.0	897518.7204738803	89.93099486644155
Bhathia_01	R125	353.0	353.0	50000.0	929003.1050406658	91.08823074282269
Bhathia_01	R125	353.0	353.0	50000.0	961591.9417474868	92.22033452532239
Bhathia_01	R125	353.0	353.0	50000.0	995323.9740713531	93.26680145379929
Bhathia_01	R125	353.0	353.0	50000.0	1030239.3045857496	94.35251487444357
Bhathia_01	R125	353.0	353.0	50000.0	1066379.442636875	95.39285989169767
Bhathia_01	R125	353.0	353.0	50000.0	1103787.3536923314	96.13053586550933
Bhathia_01	R125	353.0	353.0	50000.0	1142507.5104209343	96.89570598594663
Bhathia_01	R125	353.0	353.0	50000.0	1182585.945564372	97.69211349822959
Bhathia_01	R125	353.0	353.0	50000.0	1224070.3066635653	98.52181329127782
Bhathia_01	R125	353.0	353.0	50000.0	1267009.912704797	99.1992265727527
Bhathia_01	R125	353.0	353.0	50000.0	1311455.8127529488	99.86131093155319
Bhathia_01	R125	353.0	353.0	50000.0	1357460.8466415561	100.55005644877836
Bhathia_01	R125	353.0	353.0	50000.0	1405079.70779183	101.2664785881066
Bhathia_01	R125	353.0	353.0	50000.0	1454369.008235332	102.01247053301049
Bhathia_01	R125	353.0	353.0	50000.0	1505387.3459176025	102.68714335337414
Bhathia_01	R125	353.0	353.0	50000.0	1558195.374362756	103.35343836251602
Bhathia_01	R125	353.0	353.0	50000.0	1612855.874781868	104.04641726598437
Bhathia_01	R125	353.0	353.0	50000.0	1669433.830710877	104.76885813528646
Bhathia_01	R125	353.0	353.0	50000.0	1727996.50526674	105.51924575432865
Bhathia_01	R125	353.0	353.0	50000.0	1788613.5211136676	106.24414086180494
Bhathia_01	R125	353.0	353.0	50000.0	1851356.9432345594	106.95978217273469
Bhathia_01	R125	353.0	353.0	50000.0	1916301.3646059704	107.70582726035644
Bhathia_01	R125	353.0	353.0	50000.0	1983523.9948785233	108.48037497135576
Bhathia_01	R125	353.0	353.0	50000.0	2053104.7521681644	109.2843101446633
Bhathia_01	R125	353.0	353.0	50000.0	2125126.3580674017	110.07605411445883
Bhathia_01	R125	353.0	353.0	50000.0	2199674.4359894753	110.88012962717426
Bhathia_01	R125	353.0	353.0	50000.0	2276837.6129623787	111.7151950711605
Bhathia_01	R125	353.0	353.0	50000.0	2356707.6249937494	112.58031250375379
Bhathia_01	R125	353.0	353.0	50000.0	2439379.426131895	113.47525183632649
Bhathia_01	R125	353.0	353.0	50000.0	2524951.301352604	114.37550857001122
Bhathia_01	R125	353.0	353.0	50000.0	2613524.9834059626	115.30981208401639
Bhathia_01	R125	353.0	353.0	50000.0	2705205.773762079	116.28248345044598
Bhathia_01	R125	283.0	283.0	50000.0	100.0	108.89593662740177
Bhathia_01	R125	283.0	283.0	50000.0	123.41553253454694	108.89593662740177
Bhathia_01	R125	283.0	283.0	50000.0	152.31393670785815	108.7153664708339
Bhathia_01	R125	283.0	283.0	50000.0	187.9790561123359	107.77020937720974
Bhathia_01	R125	283.0	283.0	50000.0	231.9953531544542	106.71712630439454
Bhathia_01	R125	283.0	283.0	50000.0	286.3183005509725	105.53775992509662
Bhathia_01	R125	283.0	283.0	50000.0	353.36125536884737	104.23250535358896
Bhathia_01	R125	283.0	283.0	50000.0	436.10267508422373	102.77932134381389
Bhathia_01	R125	283.0	283.0	50000.0	538.2184388525997	101.16990520987855
Bhathia_01	R125	283.0	283.0	50000.0	664.2451525090609	99.38583500156044
Bhathia_01	R125	283.0	283.0	50000.0	819.7816923039709	97.41479130050524
Bhathia_01	R125	283.0	283.0	50000.0	1011.7379411776668	95.23942687896805
Bhathia_01	R125	283.0	283.0	50000.0	1248.6417679584788	92.84291424582109
Bhathia_01	R125	283.0	283.0	50000.0	1541.0178873747384	90.20839559981464
Bhathia_01	R125	283.0	283.0	50000.0	1901.8554321561603	87.31825156703154
Bhathia_01	R125	283.0	283.0	50000.0	2347.1850096327344	84.15443993358448
Bhathia_01	R125	283.0	283.0	50000.0	2896.7908792092962	80.69902957031242
Bhathia_01	R125	283.0	283.0	50000.0	3575.0898899883373	76.93404893984983
Bhathia_01	R125	283.0	283.0	50000.0	4412.216226317855	72.84169931225848
Bhathia_01	R125	283.0	283.0	50000.0	5445.360152285872	68.40498030145189
Bhathia_01	R125	283.0	283.0	50000.0	6720.420230367625	63.60812178718651
Bhathia_01	R125	283.0	283.0	50000.0	8294.04241586763	58.43741624406151
Bhathia_01	R125	283.0	283.0	50000.0	10236.13661618424	52.882794122314486
Bhathia_01	R125	283.0	283.0	50000.0	12632.982515827533	46.9394454393431
Bhathia_01	R125	283.0	283.0	50000.0	15591.062646904755	40.610642562316656
Bhathia_01	R125	283.0	283.0	50000.0	19241.792993472332	33.91048936112251
Bhathia_01	R125	283.0	283.0	50000.0	23747.361292089023	26.867059861167494
Bhathia_01	R125	283.0	283.0	50000.0	29307.932401534592	19.52470819845597
Bhathia_01	R125	283.0	283.0	50000.0	36170.54084821895	11.945117890506776
Bhathia_01	R125	283.0	283.0	50000.0	44640.065608455254	4.206024979954252
Bhathia_01	R125	283.0	283.0	50000.0	55092.77469444619	3.6026670620351675
Bhathia_01	R125	283.0	283.0	50000.0	67993.04127720889	11.385506955283068
Bhathia_01	R125	283.0	283.0	50000.0	83913.97397870166	19.05015533953931
Bhathia_01	R125	283.0	283.0	50000.0	103562.87785671582	26.51707241481388
Bhathia_01	R125	283.0	283.0	50000.0	127812.67721496821	33.72933408600462
Bhathia_01	R125	283.0	283.0	50000.0	157740.69623151456	40.663245913400445
Bhathia_01	R125	283.0	283.0	50000.0	194676.5202778257	41.07623292355289
Bhathia_01	R125	283.0	283.0	50000.0	240261.06422060388	41.07623292355289
Bhathia_01	R125	283.0	283.0	50000.0	296519.4718810281	41.07623292355289
Bhathia_01	R125	283.0	283.0	50000.0	365951.085290597	41.07623292355289
Bhathia_01	R125	283.0	283.0	50000.0	451640.4807273444	41.07623292355289
Bhathia_01	R125	283.0	283.0	50000.0	557394.5044312399	41.07623292355289
Bhathia_01	R125	283.0	283.0	50000.0	687911.3959621136	41.07623292355289
Bhathia_01	R125	283.0	283.0	50000.0	848989.5126924784	41.07623292355289
Bhathia_01	R125	283.0	283.0	50000.0	1047784.9282518772	41.07623292355289
Bhathia_01	R125	283.0	283.0	50000.0	1293129.349018775	41.07623292355289
Bhathia_01	R125	283.0	283.0	50000.0	1595922.4724520412	41.07623292355289
Bhathia_01	R125	283.0	283.0	50000.0	1969616.2182151948	41.07623292355289
Bhathia_01	R125	283.0	283.0	50000.0	2430812.344597087	41.07623292355289
Bhathia_01	R125	283.0	283.0	50000.0	3000000.000000001	41.07623292355289
Bhathia_01	R125	303.0	303.0	50000.0	100.0	80.06402160623655
Bhathia_01	R125	303.0	303.0	50000.0	123.41553253454694	80.06402160623655
Bhathia_01	R125	303.0	303.0	50000.0	152.31393670785815	80.06402160623655
Bhathia_01	R125	303.0	303.0	50000.0	187.9790561123359	80.06402160623655
Bhathia_01	R125	303.0	303.0	50000.0	231.9953531544542	80.06402160623655
Bhathia_01	R125	303.0	303.0	50000.0	286.3183005509725	80.06402160623655
Bhathia_01	R125	303.0	303.0	50000.0	353.36125536884737	80.06402160623655
Bhathia_01	R125	303.0	303.0	50000.0	436.10267508422373	80.00180604963352
Bhathia_01	R125	303.0	303.0	50000.0	538.2184388525997	78.98590022171064
Bhathia_01	R125	303.0	303.0	50000.0	664.2451525090609	77.84500727369746
Bhathia_01	R125	303.0	303.0	50000.0	819.7816923039709	76.56270495456663
Bhathia_01	R125	303.0	303.0	50000.0	1011.7379411776668	75.12708108057656
Bhathia_01	R125	303.0	303.0	50000.0	1248.6417679584788	73.52059750214947
Bhathia_01	R125	303.0	303.0	50000.0	1541.0178873747384	71.72797358561674
Bhathia_01	R125	303.0	303.0	50000.0	1901.8554321561603	69.7320018565103
Bhathia_01	R125	303.0	303.0	50000.0	2347.1850096327344	67.51438434248209
Bhathia_01	R125	303.0	303.0	50000.0	2896.7908792092962	65.05772014747724
Bhathia_01	R125	303.0	303.0	50000.0	3575.0898899883373	62.34340115605295
Bhathia_01	R125	303.0	303.0	50000.0	4412.216226317855	59.353390231391025
Bhathia_01	R125	303.0	303.0	50000.0	5445.360152285872	56.069833590279615
Bhathia_01	R125	303.0	303.0	50000.0	6720.420230367625	52.47578237723294
Bhathia_01	R125	303.0	303.0	50000.0	8294.04241586763	48.55456191142816
Bhathia_01	R125	303.0	303.0	50000.0	10236.13661618424	44.29035445242378
Bhathia_01	R125	303.0	303.0	50000.0	12632.982515827533	39.668296283480565
Bhathia_01	R125	303.0	303.0	50000.0	15591.062646904755	34.67455350476434
Bhathia_01	R125	303.0	303.0	50000.0	19241.792993472332	29.29714416046218
Bhathia_01	R125	303.0	303.0	50000.0	23747.361292089023	23.527172506772818
Bhathia_01	R125	303.0	303.0	50000.0	29307.932401534592	17.361233991184392
Bhathia_01	R125	303.0	303.0	50000.0	36170.54084821895	10.804774796924512
Bhathia_01	R125	303.0	303.0	50000.0	44640.065608455254	3.876433458612005
Bhathia_01	R125	303.0	303.0	50000.0	55092.77469444619	3.3874160250250456
Bhathia_01	R125	303.0	303.0	50000.0	67993.04127720889	10.928958509685655
Bhathia_01	R125	303.0	303.0	50000.0	83913.97397870166	18.667601256725526
Bhathia_01	R125	303.0	303.0	50000.0	103562.87785671582	26.502252047817162
Bhathia_01	R125	303.0	303.0	50000.0	127812.67721496821	34.317834252914054
Bhathia_01	R125	303.0	303.0	50000.0	157740.69623151456	41.99532625456418
Bhathia_01	R125	303.0	303.0	50000.0	194676.5202778257	49.42366651658427
Bhathia_01	R125	303.0	303.0	50000.0	240261.06422060388	56.51118496305127
Bhathia_01	R125	303.0	303.0	50000.0	296519.4718810281	63.194114734985256
Bhathia_01	R125	303.0	303.0	50000.0	365951.085290597	69.44309320870494
Bhathia_01	R125	303.0	303.0	50000.0	451640.4807273444	69.90532309798444
Bhathia_01	R125	303.0	303.0	50000.0	557394.5044312399	69.90532309798444
Bhathia_01	R125	303.0	303.0	50000.0	687911.3959621136	69.90532309798444
Bhathia_01	R125	303.0	303.0	50000.0	848989.5126924784	69.90532309798444
Bhathia_01	R125	303.0	303.0	50000.0	1047784.9282518772	69.90532309798444
Bhathia_01	R125	303.0	303.0	50000.0	1293129.349018775	69.90532309798444
Bhathia_01	R125	303.0	303.0	50000.0	1595922.4724520412	69.90532309798444
Bhathia_01	R125	303.0	303.0	50000.0	1969616.2182151948	69.90532309798444
Bhathia_01	R125	303.0	303.0	50000.0	2430812.344597087	69.90532309798444
Bhathia_01	R125	303.0	303.0	50000.0	3000000.000000001	69.90532309798444
Bhathia_01	R125	333.0	333.0	50000.0	100.0	47.89533788221355
Bhathia_01	R125	333.0	333.0	50000.0	123.41553253454694	47.89533788221355
Bhathia_01	R125	333.0	333.0	50000.0	152.31393670785815	47.89533788221355
Bhathia_01	R125	333.0	333.0	50000.0	187.9790561123359	47.89533788221355
Bhathia_01	R125	333.0	333.0	50000.0	231.9953531544542	47.89533788221355
Bhathia_01	R125	333.0	333.0	50000.0	286.3183005509725	47.89533788221355
Bhathia_01	R125	333.0	333.0	50000.0	353.36125536884737	47.89533788221355
Bhathia_01	R125	333.0	333.0	50000.0	436.10267508422373	47.89533788221355
Bhathia_01	R125	333.0	333.0	50000.0	538.2184388525997	47.89533788221355
Bhathia_01	R125	333.0	333.0	50000.0	664.2451525090609	47.89533788221355
Bhathia_01	R125	333.0	333.0	50000.0	819.7816923039709	47.89533788221355
Bhathia_01	R125	333.0	333.0	50000.0	1011.7379411776668	47.89533788221355
Bhathia_01	R125	333.0	333.0	50000.0	1248.6417679584788	47.89533788221355
Bhathia_01	R125	333.0	333.0	50000.0	1541.0178873747384	47.89533788221355
Bhathia_01	R125	333.0	333.0	50000.0	1901.8554321561603	46.9043760334246
Bhathia_01	R125	333.0	333.0	50000.0	2347.1850096327344	45.603649348050205
Bhathia_01	R125	333.0	333.0	50000.0	2896.7908792092962	44.14224790325386
Bhathia_01	R125	333.0	333.0	50000.0	3575.0898899883373	42.507595422442904
Bhathia_01	R125	333.0	333.0	50000.0	4412.216226317855	40.68686857829647
Bhathia_01	R125	333.0	333.0	50000.0	5445.360152285872	38.66683814953534
Bhathia_01	R125	333.0	333.0	50000.0	6720.420230367625	36.4325798290927
Bhathia_01	R125	333.0	333.0	50000.0	8294.04241586763	33.96733991046038
Bhathia_01	R125	333.0	333.0	50000.0	10236.13661618424	31.25135932909564
Bhathia_01	R125	333.0	333.0	50000.0	12632.982515827533	28.26147192609461
Bhathia_01	R125	333.0	333.0	50000.0	15591.062646904755	24.971177880832748
Bhathia_01	R125	333.0	333.0	50000.0	19241.792993472332	21.351144912023802
Bhathia_01	R125	333.0	333.0	50000.0	23747.361292089023	17.370751249998488
Bhathia_01	R125	333.0	333.0	50000.0	29307.932401534592	13.000302052221937
Bhathia_01	R125	333.0	333.0	50000.0	36170.54084821895	8.214353322992023
Bhathia_01	R125	333.0	333.0	50000.0	44640.065608455254	2.9952377900845275
Bhathia_01	R125	333.0	333.0	50000.0	55092.77469444619	2.6630143688000154
Bhathia_01	R125	333.0	333.0	50000.0	67993.04127720889	8.75127691736689
Bhathia_01	R125	333.0	333.0	50000.0	83913.97397870166	15.24273595178806
Bhathia_01	R125	333.0	333.0	50000.0	103562.87785671582	22.091757065711324
Bhathia_01	R125	333.0	333.0	50000.0	127812.67721496821	29.23426185984032
Bhathia_01	R125	333.0	333.0	50000.0	157740.69623151456	36.58998873214275
Bhathia_01	R125	333.0	333.0	50000.0	194676.5202778257	44.06641883484892
Bhathia_01	R125	333.0	333.0	50000.0	240261.06422060388	51.56408697264878
Bhathia_01	R125	333.0	333.0	50000.0	296519.4718810281	58.98285869229681
Bhathia_01	R125	333.0	333.0	50000.0	365951.085290597	66.22799693255756
Bhathia_01	R125	333.0	333.0	50000.0	451640.4807273444	73.2165524203231
Bhathia_01	R125	333.0	333.0	50000.0	557394.5044312399	79.8809271759311
Bhathia_01	R125	333.0	333.0	50000.0	687911.3959621136	86.17244653001407
Bhathia_01	R125	333.0	333.0	50000.0	848989.5126924784	92.0612975715034
Bhathia_01	R125	333.0	333.0	50000.0	1047784.9282518772	97.5367603046645
Bhathia_01	R125	333.0	333.0	50000.0	1293129.349018775	102.07297027856663
Bhathia_01	R125	333.0	333.0	50000.0	1595922.4724520412	102.07297027856663
Bhathia_01	R125	333.0	333.0	50000.0	1969616.2182151948	102.07297027856663
Bhathia_01	R125	333.0	333.0	50000.0	2430812.344597087	102.07297027856663
Bhathia_01	R125	333.0	333.0	50000.0	3000000.000000001	102.07297027856663
Bhathia_01	R125	353.0	353.0	50000.0	100.0	33.5907781647406
Bhathia_01	R125	353.0	353.0	50000.0	123.41553253454694	33.5907781647406
Bhathia_01	R125	353.0	353.0	50000.0	152.31393670785815	33.5907781647406
Bhathia_01	R125	353.0	353.0	50000.0	187.9790561123359	33.5907781647406
Bhathia_01	R125	353.0	353.0	50000.0	231.9953531544542	33.5907781647406
Bhathia_01	R125	353.0	353.0	50000.0	286.3183005509725	33.5907781647406
Bhathia_01	R125	353.0	353.0	50000.0	353.36125536884737	33.5907781647406
Bhathia_01	R125	353.0	353.0	50000.0	436.10267508422373	33.5907781647406
Bhathia_01	R125	353.0	353.0	50000.0	538.2184388525997	33.5907781647406
Bhathia_01	R125	353.0	353.0	50000.0	664.2451525090609	33.5907781647406
Bhathia_01	R125	353.0	353.0	50000.0	819.7816923039709	33.5907781647406
Bhathia_01	R125	353.0	353.0	50000.0	1011.7379411776668	33.5907781647406
Bhathia_01	R125	353.0	353.0	50000.0	1248.6417679584788	33.5907781647406
Bhathia_01	R125	353.0	353.0	50000.0	1541.0178873747384	33.5907781647406
Bhathia_01	R125	353.0	353.0	50000.0	1901.8554321561603	33.5907781647406
Bhathia_01	R125	353.0	353.0	50000.0	2347.1850096327344	33.5907781647406
Bhathia_01	R125	353.0	353.0	50000.0	2896.7908792092962	33.5907781647406
Bhathia_01	R125	353.0	353.0	50000.0	3575.0898899883373	33.008059606512546
Bhathia_01	R125	353.0	353.0	50000.0	4412.216226317855	31.726207591736937
Bhathia_01	R125	353.0	353.0	50000.0	5445.360152285872	30.26974213557166
Bhathia_01	R125	353.0	353.0	50000.0	6720.420230367625	28.620603158225546
Bhathia_01	R125	353.0	353.0	50000.0	8294.04241586763	26.76217963424751
Bhathia_01	R125	353.0	353.0	50000.0	10236.13661618424	24.676859905047046
Bhathia_01	R125	353.0	353.0	50000.0	12632.982515827533	22.348696971049943
Bhathia_01	R125	353.0	353.0	50000.0	15591.062646904755	19.761609633088952
Bhathia_01	R125	353.0	353.0	50000.0	19241.792993472332	16.899835447974294
Bhathia_01	R125	353.0	353.0	50000.0	23747.361292089023	13.747554579725465
Bhathia_01	R125	353.0	353.0	50000.0	29307.932401534592	10.28818157434196
Bhathia_01	R125	353.0	353.0	50000.0	36170.54084821895	6.503918075335781
Bhathia_01	R125	353.0	353.0	50000.0	44640.065608455254	2.3753390754595705
Bhathia_01	R125	353.0	353.0	50000.0	55092.77469444619	2.118677688363244
Bhathia_01	R125	353.0	353.0	50000.0	67993.04127720889	6.999571720479914
Bhathia_01	R125	353.0	353.0	50000.0	83913.97397870166	12.2867270364784
Bhathia_01	R125	353.0	353.0	50000.0	103562.87785671582	17.99358608200068
Bhathia_01	R125	353.0	353.0	50000.0	127812.67721496821	24.122490012748923
Bhathia_01	R125	353.0	353.0	50000.0	157740.69623151456	30.659033454250586
Bhathia_01	R125	353.0	353.0	50000.0	194676.5202778257	37.56680017081795
Bhathia_01	R125	353.0	353.0	50000.0	240261.06422060388	44.78404234880008
Bhathia_01	R125	353.0	353.0	50000.0	296519.4718810281	52.22317328961149
Bhathia_01	R125	353.0	353.0	50000.0	365951.085290597	59.774302913631075
Bhathia_01	R125	353.0	353.0	50000.0	451640.4807273444	67.3120772616564
Bhathia_01	R125	353.0	353.0	50000.0	557394.5044312399	74.70680797733615
Bhathia_01	R125	353.0	353.0	50000.0	687911.3959621136	81.83472392974095
Bhathia_01	R125	353.0	353.0	50000.0	848989.5126924784	88.58882078116059
Bhathia_01	R125	353.0	353.0	50000.0	1047784.9282518772	94.88586116305369
Bhathia_01	R125	353.0	353.0	50000.0	1293129.349018775	100.67049752571839
Bhathia_01	R125	353.0	353.0	50000.0	1595922.4724520412	105.91431932518067
Bhathia_01	R125	353.0	353.0	50000.0	1969616.2182151948	110.61200518634698
Bhathia_01	R125	353.0	353.0	50000.0	2430812.344597087	114.78176749439197
Bhathia_01	R125	353.0	353.0	50000.0	3000000.000000001	116.37686194084374
