framework	molecule	T_ads_K	T_des_K	P_ads_Pa	P_des_Pa	SD
Bhathia_01	R125	283.0	283.0	50000.0	167.72768206135862	109.1520798149504
Bhathia_01	R125	283.0	283.0	50000.0	173.6114622255508	109.00992227723576
Bhathia_01	R125	283.0	283.0	50000.0	179.70164164712898	108.86301658720878
Bhathia_01	R125	283.0	283.0	50000.0	186.00546068046754	108.71073490799395
Bhathia_01	R125	283.0	283.0	50000.0	192.53041366695666	108.55326251375573
Bhathia_01	R125	283.0	283.0	50000.0	199.28425784470534	108.39035594984448
Bhathia_01	R125	283.0	283.0	50000.0	206.27502257078967	108.22183650355849
Bhathia_01	R125	283.0	283.0	50000.0	213.51101886701414	108.04748750826307
Bhathia_01	R125	283.0	283.0	50000.0	221.00084930052978	107.86710125009763
Bhathia_01	R125	283.0	283.0	50000.0	228.7534182110594	107.68158977182992
Bhathia_01	R125	283.0	283.0	50000.0	236.77794229688686	107.48989589430391
Bhathia_01	R125	283.0	283.0	50000.0	245.08396157219659	107.29170287655477
Bhathia_01	R125	283.0	283.0	50000.0	253.68135070878884	107.08658589865165
Bhathia_01	R125	283.0	283.0	50000.0	262.58033077565597	106.87448479305135
Bhathia_01	R125	283.0	283.0	50000.0	271.7914813903746	106.65529262981497
Bhathia_01	R125	283.0	283.0	50000.0	281.32575329676206	106.4284718234524
Bhathia_01	R125	283.0	283.0	50000.0	291.1944813837476	106.19472733491405
Bhathia_01	R125	283.0	283.0	50000.0	301.4093981609385	105.95279405119895
Bhathia_01	R125	283.0	283.0	50000.0	311.9826477069	105.70218738384015
Bhathia_01	R125	283.0	283.0	50000.0	322.92680010673166	105.44311298427175
Bhathia_01	R125	283.0	283.0	50000.0	334.2548663961052	105.20551577004089
Bhathia_01	R125	283.0	283.0	50000.0	345.9803140295299	104.98007476957902
Bhathia_01	R125	283.0	283.0	50000.0	358.11708289123294	104.7471149316978
Bhathia_01	R125	283.0	283.0	50000.0	370.67960186769494	104.50624630954927
Bhathia_01	R125	283.0	283.0	50000.0	383.6828060015357	104.25693782290863
Bhathia_01	R125	283.0	283.0	50000.0	397.1421542471496	103.99898633868168
Bhathia_01	R125	283.0	283.0	50000.0	411.0736478491962	103.7332805277829
Bhathia_01	R125	283.0	283.0	50000.0	425.49384936579753	103.45903239895283
Bhathia_01	R125	283.0	283.0	50000.0	440.41990235905604	103.17473875148119
Bhathia_01	R125	283.0	283.0	50000.0	455.86955177630426	102.88048534565985
Bhathia_01	R125	283.0	283.0	50000.0	471.8611650463152	102.57628715076113
Bhathia_01	R125	283.0	283.0	50000.0	488.41375391555476	102.26197867388517
Bhathia_01	R125	283.0	283.0	50000.0	505.546997050434	101.9372282803248
Bhathia_01	R125	283.0	283.0	50000.0	523.2812634324383	101.60130442979172
Bhathia_01	R125	283.0	283.0	50000.0	541.6376365739385	101.2974779188927
Bhathia_01	R125	283.0	283.0	50000.0	560.6379395834789	100.99967513126748
Bhathia_01	R125	283.0	283.0	50000.0	580.30476111034	100.69157786838706
Bhathia_01	R125	283.0	283.0	50000.0	600.6614821992193	100.37262897402728
Bhathia_01	R125	283.0	283.0	50000.0	621.7323040869574	100.0428361856829
Bhathia_01	R125	283.0	283.0	50000.0	643.5422769743552	99.7022285385338
Bhathia_01	R125	283.0	283.0	50000.0	666.1173298072896	99.34996767243813
Bhathia_01	R125	283.0	283.0	50000.0	689.4843011025289	98.98590320290755
Bhathia_01	R125	283.0	283.0	50000.0	713.670970854901	98.60935299205714
Bhathia_01	R125	283.0	283.0	50000.0	738.7060935637436	98.21950061961533
Bhathia_01	R125	283.0	283.0	50000.0	764.6194324179003	97.8164879057953
Bhathia_01	R125	283.0	283.0	50000.0	791.4417946799063	97.45851911908879
Bhathia_01	R125	283.0	283.0	50000.0	819.2050683114275	97.10301841394896
Bhathia_01	R125	283.0	283.0	50000.0	847.9422598834972	96.73539532234639
Bhathia_01	R125	283.0	283.0	50000.0	877.6875338166207	96.35520213790461
Bhathia_01	R125	283.0	283.0	50000.0	908.4762529973926	95.96161735172316
Bhathia_01	R125	283.0	283.0	50000.0	940.3450208199293	95.55464163648902
Bhathia_01	R125	283.0	283.0	50000.0	973.3317247020778	95.13411563123458
Bhathia_01	R125	283.0	283.0	50000.0	1007.4755811281508	94.6996686804545
Bhathia_01	R125	283.0	283.0	50000.0	1042.817182271731	94.250121267935
Bhathia_01	R125	283.0	283.0	50000.0	1079.3985442539745	93.82857694074346
Bhathia_01	R125	283.0	283.0	50000.0	1117.2631570947824	93.44516228720433
Bhathia_01	R125	283.0	283.0	50000.0	1156.4560364162314	93.04932813020893
Bhathia_01	R125	283.0	283.0	50000.0	1197.023776959721	92.64035046808867
Bhathia_01	R125	283.0	283.0	50000.0	1239.0146079804795	92.21754728852063
Bhathia_01	R125	283.0	283.0	50000.0	1282.478450585262	91.78005956762783
Bhathia_01	R125	283.0	283.0	50000.0	1327.4669770814253	91.32789663110165
Bhathia_01	R125	283.0	283.0	50000.0	1374.0336724079282	90.86100973141436
Bhathia_01	R125	283.0	283.0	50000.0	1422.2338977212928	90.37899366934361
Bhathia_01	R125	283.0	283.0	50000.0	1472.124956212121	89.95445008873618
Bhathia_01	R125	283.0	283.0	50000.0	1523.766161230411	89.528961163051
Bhathia_01	R125	283.0	283.0	50000.0	1577.2189068006678	89.08904876134653
Bhathia_01	R125	283.0	283.0	50000.0	1632.5467406106395	88.63487815293574
Bhathia_01	R125	283.0	283.0	50000.0	1689.81543956045	88.16604478525409
Bhathia_01	R125	283.0	283.0	50000.0	1749.093087961948	87.681529458435
Bhathia_01	R125	283.0	283.0	50000.0	1810.45015848124	87.1805204205545
Bhathia_01	R125	283.0	283.0	50000.0	1873.9595959206342	86.66305318130871
Bhathia_01	R125	283.0	283.0	50000.0	1939.6969039396042	86.20083313987193
Bhathia_01	R125	283.0	283.0	50000.0	2007.7402348178655	85.7237332041842
Bhathia_01	R125	283.0	283.0	50000.0	2078.1704823672853	85.23068794519759
Bhathia_01	R125	283.0	283.0	50000.0	2151.0713781030845	84.721088015458
Bhathia_01	R125	283.0	283.0	50000.0	2226.529590788659	84.19471386645529
Bhathia_01	R125	283.0	283.0	50000.0	2304.63482947238	83.65089417383524
Bhathia_01	R125	283.0	283.0	50000.0	2385.479950138839	83.08949786661206
Bhathia_01	R125	283.0	283.0	50000.0	2469.161066101381	82.56941974278193
Bhathia_01	R125	283.0	283.0	50000.0	2555.7776622671126	82.03401014806373
Bhathia_01	R125	283.0	283.0	50000.0	2645.43271341026	81.48030039104641
Bhathia_01	R125	283.0	283.0	50000.0	2738.2328065944866	80.90926482372025
Bhathia_01	R125	283.0	283.0	50000.0	2834.2882678897013	80.31928401338682
Bhathia_01	R125	283.0	283.0	50000.0	2933.7132935340187	79.7091513565992
Bhathia_01	R125	283.0	283.0	50000.0	3036.6260856967806	79.1294660752562
Bhathia_01	R125	283.0	283.0	50000.0	3143.1489930040857	78.55411026933344
Bhathia_01	R125	283.0	283.0	50000.0	3253.4086559938396	77.9597112405063
Bhathia_01	R125	283.0	283.0	50000.0	3367.536157673288	77.34498189249183
Bhathia_01	R125	283.0	283.0	50000.0	3485.667179358007	76.70995633003578
Bhathia_01	R125	283.0	283.0	50000.0	3607.9421619776303	76.05422817281595
Bhathia_01	R125	283.0	283.0	50000.0	3734.506473040075	75.4578185825951
Bhathia_01	R125	283.0	283.0	50000.0	3865.5105794527676	74.8482676978021
Bhathia_01	R125	283.0	283.0	50000.0	4001.1102264063275	74.21865380051061
Bhathia_01	R125	283.0	283.0	50000.0	4141.466622533378	73.56823343136581
Bhathia_01	R125	283.0	283.0	50000.0	4286.746631562607	72.89654944937246
Bhathia_01	R125	283.0	283.0	50000.0	4437.122970695934	72.2382740476668
Bhathia_01	R125	283.0	283.0	50000.0	4592.774415944617	71.59958584840187
Bhathia_01	R125	283.0	283.0	50000.0	4753.8860146684265	70.9398589536384
Bhathia_01	R125	283.0	283.0	50000.0	4920.649305570547	70.25842288756012
Bhathia_01	R125	283.0	283.0	50000.0	5093.26254640977	69.55477020833226
Bhathia_01	R125	283.0	283.0	50000.0	5271.9309497006825	68.8526030645011
Bhathia_01	R125	283.0	283.0	50000.0	5456.8669266820625	68.17149817887295
Bhathia_01	R125	283.0	283.0	50000.0	5648.290339843539	67.46798521698749
Bhathia_01	R125	283.0	283.0	50000.0	5846.4287643107255	66.74133175079976
Bhathia_01	R125	283.0	283.0	50000.0	6051.517758399548	65.99089339133236
Bhathia_01	R125	283.0	283.0	50000.0	6263.801143661515	65.25380334757293
Bhathia_01	R125	283.0	283.0	50000.0	6483.531294752719	64.51693235264551
Bhathia_01	R125	283.0	283.0	50000.0	6710.9694394713115	63.75572824476146
Bhathia_01	R125	283.0	283.0	50000.0	6946.385969320071	62.96944130695666
Bhathia_01	R125	283.0	283.0	50000.0	7190.06076096333	62.16884519747372
Bhathia_01	R125	283.0	283.0	50000.0	7442.283508960394	61.387625491928965
Bhathia_01	R125	283.0	283.0	50000.0	7703.354070171016	60.58042389857759
Bhathia_01	R125	283.0	283.0	50000.0	7973.582820242459	59.74646322921851
Bhathia_01	R125	283.0	283.0	50000.0	8253.291022601827	58.890882697082716
Bhathia_01	R125	283.0	283.0	50000.0	8542.811210392447	58.05388127229825
Bhathia_01	R125	283.0	283.0	50000.0	8842.487581808335	57.188896911799766
Bhathia_01	R125	283.0	283.0	50000.0	9152.676409296731	56.295005603747185
Bhathia_01	R125	283.0	283.0	50000.0	9473.746463115214	55.386949384046225
Bhathia_01	R125	283.0	283.0	50000.0	9806.07944974691	54.48273383918221
Bhathia_01	R125	283.0	283.0	50000.0	10150.070465695051	53.54781823566262
Bhathia_01	R125	283.0	283.0	50000.0	10506.128467196331	52.581680392111
Bhathia_01	R125	283.0	283.0	50000.0	10874.676756411529	51.62728784674058
Bhathia_01	R125	283.0	283.0	50000.0	11256.153484671382	50.65300798337956
Bhathia_01	R125	283.0	283.0	50000.0	11651.012173375993	49.64555874291488
Bhathia_01	R125	283.0	283.0	50000.0	12059.722253167078	48.633547564147484
Bhathia_01	R125	283.0	283.0	50000.0	12482.769622014002	47.62359801602904
Bhathia_01	R125	283.0	283.0	50000.0	12920.657222877158	46.57900222691636
Bhathia_01	R125	283.0	283.0	50000.0	13373.905641635398	45.51875206167464
Bhathia_01	R125	283.0	283.0	50000.0	13843.053725988231	44.4757486810612
Bhathia_01	R125	283.0	283.0	50000.0	14328.65922606916	43.396791388155904
Bhathia_01	R125	283.0	283.0	50000.0	14831.299457530586	42.29799271587767
Bhathia_01	R125	283.0	283.0	50000.0	15351.571987890213	41.22387076531671
Bhathia_01	R125	283.0	283.0	50000.0	15890.095346953078	40.112573996900544
Bhathia_01	R125	283.0	283.0	50000.0	16447.509762155743	38.98446851075514
Bhathia_01	R125	283.0	283.0	50000.0	17024.47791970484	37.880461328319036
Bhathia_01	R125	283.0	283.0	50000.0	17621.68575241697	36.73813717364621
Bhathia_01	R125	283.0	283.0	50000.0	18239.84325519438	35.588691035408395
Bhathia_01	R125	283.0	283.0	50000.0	18879.685329108175	34.45517265298114
Bhathia_01	R125	283.0	283.0	50000.0	19541.972655090256	33.28219690147839
Bhathia_01	R125	283.0	283.0	50000.0	20227.49259827501	32.11805440859682
Bhathia_01	R125	283.0	283.0	50000.0	20937.060144063526	30.95470904675181
Bhathia_01	R125	283.0	283.0	50000.0	21671.518867025392	29.75070483694148
Bhathia_01	R125	283.0	283.0	50000.0	22431.741933788304	28.57711591467866
Bhathia_01	R125	283.0	283.0	50000.0	23218.633141108625	27.382899248858028
Bhathia_01	R125	283.0	283.0	50000.0	24033.127990356785	26.152732540684234
Bhathia_01	R125	283.0	283.0	50000.0	24876.194799694935	24.96777272738821
Bhathia_01	R125	283.0	283.0	50000.0	25748.835855269062	23.741154477479995
Bhathia_01	R125	283.0	283.0	50000.0	26652.088602784228	22.50793255189626
Bhathia_01	R125	283.0	283.0	50000.0	27587.026880879475	21.28974394415853
Bhathia_01	R125	283.0	283.0	50000.0	28554.762197768767	20.028542257556275
Bhathia_01	R125	283.0	283.0	50000.0	29556.445052665636	18.797839224977132
Bhathia_01	R125	283.0	283.0	50000.0	30593.266303562625	17.548311764661936
Bhathia_01	R125	283.0	283.0	50000.0	31666.458582991498	16.27255529278566
Bhathia_01	R125	283.0	283.0	50000.0	32777.29776344747	15.056753937032308
Bhathia_01	R125	283.0	283.0	50000.0	33927.104474219595	13.797690982074561
Bhathia_01	R125	283.0	283.0	50000.0	35117.24567143027	12.559877876132155
Bhathia_01	R125	283.0	283.0	50000.0	36349.13626315173	11.338507872004461
Bhathia_01	R125	283.0	283.0	50000.0	37624.240791528864	10.07364223607088
Bhathia_01	R125	283.0	283.0	50000.0	38944.07517391196	8.873439893375364
Bhathia_01	R125	283.0	283.0	50000.0	40310.20850506498	7.645959246217358
Bhathia_01	R125	283.0	283.0	50000.0	41724.264922596594	6.399930973573574
Bhathia_01	R125	283.0	283.0	50000.0	43187.92553782676	5.207340044333407
Bhathia_01	R125	283.0	283.0	50000.0	44702.93043438957	3.9721810711769936
Bhathia_01	R125	283.0	283.0	50000.0	46271.08073694302	2.7550671967516562
Bhathia_01	R125	283.0	283.0	50000.0	47894.24075245067	1.5528864472201156
Bhathia_01	R125	283.0	283.0	50000.0	49574.34018657513	0.30771057478768515
Bhathia_01	R125	283.0	283.0	50000.0	51313.376437824336	0.8857079468909453
Bhathia_01	R125	283.0	283.0	50000.0	53113.41697217184	2.100551407734712
Bhathia_01	R125	283.0	283.0	50000.0	54976.60178098003	3.3461351057170865
Bhathia_01	R125	283.0	283.0	50000.0	56905.14592514396	4.534519912440596
Bhathia_01	R125	283.0	283.0	50000.0	58901.34216848284	5.766055441621301
Bhathia_01	R125	283.0	283.0	50000.0	60967.5637035091	6.996577943802922
Bhathia_01	R125	283.0	283.0	50000.0	63106.2669728156	8.205045444746862
Bhathia_01	R125	283.0	283.0	50000.0	65319.99458943548	9.457791790870957
Bhathia_01	R125	283.0	283.0	50000.0	67611.3783596462	10.678135370354868
Bhathia_01	R125	283.0	283.0	50000.0	69983.14241181171	11.91132038011686
Bhathia_01	R125	283.0	283.0	50000.0	72438.10643498244	13.18709154142891
Bhathia_01	R125	283.0	283.0	50000.0	74979.18903110319	14.404555072938043
Bhathia_01	R125	283.0	283.0	50000.0	77609.41118481442	15.66728463322738
Bhathia_01	R125	283.0	283.0	50000.0	80331.89985497203	16.93898855031889
Bhathia_01	R125	283.0	283.0	50000.0	83149.89169215517	18.19032947362272
Bhathia_01	R125	283.0	283.0	50000.0	86066.7368865822	19.489594120313022
Bhathia_01	R125	283.0	283.0	50000.0	89085.903151008	20.764945361576828
Bhathia_01	R125	283.0	283.0	50000.0	92210.9798433415	22.064864917547517
Bhathia_01	R125	283.0	283.0	50000.0	95445.68223387754	23.40990468419408
Bhathia_01	R125	283.0	283.0	50000.0	98793.85592222596	24.709703347819012
Bhathia_01	R125	283.0	283.0	50000.0	102259.48140917791	26.069041062801734
Bhathia_01	R125	283.0	283.0	50000.0	105846.67882895643	27.38908312549525
Bhathia_01	R125	283.0	283.0	50000.0	109559.71284746489	28.660973537089134
Bhathia_01	R125	283.0	283.0	50000.0	113402.99773236972	29.989104644966158
Bhathia_01	R125	283.0	283.0	50000.0	117381.10260103126	31.209745004756705
Bhathia_01	R125	283.0	283.0	50000.0	121498.75685253605	32.414320713846806
Bhathia_01	R125	283.0	283.0	50000.0	125760.85579027371	33.66909029904912
Bhathia_01	R125	283.0	283.0	50000.0	130172.46644175818	34.81832311175269
Bhathia_01	R125	283.0	283.0	50000.0	134738.83358259665	35.94535694250448
Bhathia_01	R125	283.0	283.0	50000.0	139465.3859717822	37.11682973702618
Bhathia_01	R125	283.0	283.0	50000.0	144357.7428057125	38.24160559832842
Bhathia_01	R125	283.0	283.0	50000.0	149421.7203986127	39.29245392849947
Bhathia_01	R125	283.0	283.0	50000.0	154663.33909730316	40.382426560716326
Bhathia_01	R125	283.0	283.0	50000.0	160088.83043853292	41.5133127270175
Bhathia_01	R125	283.0	283.0	50000.0	165704.6445573877	41.55438703108688
Bhathia_01	R125	283.0	283.0	50000.0	171517.45785558026	41.55438703108688
Bhathia_01	R125	283.0	283.0	50000.0	177534.18093873924	41.55438703108688
Bhathia_01	R125	283.0	283.0	50000.0	183761.96683213356	41.55438703108688
Bhathia_01	R125	283.0	283.0	50000.0	190208.21948459864	41.55438703108688
Bhathia_01	R125	283.0	283.0	50000.0	196880.60257077508	41.55438703108688
Bhathia_01	R125	283.0	283.0	50000.0	203787.04860212465	41.55438703108688
Bhathia_01	R125	283.0	283.0	50000.0	210935.76835755422	41.55438703108688
Bhathia_01	R125	283.0	283.0	50000.0	218335.26064486115	41.55438703108688
Bhathia_01	R125	283.0	283.0	50000.0	225994.32240460056	41.55438703108688
Bhathia_01	R125	283.0	283.0	50000.0	233922.05916839777	41.55438703108688
Bhathia_01	R125	283.0	283.0	50000.0	242127.89588411906	41.55438703108688
Bhathia_01	R125	283.0	283.0	50000.0	250621.58812079762	41.55438703108688
Bhathia_01	R125	283.0	283.0	50000.0	259413.23366660537	41.55438703108688
Bhathia_01	R125	283.0	283.0	50000.0	268513.2845336903	41.55438703108688
Bhathia_01	R125	283.0	303.0	50000.0	122.98209814604685	109.25463576435716
Bhathia_01	R125	283.0	303.0	50000.0	127.29623175076546	109.25463576435716
Bhathia_01	R125	283.0	303.0	50000.0	131.76170241217702	109.25463576435716
Bhathia_01	R125	283.0	303.0	50000.0	136.3838189377566	109.25463576435716
Bhathia_01	R125	283.0	303.0	50000.0	141.16807636456102	109.25463576435716
Bhathia_01	R125	283.0	303.0	50000.0	146.12016249204424	109.25463576435716
Bhathia_01	R125	283.0	303.0	50000.0	151.24596464403913	109.25463576435716
Bhathia_01	R125	283.0	303.0	50000.0	156.55157666794562	109.25463576435716
Bhathia_01	R125	283.0	303.0	50000.0	162.04330617944572	109.25463576435716
Bhathia_01	R125	283.0	303.0	50000.0	167.72768206135862	109.25463576435716
Bhathia_01	R125	283.0	303.0	50000.0	173.6114622255508	109.25463576435716
Bhathia_01	R125	283.0	303.0	50000.0	179.70164164712898	109.25463576435716
Bhathia_01	R125	283.0	303.0	50000.0	186.00546068046754	109.25463576435716
Bhathia_01	R125	283.0	303.0	50000.0	192.53041366695666	109.25463576435716
Bhathia_01	R125	283.0	303.0	50000.0	199.28425784470534	109.25463576435716
Bhathia_01	R125	283.0	303.0	50000.0	206.27502257078967	109.25463576435716
Bhathia_01	R125	283.0	303.0	50000.0	213.51101886701414	109.25463576435716
Bhathia_01	R125	283.0	303.0	50000.0	221.00084930052978	109.25463576435716
Bhathia_01	R125	283.0	303.0	50000.0	228.7534182110594	109.25463576435716
Bhathia_01	R125	283.0	303.0	50000.0	236.77794229688686	109.25463576435716
Bhathia_01	R125	283.0	303.0	50000.0	245.08396157219659	109.25463576435716
Bhathia_01	R125	283.0	303.0	50000.0	253.68135070878884	109.25463576435716
Bhathia_01	R125	283.0	303.0	50000.0	262.58033077565597	109.25463576435716
Bhathia_01	R125	283.0	303.0	50000.0	271.7914813903746	109.25463576435716
Bhathia_01	R125	283.0	303.0	50000.0	281.32575329676206	109.25463576435716
Bhathia_01	R125	283.0	303.0	50000.0	291.1944813837476	109.25463576435716
Bhathia_01	R125	283.0	303.0	50000.0	301.4093981609385	109.25463576435716
Bhathia_01	R125	283.0	303.0	50000.0	311.9826477069	109.25463576435716
Bhathia_01	R125	283.0	303.0	50000.0	322.92680010673166	109.25463576435716
Bhathia_01	R125	283.0	303.0	50000.0	334.2548663961052	109.25463576435716
Bhathia_01	R125	283.0	303.0	50000.0	345.9803140295299	109.25463576435716
Bhathia_01	R125	283.0	303.0	50000.0	358.11708289123294	109.25463576435716
Bhathia_01	R125	283.0	303.0	50000.0	370.67960186769494	109.25463576435716
Bhathia_01	R125	283.0	303.0	50000.0	383.6828060015357	109.25463576435716
Bhathia_01	R125	283.0	303.0	50000.0	397.1421542471496	109.25463576435716
Bhathia_01	R125	283.0	303.0	50000.0	411.0736478491962	109.25463576435716
Bhathia_01	R125	283.0	303.0	50000.0	425.49384936579753	109.25463576435716
Bhathia_01	R125	283.0	303.0	50000.0	440.41990235905604	109.17439058767606
Bhathia_01	R125	283.0	303.0	50000.0	455.86955177630426	109.0309537675956
Bhathia_01	R125	283.0	303.0	50000.0	471.8611650463152	108.88287176153179
Bhathia_01	R125	283.0	303.0	50000.0	488.41375391555476	108.7293183670149
Bhathia_01	R125	283.0	303.0	50000.0	505.546997050434	108.57051995388055
Bhathia_01	R125	283.0	303.0	50000.0	523.2812634324383	108.40625090991043
Bhathia_01	R125	283.0	303.0	50000.0	541.6376365739385	108.23632645407255
Bhathia_01	R125	283.0	303.0	50000.0	560.6379395834789	108.0605241383721
Bhathia_01	R125	283.0	303.0	50000.0	580.30476111034	107.87863616552085
Bhathia_01	R125	283.0	303.0	50000.0	600.6614821992193	107.69150537225352
Bhathia_01	R125	283.0	303.0	50000.0	621.7323040869574	107.49820525219036
Bhathia_01	R125	283.0	303.0	50000.0	643.5422769743552	107.2983653552005
Bhathia_01	R125	283.0	303.0	50000.0	666.1173298072896	107.09154381651975
Bhathia_01	R125	283.0	303.0	50000.0	689.4843011025289	106.87767532540683
Bhathia_01	R125	283.0	303.0	50000.0	713.670970854901	106.65666235899792
Bhathia_01	R125	283.0	303.0	50000.0	738.7060935637436	106.42795949129905
Bhathia_01	R125	283.0	303.0	50000.0	764.6194324179003	106.19227888931748
Bhathia_01	R125	283.0	303.0	50000.0	791.4417946799063	105.9483325059767
Bhathia_01	R125	283.0	303.0	50000.0	819.2050683114275	105.69564922316876
Bhathia_01	R125	283.0	303.0	50000.0	847.9422598834972	105.43443848106081
Bhathia_01	R125	283.0	303.0	50000.0	877.6875338166207	105.19724450238878
Bhathia_01	R125	283.0	303.0	50000.0	908.4762529973926	104.97089200813747
Bhathia_01	R125	283.0	303.0	50000.0	940.3450208199293	104.73700448022441
Bhathia_01	R125	283.0	303.0	50000.0	973.3317247020778	104.4951611894187
Bhathia_01	R125	283.0	303.0	50000.0	1007.4755811281508	104.24483608227217
Bhathia_01	R125	283.0	303.0	50000.0	1042.817182271731	103.98584226704604
Bhathia_01	R125	283.0	303.0	50000.0	1079.3985442539745	103.7191499511838
Bhathia_01	R125	283.0	303.0	50000.0	1117.2631570947824	103.44379286645781
Bhathia_01	R125	283.0	303.0	50000.0	1156.4560364162314	103.15830322377509
Bhathia_01	R125	283.0	303.0	50000.0	1197.023776959721	102.86287116044377
Bhathia_01	R125	283.0	303.0	50000.0	1239.0146079804795	102.55745844640421
Bhathia_01	R125	283.0	303.0	50000.0	1282.478450585262	102.24191545967004
Bhathia_01	R125	283.0	303.0	50000.0	1327.4669770814253	101.91586892559357
Bhathia_01	R125	283.0	303.0	50000.0	1374.0336724079282	101.57858903405499
Bhathia_01	R125	283.0	303.0	50000.0	1422.2338977212928	101.27574390485925
Bhathia_01	R125	283.0	303.0	50000.0	1472.124956212121	100.97451936308909
Bhathia_01	R125	283.0	303.0	50000.0	1523.766161230411	100.66278177096123
Bhathia_01	R125	283.0	303.0	50000.0	1577.2189068006678	100.34016452717594
Bhathia_01	R125	283.0	303.0	50000.0	1632.5467406106395	100.0065661785219
Bhathia_01	R125	283.0	303.0	50000.0	1689.81543956045	99.66205365110729
Bhathia_01	R125	283.0	303.0	50000.0	1749.093087961948	99.30572789662145
Bhathia_01	R125	283.0	303.0	50000.0	1810.45015848124	98.93748161348242
Bhathia_01	R125	283.0	303.0	50000.0	1873.9595959206342	98.5565784312532
Bhathia_01	R125	283.0	303.0	50000.0	1939.6969039396042	98.16217120481157
Bhathia_01	R125	283.0	303.0	50000.0	2007.7402348178655	97.75455907455729
Bhathia_01	R125	283.0	303.0	50000.0	2078.1704823672853	97.39638304375487
Bhathia_01	R125	283.0	303.0	50000.0	2151.0713781030845	97.02908288217931
Bhathia_01	R125	283.0	303.0	50000.0	2226.529590788659	96.64924095453843
Bhathia_01	R125	283.0	303.0	50000.0	2304.63482947238	96.25646987475159
Bhathia_01	R125	283.0	303.0	50000.0	2385.479950138839	95.84962411900644
Bhathia_01	R125	283.0	303.0	50000.0	2469.161066101381	95.42940929876707
Bhathia_01	R125	283.0	303.0	50000.0	2555.7776622671126	94.99510523543901
Bhathia_01	R125	283.0	303.0	50000.0	2645.43271341026	94.54631444552072
Bhathia_01	R125	283.0	303.0	50000.0	2738.2328065944866	94.08180950851472
Bhathia_01	R125	283.0	303.0	50000.0	2834.2882678897013	93.66395952649196
Bhathia_01	R125	283.0	303.0	50000.0	2933.7132935340187	93.24545578284031
Bhathia_01	R125	283.0	303.0	50000.0	3036.6260856967806	92.8133874097421
Bhathia_01	R125	283.0	303.0	50000.0	3143.1489930040857	92.36693542447789
Bhathia_01	R125	283.0	303.0	50000.0	3253.4086559938396	91.90504541553524
Bhathia_01	R125	283.0	303.0	50000.0	3367.536157673288	91.42752544936818
Bhathia_01	R125	283.0	303.0	50000.0	3485.667179358007	90.93437861642133
Bhathia_01	R125	283.0	303.0	50000.0	3607.9421619776303	90.42540033044745
Bhathia_01	R125	283.0	303.0	50000.0	3734.506473040075	89.96258155360277
Bhathia_01	R125	283.0	303.0	50000.0	3865.5105794527676	89.50362117793401
Bhathia_01	R125	283.0	303.0	50000.0	4001.1102264063275	89.02917373052314
Bhathia_01	R125	283.0	303.0	50000.0	4141.466622533378	88.53956841091663
Bhathia_01	R125	283.0	303.0	50000.0	4286.746631562607	88.03405548242054
Bhathia_01	R125	283.0	303.0	50000.0	4437.122970695934	87.5116499172131
Bhathia_01	R125	283.0	303.0	50000.0	4592.774415944617	86.97145777377739
Bhathia_01	R125	283.0	303.0	50000.0	4753.8860146684265	86.44568078387897
Bhathia_01	R125	283.0	303.0	50000.0	4920.649305570547	85.94405702655067
Bhathia_01	R125	283.0	303.0	50000.0	5093.26254640977	85.42585097458362
Bhathia_01	R125	283.0	303.0	50000.0	5271.9309497006825	84.89009542045125
Bhathia_01	R125	283.0	303.0	50000.0	5456.8669266820625	84.3369730030781
Bhathia_01	R125	283.0	303.0	50000.0	5648.290339843539	83.76541348166259
Bhathia_01	R125	283.0	303.0	50000.0	5846.4287643107255	83.17547220769981
Bhathia_01	R125	283.0	303.0	50000.0	6051.517758399548	82.61961666331385
Bhathia_01	R125	283.0	303.0	50000.0	6263.801143661515	82.05678523815276
Bhathia_01	R125	283.0	303.0	50000.0	6483.531294752719	81.47474194613586
Bhathia_01	R125	283.0	303.0	50000.0	6710.9694394713115	80.87456094260406
Bhathia_01	R125	283.0	303.0	50000.0	6946.385969320071	80.25444450757152
Bhathia_01	R125	283.0	303.0	50000.0	7190.06076096333	79.61317620162933
Bhathia_01	R125	283.0	303.0	50000.0	7442.283508960394	79.00129504030124
Bhathia_01	R125	283.0	303.0	50000.0	7703.354070171016	78.37872216971604
Bhathia_01	R125	283.0	303.0	50000.0	7973.582820242459	77.73536543646065
Bhathia_01	R125	283.0	303.0	50000.0	8253.291022601827	77.07010331920351
Bhathia_01	R125	283.0	303.0	50000.0	8542.811210392447	76.38333433802255
Bhathia_01	R125	283.0	303.0	50000.0	8842.487581808335	75.69945992291902
Bhathia_01	R125	283.0	303.0	50000.0	9152.676409296731	75.02302717541659
Bhathia_01	R125	283.0	303.0	50000.0	9473.746463115214	74.32455859165188
Bhathia_01	R125	283.0	303.0	50000.0	9806.07944974691	73.60318824722779
Bhathia_01	R125	283.0	303.0	50000.0	10150.070465695051	72.85837078989081
Bhathia_01	R125	283.0	303.0	50000.0	10506.128467196331	72.13078891489941
Bhathia_01	R125	283.0	303.0	50000.0	10874.676756411529	71.41154562116473
Bhathia_01	R125	283.0	303.0	50000.0	11256.153484671382	70.6687756503557
Bhathia_01	R125	283.0	303.0	50000.0	11651.012173375993	69.90189223880452
Bhathia_01	R125	283.0	303.0	50000.0	12059.722253167078	69.1100206925987
Bhathia_01	R125	283.0	303.0	50000.0	12482.769622014002	68.37154608772408
Bhathia_01	R125	283.0	303.0	50000.0	12920.657222877158	67.61063696949354
Bhathia_01	R125	283.0	303.0	50000.0	13373.905641635398	66.82476078252002
Bhathia_01	R125	283.0	303.0	50000.0	13843.053725988231	66.01333442162804
Bhathia_01	R125	283.0	303.0	50000.0	14328.65922606916	65.22229991685876
Bhathia_01	R125	283.0	303.0	50000.0	14831.299457530586	64.43527070061785
Bhathia_01	R125	283.0	303.0	50000.0	15351.571987890213	63.622365463877614
Bhathia_01	R125	283.0	303.0	50000.0	15890.095346953078	62.78285073335088
Bhathia_01	R125	283.0	303.0	50000.0	16447.509762155743	61.950078919994105
Bhathia_01	R125	283.0	303.0	50000.0	17024.47791970484	61.12933519805305
Bhathia_01	R125	283.0	303.0	50000.0	17621.68575241697	60.2812862385006
Bhathia_01	R125	283.0	303.0	50000.0	18239.84325519438	59.40529921479026
Bhathia_01	R125	283.0	303.0	50000.0	18879.685329108175	58.53811382604917
Bhathia_01	R125	283.0	303.0	50000.0	19541.972655090256	57.67577925936298
Bhathia_01	R125	283.0	303.0	50000.0	20227.49259827501	56.78449951398587
Bhathia_01	R125	283.0	303.0	50000.0	20937.060144063526	55.86351514081025
Bhathia_01	R125	283.0	303.0	50000.0	21671.518867025392	54.96686343677518
Bhathia_01	R125	283.0	303.0	50000.0	22431.741933788304	54.05466894362535
Bhathia_01	R125	283.0	303.0	50000.0	23218.633141108625	53.111579425888024
Bhathia_01	R125	283.0	303.0	50000.0	24033.127990356785	52.1524377276286
Bhathia_01	R125	283.0	303.0	50000.0	24876.194799694935	51.213497872653
Bhathia_01	R125	283.0	303.0	50000.0	25748.835855269062	50.24255441737172
Bhathia_01	R125	283.0	303.0	50000.0	26652.088602784228	49.23850572200084
Bhathia_01	R125	283.0	303.0	50000.0	27587.026880879475	48.25702917144773
Bhathia_01	R125	283.0	303.0	50000.0	28554.762197768767	47.2525566300714
Bhathia_01	R125	283.0	303.0	50000.0	29556.445052665636	46.213607139991815
Bhathia_01	R125	283.0	303.0	50000.0	30593.266303562625	45.17952920405111
Bhathia_01	R125	283.0	303.0	50000.0	31666.458582991498	44.1360008448771
Bhathia_01	R125	283.0	303.0	50000.0	32777.29776344747	43.056512729649505
Bhathia_01	R125	283.0	303.0	50000.0	33927.104474219595	41.97690320801755
Bhathia_01	R125	283.0	303.0	50000.0	35117.24567143027	40.89440033588287
Bhathia_01	R125	283.0	303.0	50000.0	36349.13626315173	39.77446628381376
Bhathia_01	R125	283.0	303.0	50000.0	37624.240791528864	38.658808549345906
Bhathia_01	R125	283.0	303.0	50000.0	38944.07517391196	37.539724439957304
Bhathia_01	R125	283.0	303.0	50000.0	40310.20850506498	36.38183465913724
Bhathia_01	R125	283.0	303.0	50000.0	41724.264922596594	35.240180876950625
Bhathia_01	R125	283.0	303.0	50000.0	43187.92553782676	34.08609767639124
Bhathia_01	R125	283.0	303.0	50000.0	44702.93043438957	32.89184898301912
Bhathia_01	R125	283.0	303.0	50000.0	46271.08073694302	31.73291222299233
Bhathia_01	R125	283.0	303.0	50000.0	47894.24075245067	30.544559282267407
Bhathia_01	R125	283.0	303.0	50000.0	49574.34018657513	29.326845536799677
Bhathia_01	R125	283.0	303.0	50000.0	51313.376437824336	28.14559336499159
Bhathia_01	R125	283.0	303.0	50000.0	53113.41697217184	26.922937504441165
Bhathia_01	R125	283.0	303.0	50000.0	54976.60178098003	25.69871761198303
Bhathia_01	R125	283.0	303.0	50000.0	56905.14592514396	24.483741952714198
Bhathia_01	R125	283.0	303.0	50000.0	58901.34216848284	23.22605515559057
Bhathia_01	R125	283.0	303.0	50000.0	60967.5637035091	22.00000708530666
Bhathia_01	R125	283.0	303.0	50000.0	63106.2669728156	20.749935878019983
Bhathia_01	R125	283.0	303.0	50000.0	65319.99458943548	19.47422427709415
Bhathia_01	R125	283.0	303.0	50000.0	67611.3783596462	18.230975727949303
Bhathia_01	R125	283.0	303.0	50000.0	69983.14241181171	16.94351936633201
Bhathia_01	R125	283.0	303.0	50000.0	72438.10643498244	15.670529005141468
Bhathia_01	R125	283.0	303.0	50000.0	74979.18903110319	14.388817237656205
Bhathia_01	R125	283.0	303.0	50000.0	77609.41118481442	13.070275903296908
Bhathia_01	R125	283.0	303.0	50000.0	80331.89985497203	11.793082746102721
Bhathia_01	R125	283.0	303.0	50000.0	83149.89169215517	10.470375217263452
Bhathia_01	R125	283.0	303.0	50000.0	86066.7368865822	9.157537958285683
Bhathia_01	R125	283.0	303.0	50000.0	89085.903151008	7.837958141476859
Bhathia_01	R125	283.0	303.0	50000.0	92210.9798433415	6.4830439782436615
Bhathia_01	R125	283.0	303.0	50000.0	95445.68223387754	5.164887254550046
Bhathia_01	R125	283.0	303.0	50000.0	98793.85592222596	3.7995954122989617
Bhathia_01	R125	283.0	303.0	50000.0	102259.48140917791	2.461764561976826
Bhathia_01	R125	283.0	303.0	50000.0	105846.67882895643	1.111255816319997
Bhathia_01	R125	283.0	303.0	50000.0	109559.71284746489	0.2516173670248596
Bhathia_01	R125	283.0	303.0	50000.0	113402.99773236972	1.5584031303308477
Bhathia_01	R125	283.0	303.0	50000.0	117381.10260103126	2.912358034699081
Bhathia_01	R125	283.0	303.0	50000.0	121498.75685253605	4.194556538005167
Bhathia_01	R125	283.0	303.0	50000.0	125760.85579027371	5.489335115121051
Bhathia_01	R125	283.0	303.0	50000.0	130172.46644175818	6.794329246410006
Bhathia_01	R125	283.0	303.0	50000.0	134738.83358259665	8.023771510724625
Bhathia_01	R125	283.0	303.0	50000.0	139465.3859717822	9.29829303466841
Bhathia_01	R125	283.0	303.0	50000.0	144357.7428057125	10.524918457013063
Bhathia_01	R125	283.0	303.0	50000.0	149421.7203986127	11.731433628477228
Bhathia_01	R125	283.0	303.0	50000.0	154663.33909730316	12.982489799373635
Bhathia_01	R125	283.0	303.0	50000.0	160088.83043853292	14.144623521713088
Bhathia_01	R125	283.0	303.0	50000.0	165704.6445573877	15.328507556252326
Bhathia_01	R125	283.0	303.0	50000.0	171517.45785558026	16.54943981730048
Bhathia_01	R125	283.0	303.0	50000.0	177534.18093873924	17.671816441683642
Bhathia_01	R125	283.0	303.0	50000.0	183761.96683213356	18.83681238189244
Bhathia_01	R125	283.0	303.0	50000.0	190208.21948459864	20.02526847650884
Bhathia_01	R125	283.0	303.0	50000.0	196880.60257077508	21.136904861380216
Bhathia_01	R125	283.0	303.0	50000.0	203787.04860212465	22.29568013452792
Bhathia_01	R125	283.0	303.0	50000.0	210935.76835755422	23.478744638714645
Bhathia_01	R125	283.0	303.0	50000.0	218335.26064486115	24.595976957655427
Bhathia_01	R125	283.0	303.0	50000.0	225994.32240460056	25.76275134915161
Bhathia_01	R125	283.0	303.0	50000.0	233922.05916839777	26.959781204812177
Bhathia_01	R125	283.0	303.0	50000.0	242127.89588411906	28.09127228523686
Bhathia_01	R125	283.0	303.0	50000.0	250621.58812079762	29.27227067449848
Bhathia_01	R125	283.0	303.0	50000.0	259413.23366660537	30.491010931222895
Bhathia_01	R125	283.0	303.0	50000.0	268513.2845336903	31.63846734775886
Bhathia_01	R125	283.0	303.0	50000.0	277932.5593841194	32.83336966811335
Bhathia_01	R125	283.0	303.0	50000.0	287682.2563917327	34.07372633703678
Bhathia_01	R125	283.0	303.0	50000.0	297773.9665551654	35.163887983337474
Bhathia_01	R125	283.0	303.0	50000.0	308219.6874779006	36.296839661719616
Bhathia_01	R125	283.0	303.0	50000.0	319031.83763169846	37.47433970786324
Bhathia_01	R125	283.0	303.0	50000.0	330223.271120397	38.41375550368749
Bhathia_01	R125	283.0	303.0	50000.0	341807.2929615984	39.28858555364834
Bhathia_01	R125	283.0	303.0	50000.0	353797.67490444286	40.195765463988536
Bhathia_01	R125	283.0	303.0	50000.0	366208.67180225096	41.1364209686885
Bhathia_01	R125	283.0	303.0	50000.0	379055.0385595106	41.55438703108688
Bhathia_01	R125	283.0	303.0	50000.0	392352.047673353	41.55438703108688
Bhathia_01	R125	283.0	303.0	50000.0	406115.50739037304	41.55438703108688
Bhathia_01	R125	283.0	303.0	50000.0	420361.78050037875	41.55438703108688
Bhathia_01	R125	283.0	303.0	50000.0	435107.80378941365	41.55438703108688
Bhathia_01	R125	283.0	303.0	50000.0	450371.1081751789	41.55438703108688
Bhathia_01	R125	283.0	303.0	50000.0	466169.83954879304	41.55438703108688
Bhathia_01	R125	283.0	303.0	50000.0	482522.7803476675	41.55438703108688
Bhathia_01	R125	283.0	303.0	50000.0	499449.37188514473	41.55438703108688
Bhathia_01	R125	283.0	303.0	50000.0	516969.7374634458	41.55438703108688
Bhathia_01	R125	283.0	303.0	50000.0	535104.7062974056	41.55438703108688
Bhathia_01	R125	283.0	303.0	50000.0	553875.8382774384	41.55438703108688
Bhathia_01	R125	283.0	303.0	50000.0	573305.4496011657	41.55438703108688
Bhathia_01	R125	283.0	303.0	50000.0	593416.6393042037	41.55438703108688
Bhathia_01	R125	283.0	303.0	50000.0	614233.3167216032	41.55438703108688
Bhathia_01	R125	283.0	303.0	50000.0	635780.2299126569	41.55438703108688
Bhathia_01	R125	283.0	303.0	50000.0	658082.9950827911	41.55438703108688
Bhathia_01	R125	283.0	303.0	50000.0	681168.127037599	41.55438703108688
Bhathia_01	R125	283.0	303.0	50000.0	705063.0707051408	41.55438703108688
Bhathia_01	R125	283.0	303.0	50000.0	729796.2337640686	41.55438703108688
Bhathia_01	R125	283.0	303.0	50000.0	755397.0204162808	41.55438703108688
Bhathia_01	R125	283.0	303.0	50000.0	781895.866344346	41.55438703108688
Bhathia_01	R125	283.0	333.0	50000.0	440.41990235905604	109.25463576435716
Bhathia_01	R125	283.0	333.0	50000.0	455.86955177630426	109.25463576435716
Bhathia_01	R125	283.0	333.0	50000.0	471.8611650463152	109.25463576435716
Bhathia_01	R125	283.0	333.0	50000.0	488.41375391555476	109.25463576435716
Bhathia_01	R125	283.0	333.0	50000.0	505.546997050434	109.25463576435716
Bhathia_01	R125	283.0	333.0	50000.0	523.2812634324383	109.25463576435716
Bhathia_01	R125	283.0	333.0	50000.0	541.6376365739385	109.25463576435716
Bhathia_01	R125	283.0	333.0	50000.0	560.6379395834789	109.25463576435716
Bhathia_01	R125	283.0	333.0	50000.0	580.30476111034	109.25463576435716
Bhathia_01	R125	283.0	333.0	50000.0	600.6614821992193	109.25463576435716
Bhathia_01	R125	283.0	333.0	50000.0	621.7323040869574	109.25463576435716
Bhathia_01	R125	283.0	333.0	50000.0	643.5422769743552	109.25463576435716
Bhathia_01	R125	283.0	333.0	50000.0	666.1173298072896	109.25463576435716
Bhathia_01	R125	283.0	333.0	50000.0	689.4843011025289	109.25463576435716
Bhathia_01	R125	283.0	333.0	50000.0	713.670970854901	109.25463576435716
Bhathia_01	R125	283.0	333.0	50000.0	738.7060935637436	109.25463576435716
Bhathia_01	R125	283.0	333.0	50000.0	764.6194324179003	109.25463576435716
Bhathia_01	R125	283.0	333.0	50000.0	791.4417946799063	109.25463576435716
Bhathia_01	R125	283.0	333.0	50000.0	819.2050683114275	109.25463576435716
Bhathia_01	R125	283.0	333.0	50000.0	847.9422598834972	109.25463576435716
Bhathia_01	R125	283.0	333.0	50000.0	877.6875338166207	109.25463576435716
Bhathia_01	R125	283.0	333.0	50000.0	908.4762529973926	109.25463576435716
Bhathia_01	R125	283.0	333.0	50000.0	940.3450208199293	109.25463576435716
Bhathia_01	R125	283.0	333.0	50000.0	973.3317247020778	109.25463576435716
Bhathia_01	R125	283.0	333.0	50000.0	1007.4755811281508	109.25463576435716
Bhathia_01	R125	283.0	333.0	50000.0	1042.817182271731	109.25463576435716
Bhathia_01	R125	283.0	333.0	50000.0	1079.3985442539745	109.25463576435716
Bhathia_01	R125	283.0	333.0	50000.0	1117.2631570947824	109.25463576435716
Bhathia_01	R125	283.0	333.0	50000.0	1156.4560364162314	109.25463576435716
Bhathia_01	R125	283.0	333.0	50000.0	1197.023776959721	109.25463576435716
Bhathia_01	R125	283.0	333.0	50000.0	1239.0146079804795	109.25463576435716
Bhathia_01	R125	283.0	333.0	50000.0	1282.478450585262	109.25463576435716
Bhathia_01	R125	283.0	333.0	50000.0	1327.4669770814253	109.25463576435716
Bhathia_01	R125	283.0	333.0	50000.0	1374.0336724079282	109.25463576435716
Bhathia_01	R125	283.0	333.0	50000.0	1422.2338977212928	109.25463576435716
Bhathia_01	R125	283.0	333.0	50000.0	1472.124956212121	109.25463576435716
Bhathia_01	R125	283.0	333.0	50000.0	1523.766161230411	109.25463576435716
Bhathia_01	R125	283.0	333.0	50000.0	1577.2189068006678	109.1856257150724
Bhathia_01	R125	283.0	333.0	50000.0	1632.5467406106395	109.03348265188602
Bhathia_01	R125	283.0	333.0	50000.0	1689.81543956045	108.87642872971148
Bhathia_01	R125	283.0	333.0	50000.0	1749.093087961948	108.71358993562362
Bhathia_01	R125	283.0	333.0	50000.0	1810.45015848124	108.54520469771452
Bhathia_01	R125	283.0	333.0	50000.0	1873.9595959206342	108.37101843288346
Bhathia_01	R125	283.0	333.0	50000.0	1939.6969039396042	108.19083202572463
Bhathia_01	R125	283.0	333.0	50000.0	2007.7402348178655	108.00441889655707
Bhathia_01	R125	283.0	333.0	50000.0	2078.1704823672853	107.81182619483128
Bhathia_01	R125	283.0	333.0	50000.0	2151.0713781030845	107.61358706517888
Bhathia_01	R125	283.0	333.0	50000.0	2226.529590788659	107.40873652486931
Bhathia_01	R125	283.0	333.0	50000.0	2304.63482947238	107.19683080597774
Bhathia_01	R125	283.0	333.0	50000.0	2385.479950138839	106.97754588156292
Bhathia_01	R125	283.0	333.0	50000.0	2469.161066101381	106.75099557961504
Bhathia_01	R125	283.0	333.0	50000.0	2555.7776622671126	106.51667447322785
Bhathia_01	R125	283.0	333.0	50000.0	2645.43271341026	106.27477502935331
Bhathia_01	R125	283.0	333.0	50000.0	2738.2328065944866	106.02495025406758
Bhathia_01	R125	283.0	333.0	50000.0	2834.2882678897013	105.76602129296307
Bhathia_01	R125	283.0	333.0	50000.0	2933.7132935340187	105.49827294884793
Bhathia_01	R125	283.0	333.0	50000.0	3036.6260856967806	105.2390246684101
Bhathia_01	R125	283.0	333.0	50000.0	3143.1489930040857	104.99590419001788
Bhathia_01	R125	283.0	333.0	50000.0	3253.4086559938396	104.74467687245888
Bhathia_01	R125	283.0	333.0	50000.0	3367.536157673288	104.48494894550761
Bhathia_01	R125	283.0	333.0	50000.0	3485.667179358007	104.21611311597992
Bhathia_01	R125	283.0	333.0	50000.0	3607.9421619776303	103.93800160517142
Bhathia_01	R125	283.0	333.0	50000.0	3734.506473040075	103.65195990046085
Bhathia_01	R125	283.0	333.0	50000.0	3865.5105794527676	103.35621925524758
Bhathia_01	R125	283.0	333.0	50000.0	4001.1102264063275	103.0495065779401
Bhathia_01	R125	283.0	333.0	50000.0	4141.466622533378	102.73236169216771
Bhathia_01	R125	283.0	333.0	50000.0	4286.746631562607	102.40456986382844
Bhathia_01	R125	283.0	333.0	50000.0	4437.122970695934	102.06606884625464
Bhathia_01	R125	283.0	333.0	50000.0	4592.774415944617	101.71606068870688
Bhathia_01	R125	283.0	333.0	50000.0	4753.8860146684265	101.37338072001282
Bhathia_01	R125	283.0	333.0	50000.0	4920.649305570547	101.04582587627146
Bhathia_01	R125	283.0	333.0	50000.0	5093.26254640977	100.70712822077456
Bhathia_01	R125	283.0	333.0	50000.0	5271.9309497006825	100.35644602619472
Bhathia_01	R125	283.0	333.0	50000.0	5456.8669266820625	99.99390146682994
Bhathia_01	R125	283.0	333.0	50000.0	5648.290339843539	99.61949367898447
Bhathia_01	R125	283.0	333.0	50000.0	5846.4287643107255	99.23234559308618
Bhathia_01	R125	283.0	333.0	50000.0	6051.517758399548	98.83218232846552
Bhathia_01	R125	283.0	333.0	50000.0	6263.801143661515	98.41819465486061
Bhathia_01	R125	283.0	333.0	50000.0	6483.531294752719	97.98971905987506
Bhathia_01	R125	283.0	333.0	50000.0	6710.9694394713115	97.57190398677125
Bhathia_01	R125	283.0	333.0	50000.0	6946.385969320071	97.17490222307802
Bhathia_01	R125	283.0	333.0	50000.0	7190.06076096333	96.7643346454285
Bhathia_01	R125	283.0	333.0	50000.0	7442.283508960394	96.339780562557
Bhathia_01	R125	283.0	333.0	50000.0	7703.354070171016	95.90023659104361
Bhathia_01	R125	283.0	333.0	50000.0	7973.582820242459	95.44602091198004
Bhathia_01	R125	283.0	333.0	50000.0	8253.291022601827	94.97671071078257
Bhathia_01	R125	283.0	333.0	50000.0	8542.811210392447	94.4917326663477
Bhathia_01	R125	283.0	333.0	50000.0	8842.487581808335	93.99120486209615
Bhathia_01	R125	283.0	333.0	50000.0	9152.676409296731	93.54454968661575
Bhathia_01	R125	283.0	333.0	50000.0	9473.746463115214	93.0832794821406
Bhathia_01	R125	283.0	333.0	50000.0	9806.07944974691	92.60695934700955
Bhathia_01	R125	283.0	333.0	50000.0	10150.070465695051	92.11458707140409
Bhathia_01	R125	283.0	333.0	50000.0	10506.128467196331	91.6052389630679
Bhathia_01	R125	283.0	333.0	50000.0	10874.676756411529	91.07906914273094
Bhathia_01	R125	283.0	333.0	50000.0	11256.153484671382	90.53625434274252
Bhathia_01	R125	283.0	333.0	50000.0	11651.012173375993	90.02368945671425
Bhathia_01	R125	283.0	333.0	50000.0	12059.722253167078	89.52892325818405
Bhathia_01	R125	283.0	333.0	50000.0	12482.769622014002	89.01749190713234
Bhathia_01	R125	283.0	333.0	50000.0	12920.657222877158	88.48984410972203
Bhathia_01	R125	283.0	333.0	50000.0	13373.905641635398	87.94509233246683
Bhathia_01	R125	283.0	333.0	50000.0	13843.053725988231	87.38210404881181
Bhathia_01	R125	283.0	333.0	50000.0	14328.65922606916	86.8001956317127
Bhathia_01	R125	283.0	333.0	50000.0	14831.299457530586	86.25717144657546
Bhathia_01	R125	283.0	333.0	50000.0	15351.571987890213	85.71429055990971
Bhathia_01	R125	283.0	333.0	50000.0	15890.095346953078	85.15335119062698
Bhathia_01	R125	283.0	333.0	50000.0	16447.509762155743	84.57389736915368
Bhathia_01	R125	283.0	333.0	50000.0	17024.47791970484	83.97532839833069
Bhathia_01	R125	283.0	333.0	50000.0	17621.68575241697	83.3574386606704
Bhathia_01	R125	283.0	333.0	50000.0	18239.84325519438	82.75587850545116
Bhathia_01	R125	283.0	333.0	50000.0	18879.685329108175	82.16540233210058
Bhathia_01	R125	283.0	333.0	50000.0	19541.972655090256	81.55478899575009
Bhathia_01	R125	283.0	333.0	50000.0	20227.49259827501	80.92491803030018
Bhathia_01	R125	283.0	333.0	50000.0	20937.060144063526	80.2744334981485
Bhathia_01	R125	283.0	333.0	50000.0	21671.518867025392	79.60179207966654
Bhathia_01	R125	283.0	333.0	50000.0	22431.741933788304	78.96109462008533
Bhathia_01	R125	283.0	333.0	50000.0	23218.633141108625	78.30773132362921
Bhathia_01	R125	283.0	333.0	50000.0	24033.127990356785	77.63248997365844
Bhathia_01	R125	283.0	333.0	50000.0	24876.194799694935	76.93445754636949
Bhathia_01	R125	283.0	333.0	50000.0	25748.835855269062	76.21396830624803
Bhathia_01	R125	283.0	333.0	50000.0	26652.088602784228	75.5108080160044
Bhathia_01	R125	283.0	333.0	50000.0	27587.026880879475	74.80118469674998
Bhathia_01	R125	283.0	333.0	50000.0	28554.762197768767	74.06843054006677
Bhathia_01	R125	283.0	333.0	50000.0	29556.445052665636	73.31177649053895
Bhathia_01	R125	283.0	333.0	50000.0	30593.266303562625	72.5305663558162
Bhathia_01	R125	283.0	333.0	50000.0	31666.458582991498	71.78520522717545
Bhathia_01	R125	283.0	333.0	50000.0	32777.29776344747	71.01581923421314
Bhathia_01	R125	283.0	333.0	50000.0	33927.104474219595	70.22131842849599
Bhathia_01	R125	283.0	333.0	50000.0	35117.24567143027	69.40122923056798
Bhathia_01	R125	283.0	333.0	50000.0	36349.13626315173	68.596711675949
Bhathia_01	R125	283.0	333.0	50000.0	37624.240791528864	67.79112979729256
Bhathia_01	R125	283.0	333.0	50000.0	38944.07517391196	66.959219549178
Bhathia_01	R125	283.0	333.0	50000.0	40310.20850506498	66.10037169612183
Bhathia_01	R125	283.0	333.0	50000.0	41724.264922596594	65.25045146841627
Bhathia_01	R125	283.0	333.0	50000.0	43187.92553782676	64.40510370763766
Bhathia_01	R125	283.0	333.0	50000.0	44702.93043438957	63.53214686038835
Bhathia_01	R125	283.0	333.0	50000.0	46271.08073694302	62.63072444215133
Bhathia_01	R125	283.0	333.0	50000.0	47894.24075245067	61.746854976379495
Bhathia_01	R125	283.0	333.0	50000.0	49574.34018657513	60.8575580228045
Bhathia_01	R125	283.0	333.0	50000.0	51313.376437824336	59.93892269002353
Bhathia_01	R125	283.0	333.0	50000.0	53113.41697217184	58.98997925930845
Bhathia_01	R125	283.0	333.0	50000.0	54976.60178098003	58.08143680634042
Bhathia_01	R125	283.0	333.0	50000.0	56905.14592514396	57.14294020244344
Bhathia_01	R125	283.0	333.0	50000.0	58901.34216848284	56.17320917201666
Bhathia_01	R125	283.0	333.0	50000.0	60967.5637035091	55.20683517014681
Bhathia_01	R125	283.0	333.0	50000.0	63106.2669728156	54.24547952991936
Bhathia_01	R125	283.0	333.0	50000.0	65319.99458943548	53.251589927535605
Bhathia_01	R125	283.0	333.0	50000.0	67611.3783596462	52.23434409787456
Bhathia_01	R125	283.0	333.0	50000.0	69983.14241181171	51.246754538399756
Bhathia_01	R125	283.0	333.0	50000.0	72438.10643498244	50.22553411373334
Bhathia_01	R125	283.0	333.0	50000.0	74979.18903110319	49.16955097756312
Bhathia_01	R125	283.0	333.0	50000.0	77609.41118481442	48.14609699130484
Bhathia_01	R125	283.0	333.0	50000.0	80331.89985497203	47.09397427432795
Bhathia_01	R125	283.0	333.0	50000.0	83149.89169215517	46.005764603818584
Bhathia_01	R125	283.0	333.0	50000.0	86066.7368865822	44.94169589995063
Bhathia_01	R125	283.0	333.0	50000.0	89085.903151008	43.85512322578727
Bhathia_01	R125	283.0	333.0	50000.0	92210.9798433415	42.73114997692767
Bhathia_01	R125	283.0	333.0	50000.0	95445.68223387754	41.6312166174658
Bhathia_01	R125	283.0	333.0	50000.0	98793.85592222596	40.50696975191733
Bhathia_01	R125	283.0	333.0	50000.0	102259.48140917791	39.343871196141066
Bhathia_01	R125	283.0	333.0	50000.0	105846.67882895643	38.22042032208965
Bhathia_01	R125	283.0	333.0	50000.0	109559.71284746489	37.06401869330752
Bhathia_01	R125	283.0	333.0	50000.0	113402.99773236972	35.87783972904538
Bhathia_01	R125	283.0	333.0	50000.0	117381.10260103126	34.736031549491415
Bhathia_01	R125	283.0	333.0	50000.0	121498.75685253605	33.554477559803665
Bhathia_01	R125	283.0	333.0	50000.0	125760.85579027371	32.36504749910054
Bhathia_01	R125	283.0	333.0	50000.0	130172.46644175818	31.202559179493456
Bhathia_01	R125	283.0	333.0	50000.0	134738.83358259665	29.99947164447108
Bhathia_01	R125	283.0	333.0	50000.0	139465.3859717822	28.81524478690884
Bhathia_01	R125	283.0	333.0	50000.0	144357.7428057125	27.63415080689318
Bhathia_01	R125	283.0	333.0	50000.0	149421.7203986127	26.411671002933478
Bhathia_01	R125	283.0	333.0	50000.0	154663.33909730316	25.237848191165355
Bhathia_01	R125	283.0	333.0	50000.0	160088.83043853292	24.03898715638124
Bhathia_01	R125	283.0	333.0	50000.0	165704.6445573877	22.812610733982886
Bhathia_01	R125	283.0	333.0	50000.0	171517.45785558026	21.637200248461912
Bhathia_01	R125	283.0	333.0	50000.0	177534.18093873924	20.420298526459717
Bhathia_01	R125	283.0	333.0	50000.0	183761.96683213356	19.207171521628762
Bhathia_01	R125	283.0	333.0	50000.0	190208.21948459864	18.013212379588726
Bhathia_01	R125	283.0	333.0	50000.0	196880.60257077508	16.776821299904054
Bhathia_01	R125	283.0	333.0	50000.0	203787.04860212465	15.57666544317647
Bhathia_01	R125	283.0	333.0	50000.0	210935.76835755422	14.362195760241649
Bhathia_01	R125	283.0	333.0	50000.0	218335.26064486115	13.11124875716651
Bhathia_01	R125	283.0	333.0	50000.0	225994.32240460056	11.916761460752651
Bhathia_01	R125	283.0	333.0	50000.0	233922.05916839777	10.679750080318266
Bhathia_01	R125	283.0	333.0	50000.0	242127.89588411906	9.440865555973662
Bhathia_01	R125	283.0	333.0	50000.0	250621.58812079762	8.222242314803816
Bhathia_01	R125	283.0	333.0	50000.0	259413.23366660537	6.960169051764545
Bhathia_01	R125	283.0	333.0	50000.0	268513.2845336903	5.732114604899583
Bhathia_01	R125	283.0	333.0	50000.0	277932.5593841194	4.486504563249777
Bhathia_01	R125	283.0	333.0	50000.0	287682.2563917327	3.2102756103894374
Bhathia_01	R125	283.0	333.0	50000.0	297773.9665551654	1.9849921742310002
Bhathia_01	R125	283.0	333.0	50000.0	308219.6874779006	0.7158708576757931
Bhathia_01	R125	283.0	333.0	50000.0	319031.83763169846	0.5200440774255559
Bhathia_01	R125	283.0	333.0	50000.0	330223.271120397	1.7238212168403162
Bhathia_01	R125	283.0	333.0	50000.0	341807.2929615984	2.9709525601203914
Bhathia_01	R125	283.0	333.0	50000.0	353797.67490444286	4.126925543735411
Bhathia_01	R125	283.0	333.0	50000.0	366208.67180225096	5.292359120475857
Bhathia_01	R125	283.0	333.0	50000.0	379055.0385595106	6.500080242515062
Bhathia_01	R125	283.0	333.0	50000.0	392352.047673353	7.585918514210929
Bhathia_01	R125	283.0	333.0	50000.0	406115.50739037304	8.70954576550055
Bhathia_01	R125	283.0	333.0	50000.0	420361.78050037875	9.867736590280645
Bhathia_01	R125	283.0	333.0	50000.0	435107.80378941365	10.912557167165039
Bhathia_01	R125	283.0	333.0	50000.0	450371.1081751789	11.995694828610109
Bhathia_01	R125	283.0	333.0	50000.0	466169.83954879304	13.118614361797814
Bhathia_01	R125	283.0	333.0	50000.0	482522.7803476675	14.132737881121441
Bhathia_01	R125	283.0	333.0	50000.0	499449.37188514473	15.17937666603285
Bhathia_01	R125	283.0	333.0	50000.0	516969.7374634458	16.264616723806878
Bhathia_01	R125	283.0	333.0	50000.0	535104.7062974056	17.274407272258642
Bhathia_01	R125	283.0	333.0	50000.0	553875.8382774384	18.290696645109364
Bhathia_01	R125	283.0	333.0	50000.0	573305.4496011657	19.34528045964694
Bhathia_01	R125	283.0	333.0	50000.0	593416.6393042037	20.36803492318462
Bhathia_01	R125	283.0	333.0	50000.0	614233.3167216032	21.364483138035204
Bhathia_01	R125	283.0	333.0	50000.0	635780.2299126569	22.402344247104555
Bhathia_01	R125	283.0	333.0	50000.0	658082.9950827911	23.45929372924077
Bhathia_01	R125	283.0	333.0	50000.0	681168.127037599	24.449722464222948
Bhathia_01	R125	283.0	333.0	50000.0	705063.0707051408	25.483175806294632
Bhathia_01	R125	283.0	333.0	50000.0	729796.2337640686	26.56144337638532
Bhathia_01	R125	283.0	333.0	50000.0	755397.0204162808	27.581189992381198
Bhathia_01	R125	283.0	333.0	50000.0	781895.866344346	28.61716182663541
Bhathia_01	R125	283.0	333.0	50000.0	809324.2748951628	29.697282267026573
Bhathia_01	R125	283.0	333.0	50000.0	837714.8545329691	30.773487957914693
Bhathia_01	R125	283.0	333.0	50000.0	867101.3576061296	31.8146822470932
Bhathia_01	R125	283.0	333.0	50000.0	897518.7204738803	32.89832073602193
Bhathia_01	R125	283.0	333.0	50000.0	929003.1050406658	34.026608243714506
Bhathia_01	R125	283.0	333.0	50000.0	961591.9417474868	34.99859873170058
Bhathia_01	R125	283.0	333.0	50000.0	995323.9740713531	36.003827970046565
Bhathia_01	R125	283.0	333.0	50000.0	1030239.3045857496	37.048303388701044
Bhathia_01	R125	283.0	333.0	50000.0	1066379.442636875	37.96963238380283
Bhathia_01	R125	283.0	333.0	50000.0	1103787.3536923314	38.56953502149484
Bhathia_01	R125	283.0	333.0	50000.0	1142507.5104209343	39.19106517157689
Bhathia_01	R125	283.0	333.0	50000.0	1182585.945564372	39.83535266316539
Bhathia_01	R125	283.0	333.0	50000.0	1224070.3066635653	40.50277551156731
Bhathia_01	R125	283.0	333.0	50000.0	1267009.912704797	41.195050598505205
Bhathia_01	R125	283.0	333.0	50000.0	1311455.8127529488	41.55438703108688
Bhathia_01	R125	283.0	333.0	50000.0	1357460.8466415561	41.55438703108688
Bhathia_01	R125	283.0	333.0	50000.0	1405079.70779183	41.55438703108688
Bhathia_01	R125	283.0	333.0	50000.0	1454369.008235332	41.55438703108688
Bhathia_01	R125	283.0	333.0	50000.0	1505387.3459176025	41.55438703108688
Bhathia_01	R125	283.0	333.0	50000.0	1558195.374362756	41.55438703108688
Bhathia_01	R125	283.0	333.0	50000.0	1612855.874781868	41.55438703108688
Bhathia_01	R125	283.0	333.0	50000.0	1669433.830710877	41.55438703108688
Bhathia_01	R125	283.0	333.0	50000.0	1727996.50526674	41.55438703108688
Bhathia_01	R125	283.0	333.0	50000.0	1788613.5211136676	41.55438703108688
Bhathia_01	R125	283.0	333.0	50000.0	1851356.9432345594	41.55438703108688
Bhathia_01	R125	283.0	333.0	50000.0	1916301.3646059704	41.55438703108688
Bhathia_01	R125	283.0	333.0	50000.0	1983523.9948785233	41.55438703108688
Bhathia_01	R125	283.0	333.0	50000.0	2053104.7521681644	41.55438703108688
Bhathia_01	R125	283.0	333.0	50000.0	2125126.3580674017	41.55438703108688
Bhathia_01	R125	283.0	333.0	50000.0	2199674.4359894753	41.55438703108688
Bhathia_01	R125	283.0	333.0	50000.0	2276837.6129623787	41.55438703108688
Bhathia_01	R125	283.0	333.0	50000.0	2356707.6249937494	41.55438703108688
Bhathia_01	R125	283.0	333.0	50000.0	2439379.426131895	41.55438703108688
Bhathia_01	R125	283.0	333.0	50000.0	2524951.301352604	41.55438703108688
Bhathia_01	R125	283.0	333.0	50000.0	2613524.9834059626	41.55438703108688
Bhathia_01	R125	283.0	333.0	50000.0	2705205.773762079	41.55438703108688
Bhathia_01	R125	283.0	333.0	50000.0	2800102.6677995026	41.55438703108688
Bhathia_01	R125	283.0	333.0	50000.0	2898328.4843851826	41.55438703108688
Bhathia_01	R125	283.0	353.0	50000.0	940.3450208199293	109.25463576435716
Bhathia_01	R125	283.0	353.0	50000.0	973.3317247020778	109.25463576435716
Bhathia_01	R125	283.0	353.0	50000.0	1007.4755811281508	109.25463576435716
Bhathia_01	R125	283.0	353.0	50000.0	1042.817182271731	109.25463576435716
Bhathia_01	R125	283.0	353.0	50000.0	1079.3985442539745	109.25463576435716
Bhathia_01	R125	283.0	353.0	50000.0	1117.2631570947824	109.25463576435716
Bhathia_01	R125	283.0	353.0	50000.0	1156.4560364162314	109.25463576435716
Bhathia_01	R125	283.0	353.0	50000.0	1197.023776959721	109.25463576435716
Bhathia_01	R125	283.0	353.0	50000.0	1239.0146079804795	109.25463576435716
Bhathia_01	R125	283.0	353.0	50000.0	1282.478450585262	109.25463576435716
Bhathia_01	R125	283.0	353.0	50000.0	1327.4669770814253	109.25463576435716
Bhathia_01	R125	283.0	353.0	50000.0	1374.0336724079282	109.25463576435716
Bhathia_01	R125	283.0	353.0	50000.0	1422.2338977212928	109.25463576435716
Bhathia_01	R125	283.0	353.0	50000.0	1472.124956212121	109.25463576435716
Bhathia_01	R125	283.0	353.0	50000.0	1523.766161230411	109.25463576435716
Bhathia_01	R125	283.0	353.0	50000.0	1577.2189068006678	109.25463576435716
Bhathia_01	R125	283.0	353.0	50000.0	1632.5467406106395	109.25463576435716
Bhathia_01	R125	283.0	353.0	50000.0	1689.81543956045	109.25463576435716
Bhathia_01	R125	283.0	353.0	50000.0	1749.093087961948	109.25463576435716
Bhathia_01	R125	283.0	353.0	50000.0	1810.45015848124	109.25463576435716
Bhathia_01	R125	283.0	353.0	50000.0	1873.9595959206342	109.25463576435716
Bhathia_01	R125	283.0	353.0	50000.0	1939.6969039396042	109.25463576435716
Bhathia_01	R125	283.0	353.0	50000.0	2007.7402348178655	109.25463576435716
Bhathia_01	R125	283.0	353.0	50000.0	2078.1704823672853	109.25463576435716
Bhathia_01	R125	283.0	353.0	50000.0	2151.0713781030845	109.25463576435716
Bhathia_01	R125	283.0	353.0	50000.0	2226.529590788659	109.25463576435716
Bhathia_01	R125	283.0	353.0	50000.0	2304.63482947238	109.25463576435716
Bhathia_01	R125	283.0	353.0	50000.0	2385.479950138839	109.25463576435716
Bhathia_01	R125	283.0	353.0	50000.0	2469.161066101381	109.25463576435716
Bhathia_01	R125	283.0	353.0	50000.0	2555.7776622671126	109.25463576435716
Bhathia_01	R125	283.0	353.0	50000.0	2645.43271341026	109.25463576435716
Bhathia_01	R125	283.0	353.0	50000.0	2738.2328065944866	109.25463576435716
Bhathia_01	R125	283.0	353.0	50000.0	2834.2882678897013	109.25463576435716
Bhathia_01	R125	283.0	353.0	50000.0	2933.7132935340187	109.25463576435716
Bhathia_01	R125	283.0	353.0	50000.0	3036.6260856967806	109.25463576435716
Bhathia_01	R125	283.0	353.0	50000.0	3143.1489930040857	109.14087373022379
Bhathia_01	R125	283.0	353.0	50000.0	3253.4086559938396	108.96987757443917
Bhathia_01	R125	283.0	353.0	50000.0	3367.536157673288	108.79292210882971
Bhathia_01	R125	283.0	353.0	50000.0	3485.667179358007	108.60971985445777
Bhathia_01	R125	283.0	353.0	50000.0	3607.9421619776303	108.42025306514084
Bhathia_01	R125	283.0	353.0	50000.0	3734.506473040075	108.22428015340465
Bhathia_01	R125	283.0	353.0	50000.0	3865.5105794527676	108.02154225276666
Bhathia_01	R125	283.0	353.0	50000.0	4001.1102264063275	107.81206853437503
Bhathia_01	R125	283.0	353.0	50000.0	4141.466622533378	107.596488920522
Bhathia_01	R125	283.0	353.0	50000.0	4286.746631562607	107.37375093923106
Bhathia_01	R125	283.0	353.0	50000.0	4437.122970695934	107.14331591270522
Bhathia_01	R125	283.0	353.0	50000.0	4592.774415944617	106.90494971797563
Bhathia_01	R125	283.0	353.0	50000.0	4753.8860146684265	106.65868046043687
Bhathia_01	R125	283.0	353.0	50000.0	4920.649305570547	106.40390834972494
Bhathia_01	R125	283.0	353.0	50000.0	5093.26254640977	106.1413965303556
Bhathia_01	R125	283.0	353.0	50000.0	5271.9309497006825	105.86948969083655
Bhathia_01	R125	283.0	353.0	50000.0	5456.8669266820625	105.58803973530625
Bhathia_01	R125	283.0	353.0	50000.0	5648.290339843539	105.30309555660513
Bhathia_01	R125	283.0	353.0	50000.0	5846.4287643107255	105.04616144284601
Bhathia_01	R125	283.0	353.0	50000.0	6051.517758399548	104.78061003081385
Bhathia_01	R125	283.0	353.0	50000.0	6263.801143661515	104.50615896690492
Bhathia_01	R125	283.0	353.0	50000.0	6483.531294752719	104.22210751124628
Bhathia_01	R125	283.0	353.0	50000.0	6710.9694394713115	103.92825800992337
Bhathia_01	R125	283.0	353.0	50000.0	6946.385969320071	103.62610204712679
Bhathia_01	R125	283.0	353.0	50000.0	7190.06076096333	103.31353413150853
Bhathia_01	R125	283.0	353.0	50000.0	7442.283508960394	102.98949360143067
Bhathia_01	R125	283.0	353.0	50000.0	7703.354070171016	102.6544996426569
Bhathia_01	R125	283.0	353.0	50000.0	7973.582820242459	102.30836715252592
Bhathia_01	R125	283.0	353.0	50000.0	8253.291022601827	101.95085021731923
Bhathia_01	R125	283.0	353.0	50000.0	8542.811210392447	101.58108424809222
Bhathia_01	R125	283.0	353.0	50000.0	8842.487581808335	101.25549920433
Bhathia_01	R125	283.0	353.0	50000.0	9152.676409296731	100.93263340121345
Bhathia_01	R125	283.0	353.0	50000.0	9473.746463115214	100.59834533472922
Bhathia_01	R125	283.0	353.0	50000.0	9806.07944974691	100.25258020737834
Bhathia_01	R125	283.0	353.0	50000.0	10150.070465695051	99.89517559025538
Bhathia_01	R125	283.0	353.0	50000.0	10506.128467196331	99.52591758441888
Bhathia_01	R125	283.0	353.0	50000.0	10874.676756411529	99.14416829350519
Bhathia_01	R125	283.0	353.0	50000.0	11256.153484671382	98.74949604911495
Bhathia_01	R125	283.0	353.0	50000.0	11651.012173375993	98.34103880049949
Bhathia_01	R125	283.0	353.0	50000.0	12059.722253167078	97.918552142202
Bhathia_01	R125	283.0	353.0	50000.0	12482.769622014002	97.52533590387698
Bhathia_01	R125	283.0	353.0	50000.0	12920.657222877158	97.15130491086838
Bhathia_01	R125	283.0	353.0	50000.0	13373.905641635398	96.764499877674
Bhathia_01	R125	283.0	353.0	50000.0	13843.053725988231	96.36448729805836
Bhathia_01	R125	283.0	353.0	50000.0	14328.65922606916	95.9504070657643
Bhathia_01	R125	283.0	353.0	50000.0	14831.299457530586	95.52229540734562
Bhathia_01	R125	283.0	353.0	50000.0	15351.571987890213	95.07995423233044
Bhathia_01	R125	283.0	353.0	50000.0	15890.095346953078	94.62296723147857
Bhathia_01	R125	283.0	353.0	50000.0	16447.509762155743	94.15002130289872
Bhathia_01	R125	283.0	353.0	50000.0	17024.47791970484	93.7068107488186
Bhathia_01	R125	283.0	353.0	50000.0	17621.68575241697	93.26977364615097
Bhathia_01	R125	283.0	353.0	50000.0	18239.84325519438	92.81863158106914
Bhathia_01	R125	283.0	353.0	50000.0	18879.685329108175	92.35250292074048
Bhathia_01	R125	283.0	353.0	50000.0	19541.972655090256	91.87026851698332
Bhathia_01	R125	283.0	353.0	50000.0	20227.49259827501	91.37178170357755
Bhathia_01	R125	283.0	353.0	50000.0	20937.060144063526	90.85712177196989
Bhathia_01	R125	283.0	353.0	50000.0	21671.518867025392	90.32593445590084
Bhathia_01	R125	283.0	353.0	50000.0	22431.741933788304	89.83430307676932
Bhathia_01	R125	283.0	353.0	50000.0	23218.633141108625	89.32844049814487
Bhathia_01	R125	283.0	353.0	50000.0	24033.127990356785	88.80598698001785
Bhathia_01	R125	283.0	353.0	50000.0	24876.194799694935	88.26699142672697
Bhathia_01	R125	283.0	353.0	50000.0	25748.835855269062	87.71021229817588
Bhathia_01	R125	283.0	353.0	50000.0	26652.088602784228	87.13462183828165
Bhathia_01	R125	283.0	353.0	50000.0	27587.026880879475	86.55148307934404
Bhathia_01	R125	283.0	353.0	50000.0	28554.762197768767	85.99502642612525
Bhathia_01	R125	283.0	353.0	50000.0	29556.445052665636	85.42027584859618
Bhathia_01	R125	283.0	353.0	50000.0	30593.266303562625	84.82625610961546
Bhathia_01	R125	283.0	353.0	50000.0	31666.458582991498	84.2129798472363
Bhathia_01	R125	283.0	353.0	50000.0	32777.29776344747	83.57955797673281
Bhathia_01	R125	283.0	353.0	50000.0	33927.104474219595	82.93965767547483
Bhathia_01	R125	283.0	353.0	50000.0	35117.24567143027	82.32993793864821
Bhathia_01	R125	283.0	353.0	50000.0	36349.13626315173	81.69944125515273
Bhathia_01	R125	283.0	353.0	50000.0	37624.240791528864	81.0485672764881
Bhathia_01	R125	283.0	353.0	50000.0	38944.07517391196	80.37695273788468
Bhathia_01	R125	283.0	353.0	50000.0	40310.20850506498	79.68248353563135
Bhathia_01	R125	283.0	353.0	50000.0	41724.264922596594	79.01504432032534
Bhathia_01	R125	283.0	353.0	50000.0	43187.92553782676	78.3418790864621
Bhathia_01	R125	283.0	353.0	50000.0	44702.93043438957	77.64627951446319
Bhathia_01	R125	283.0	353.0	50000.0	46271.08073694302	76.92721739315171
Bhathia_01	R125	283.0	353.0	50000.0	47894.24075245067	76.18507441087492
Bhathia_01	R125	283.0	353.0	50000.0	49574.34018657513	75.46788205680662
Bhathia_01	R125	283.0	353.0	50000.0	51313.376437824336	74.74290384513152
Bhathia_01	R125	283.0	353.0	50000.0	53113.41697217184	73.99432525868939
Bhathia_01	R125	283.0	353.0	50000.0	54976.60178098003	73.22139628144711
Bhathia_01	R125	283.0	353.0	50000.0	56905.14592514396	72.43176187948193
Bhathia_01	R125	283.0	353.0	50000.0	58901.34216848284	71.67251572906767
Bhathia_01	R125	283.0	353.0	50000.0	60967.5637035091	70.88864714189337
Bhathia_01	R125	283.0	353.0	50000.0	63106.2669728156	70.07935485503742
Bhathia_01	R125	283.0	353.0	50000.0	65319.99458943548	69.243934536936
Bhathia_01	R125	283.0	353.0	50000.0	67611.3783596462	68.43377427035489
Bhathia_01	R125	283.0	353.0	50000.0	69983.14241181171	67.60881748678456
Bhathia_01	R125	283.0	353.0	50000.0	72438.10643498244	66.75694673890781
Bhathia_01	R125	283.0	353.0	50000.0	74979.18903110319	65.87753323519007
Bhathia_01	R125	283.0	353.0	50000.0	77609.41118481442	65.01955755786244
Bhathia_01	R125	283.0	353.0	50000.0	80331.89985497203	64.14680820720866
Bhathia_01	R125	283.0	353.0	50000.0	83149.89169215517	63.24551520297959
Bhathia_01	R125	283.0	353.0	50000.0	86066.7368865822	62.315512888377036
Bhathia_01	R125	283.0	353.0	50000.0	89085.903151008	61.41705144379978
Bhathia_01	R125	283.0	353.0	50000.0	92210.9798433415	60.48898116847283
Bhathia_01	R125	283.0	353.0	50000.0	95445.68223387754	59.53040659066325
Bhathia_01	R125	283.0	353.0	50000.0	98793.85592222596	58.56751224455388
Bhathia_01	R125	283.0	353.0	50000.0	102259.48140917791	57.60711089233881
Bhathia_01	R125	283.0	353.0	50000.0	105846.67882895643	56.61471288056895
Bhathia_01	R125	283.0	353.0	50000.0	109559.71284746489	55.59419402380463
Bhathia_01	R125	283.0	353.0	50000.0	113402.99773236972	54.599895575848585
Bhathia_01	R125	283.0	353.0	50000.0	117381.10260103126	53.57204940130544
Bhathia_01	R125	283.0	353.0	50000.0	121498.75685253605	52.50989483981921
Bhathia_01	R125	283.0	353.0	50000.0	125760.85579027371	51.475897029484116
Bhathia_01	R125	283.0	353.0	50000.0	130172.46644175818	50.416655063224674
Bhathia_01	R125	283.0	353.0	50000.0	134738.83358259665	49.32142010447927
Bhathia_01	R125	283.0	353.0	50000.0	139465.3859717822	48.252475061470086
Bhathia_01	R125	283.0	353.0	50000.0	144357.7428057125	47.16484004464903
Bhathia_01	R125	283.0	353.0	50000.0	149421.7203986127	46.039938749051814
Bhathia_01	R125	283.0	353.0	50000.0	154663.33909730316	44.945327119504306
Bhathia_01	R125	283.0	353.0	50000.0	160088.83043853292	43.83145034272202
Bhathia_01	R125	283.0	353.0	50000.0	165704.6445573877	42.6792555115749
Bhathia_01	R125	283.0	353.0	50000.0	171517.45785558026	41.567040390488245
Bhathia_01	R125	283.0	353.0	50000.0	177534.18093873924	40.42830497937455
Bhathia_01	R125	283.0	353.0	50000.0	183761.96683213356	39.251177817819034
Bhathia_01	R125	283.0	353.0	50000.0	190208.21948459864	38.127064984201645
Bhathia_01	R125	283.0	353.0	50000.0	196880.60257077508	36.96396447235461
Bhathia_01	R125	283.0	353.0	50000.0	203787.04860212465	35.77927782841559
Bhathia_01	R125	283.0	353.0	50000.0	210935.76835755422	34.63143904895784
Bhathia_01	R125	283.0	353.0	50000.0	218335.26064486115	33.44363920119889
Bhathia_01	R125	283.0	353.0	50000.0	225994.32240460056	32.255632368359706
Bhathia_01	R125	283.0	353.0	50000.0	233922.05916839777	31.083028888928457
Bhathia_01	R125	283.0	353.0	50000.0	242127.89588411906	29.869464067313658
Bhathia_01	R125	283.0	353.0	50000.0	250621.58812079762	28.681063233381547
Bhathia_01	R125	283.0	353.0	50000.0	259413.23366660537	27.482060562204854
Bhathia_01	R125	283.0	353.0	50000.0	268513.2845336903	26.241046314579826
Bhathia_01	R125	283.0	353.0	50000.0	277932.5593841194	25.054135689178587
Bhathia_01	R125	283.0	353.0	50000.0	287682.2563917327	23.826638513398038
Bhathia_01	R125	283.0	353.0	50000.0	297773.9665551654	22.589277388463145
Bhathia_01	R125	283.0	353.0	50000.0	308219.6874779006	21.37964222249074
Bhathia_01	R125	283.0	353.0	50000.0	319031.83763169846	20.12729946479413
Bhathia_01	R125	283.0	353.0	50000.0	330223.271120397	18.913635923964108
Bhathia_01	R125	283.0	353.0	50000.0	341807.2929615984	17.697369068073684
Bhathia_01	R125	283.0	353.0	50000.0	353797.67490444286	16.439173555311296
Bhathia_01	R125	283.0	353.0	50000.0	366208.67180225096	15.266872506308047
Bhathia_01	R125	283.0	353.0	50000.0	379055.0385595106	14.052878518557451
Bhathia_01	R125	283.0	353.0	50000.0	392352.047673353	12.836733167298789
Bhathia_01	R125	283.0	353.0	50000.0	406115.50739037304	11.671797521925265
Bhathia_01	R125	283.0	353.0	50000.0	420361.78050037875	10.465405099923077
Bhathia_01	R125	283.0	353.0	50000.0	435107.80378941365	9.291035970939612
Bhathia_01	R125	283.0	353.0	50000.0	450371.1081751789	8.135706844973399
Bhathia_01	R125	283.0	353.0	50000.0	466169.83954879304	6.939218840674491
Bhathia_01	R125	283.0	353.0	50000.0	482522.7803476675	5.801168335513563
Bhathia_01	R125	283.0	353.0	50000.0	499449.37188514473	4.655506851119674
Bhathia_01	R125	283.0	353.0	50000.0	516969.7374634458	3.46898061918437
Bhathia_01	R125	283.0	353.0	50000.0	535104.7062974056	2.359533757252811
Bhathia_01	R125	283.0	353.0	50000.0	553875.8382774384	1.2220850697969827
Bhathia_01	R125	283.0	353.0	50000.0	573305.4496011657	0.0476571742461911
Bhathia_01	R125	283.0	353.0	50000.0	593416.6393042037	1.0450622740646722
Bhathia_01	R125	283.0	353.0	50000.0	614233.3167216032	2.1770426849651567
Bhathia_01	R125	283.0	353.0	50000.0	635780.2299126569	3.3356905127993386
Bhathia_01	R125	283.0	353.0	50000.0	658082.9950827911	4.426469062616106
Bhathia_01	R125	283.0	353.0	50000.0	681168.127037599	5.5567440405904405
Bhathia_01	R125	283.0	353.0	50000.0	705063.0707051408	6.706594517894023
Bhathia_01	R125	283.0	353.0	50000.0	729796.2337640686	7.7995275217827755
Bhathia_01	R125	283.0	353.0	50000.0	755397.0204162808	8.932344647233887
Bhathia_01	R125	283.0	353.0	50000.0	781895.866344346	10.079401658278696
Bhathia_01	R125	283.0	353.0	50000.0	809324.2748951628	11.17881985491979
Bhathia_01	R125	283.0	353.0	50000.0	837714.8545329691	12.318648792587135
Bhathia_01	R125	283.0	353.0	50000.0	867101.3576061296	13.467874826339084
Bhathia_01	R125	283.0	353.0	50000.0	897518.7204738803	14.578212189217664
Bhathia_01	R125	283.0	353.0	50000.0	929003.1050406658	15.729629556385863
Bhathia_01	R125	283.0	353.0	50000.0	961591.9417474868	16.85588748095307
Bhathia_01	R125	283.0	353.0	50000.0	995323.9740713531	17.89721514086302
Bhathia_01	R125	283.0	353.0	50000.0	1030239.3045857496	18.97787841120949
Bhathia_01	R125	283.0	353.0	50000.0	1066379.442636875	20.01288776132635
Bhathia_01	R125	283.0	353.0	50000.0	1103787.3536923314	20.745666181252655
Bhathia_01	R125	283.0	353.0	50000.0	1142507.5104209343	21.507807277817474
Bhathia_01	R125	283.0	353.0	50000.0	1182585.945564372	22.30036788102513
Bhathia_01	R125	283.0	353.0	50000.0	1224070.3066635653	23.124763616400504
Bhathia_01	R125	283.0	353.0	50000.0	1267009.912704797	23.798715511032636
Bhathia_01	R125	283.0	353.0	50000.0	1311455.8127529488	24.45655298703154
Bhathia_01	R125	283.0	353.0	50000.0	1357460.8466415561	25.141030905108533
Bhathia_01	R125	283.0	353.0	50000.0	1405079.70779183	25.85335459526297
Bhathia_01	R125	283.0	353.0	50000.0	1454369.008235332	26.59473620311995
Bhathia_01	R125	283.0	353.0	50000.0	1505387.3459176025	27.26437608661505
Bhathia_01	R125	283.0	353.0	50000.0	1558195.374362756	27.926479423510347
Bhathia_01	R125	283.0	353.0	50000.0	1612855.874781868	28.61496159075101
Bhathia_01	R125	283.0	353.0	50000.0	1669433.830710877	29.33102274188092
Bhathia_01	R125	283.0	353.0	50000.0	1727996.50526674	30.07590377322525
Bhathia_01	R125	283.0	353.0	50000.0	1788613.5211136676	30.795061161156244
Bhathia_01	R125	283.0	353.0	50000.0	1851356.9432345594	31.505607429242268
Bhathia_01	R125	283.0	353.0	50000.0	1916301.3646059704	32.24369995292595
Bhathia_01	R125	283.0	353.0	50000.0	1983523.9948785233	33.01092553454545
Bhathia_01	R125	283.0	353.0	50000.0	2053104.7521681644	33.80837439472209
Bhathia_01	R125	283.0	353.0	50000.0	2125126.3580674017	34.59270864831803
Bhathia_01	R125	283.0	353.0	50000.0	2199674.4359894753	35.38863231225547
Bhathia_01	R125	283.0	353.0	50000.0	2276837.6129623787	36.21479183958681
Bhathia_01	R125	283.0	353.0	50000.0	2356707.6249937494	37.0723634878899
Bhathia_01	R125	283.0	353.0	50000.0	2439379.426131895	37.955730055815216
Bhathia_01	R125	283.0	353.0	50000.0	2524951.301352604	38.84337331184459
Bhathia_01	R125	283.0	353.0	50000.0	2613524.9834059626	39.76406617048387
Bhathia_01	R125	283.0	353.0	50000.0	2705205.773762079	40.71822266558558
Bhathia_01	R125	283.0	283.0	50000.0	100.0	108.9654664515281
Bhathia_01	R125	283.0	283.0	50000.0	123.41553253454694	108.9654664515281
Bhathia_01	R125	283.0	283.0	50000.0	152.31393670785815	108.78419021827195
Bhathia_01	R125	283.0	283.0	50000.0	187.9790561123359	107.83537884454636
Bhathia_01	R125	283.0	283.0	50000.0	231.9953531544542	106.77830455564107
Bhathia_01	R125	283.0	283.0	50000.0	286.3183005509725	105.59456538917223
Bhathia_01	R125	283.0	283.0	50000.0	353.36125536884737	104.28460442354223
Bhathia_01	R125	283.0	283.0	50000.0	436.10267508422373	102.82634128824546
Bhathia_01	R125	283.0	283.0	50000.0	538.2184388525997	101.21150542690175
Bhathia_01	R125	283.0	283.0	50000.0	664.2451525090609	99.42168175371536
Bhathia_01	R125	283.0	283.0	50000.0	819.7816923039709	97.44460405315499
Bhathia_01	R125	283.0	283.0	50000.0	1011.7379411776668	95.26297311440882
Bhathia_01	R125	283.0	283.0	50000.0	1248.6417679584788	92.86004496713966
Bhathia_01	R125	283.0	283.0	50000.0	1541.0178873747384	90.21906627085951
Bhathia_01	R125	283.0	283.0	50000.0	1901.8554321561603	87.32254399763562
Bhathia_01	R125	283.0	283.0	50000.0	2347.1850096327344	84.15258045276312
Bhathia_01	R125	283.0	283.0	50000.0	2896.7908792092962	80.69140428362692
Bhathia_01	R125	283.0	283.0	50000.0	3575.0898899883373	76.92119238658815
Bhathia_01	R125	283.0	283.0	50000.0	4412.216226317855	72.8242805276252
Bhathia_01	R125	283.0	283.0	50000.0	5445.360152285872	68.3837646522606
Bhathia_01	R125	283.0	283.0	50000.0	6720.420230367625	63.5839214518507
Bhathia_01	R125	283.0	283.0	50000.0	8294.04241586763	58.41104938413358
Bhathia_01	R125	283.0	283.0	50000.0	10236.13661618424	52.85505125197469
Bhathia_01	R125	283.0	283.0	50000.0	12632.982515827533	46.911096400296145
Bhathia_01	R125	283.0	283.0	50000.0	15591.062646904755	40.58248559579766
Bhathia_01	R125	283.0	283.0	50000.0	19241.792993472332	33.88344758582843
Bhathia_01	R125	283.0	283.0	50000.0	23747.361292089023	26.84231265392135
Bhathia_01	R125	283.0	283.0	50000.0	29307.932401534592	19.503839605543106
Bhathia_01	R125	283.0	283.0	50000.0	36170.54084821895	11.93025057997264
Bhathia_01	R125	283.0	283.0	50000.0	44640.065608455254	4.199918477298468
Bhathia_01	R125	283.0	283.0	50000.0	55092.77469444619	3.5965668282519285
Bhathia_01	R125	283.0	283.0	50000.0	67993.04127720889	11.36304958796134
Bhathia_01	R125	283.0	283.0	50000.0	83913.97397870166	19.006449452737986
Bhathia_01	R125	283.0	283.0	50000.0	103562.87785671582	26.446336669601337
Bhathia_01	R125	283.0	283.0	50000.0	127812.67721496821	33.62447694181892
Bhathia_01	R125	283.0	283.0	50000.0	157740.69623151456	40.51484800845911
Bhathia_01	R125	283.0	283.0	50000.0	194676.5202778257	40.92480972878278
Bhathia_01	R125	283.0	283.0	50000.0	240261.06422060388	40.92480972878278
Bhathia_01	R125	283.0	283.0	50000.0	296519.4718810281	40.92480972878278
Bhathia_01	R125	283.0	283.0	50000.0	365951.085290597	40.92480972878278
Bhathia_01	R125	283.0	283.0	50000.0	451640.4807273444	40.92480972878278
Bhathia_01	R125	283.0	283.0	50000.0	557394.5044312399	40.92480972878278
Bhathia_01	R125	283.0	283.0	50000.0	687911.3959621136	40.92480972878278
Bhathia_01	R125	283.0	283.0	50000.0	848989.5126924784	40.92480972878278
Bhathia_01	R125	283.0	283.0	50000.0	1047784.9282518772	40.92480972878278
Bhathia_01	R125	283.0	283.0	50000.0	1293129.349018775	40.92480972878278
Bhathia_01	R125	283.0	283.0	50000.0	1595922.4724520412	40.92480972878278
Bhathia_01	R125	283.0	283.0	50000.0	1969616.2182151948	40.92480972878278
Bhathia_01	R125	283.0	283.0	50000.0	2430812.344597087	40.92480972878278
Bhathia_01	R125	283.0	283.0	50000.0	3000000.000000001	40.92480972878278
Bhathia_01	R125	283.0	303.0	50000.0	100.0	108.9654664515281
Bhathia_01	R125	283.0	303.0	50000.0	123.41553253454694	108.9654664515281
Bhathia_01	R125	283.0	303.0	50000.0	152.31393670785815	108.9654664515281
Bhathia_01	R125	283.0	303.0	50000.0	187.9790561123359	108.9654664515281
Bhathia_01	R125	283.0	303.0	50000.0	231.9953531544542	108.9654664515281
Bhathia_01	R125	283.0	303.0	50000.0	286.3183005509725	108.9654664515281
Bhathia_01	R125	283.0	303.0	50000.0	353.36125536884737	108.9654664515281
Bhathia_01	R125	283.0	303.0	50000.0	436.10267508422373	108.90270241667653
Bhathia_01	R125	283.0	303.0	50000.0	538.2184388525997	107.88369491386185
Bhathia_01	R125	283.0	303.0	50000.0	664.2451525090609	106.73969409098842
Bhathia_01	R125	283.0	303.0	50000.0	819.7816923039709	105.44857517680619
Bhathia_01	R125	283.0	303.0	50000.0	1011.7379411776668	104.0094872672668
Bhathia_01	R125	283.0	303.0	50000.0	1248.6417679584788	102.39554084792782
Bhathia_01	R125	283.0	303.0	50000.0	1541.0178873747384	100.59791781241384
Bhathia_01	R125	283.0	303.0	50000.0	1901.8554321561603	98.59480143865227
Bhathia_01	R125	283.0	303.0	50000.0	2347.1850096327344	96.3702302002919
Bhathia_01	R125	283.0	303.0	50000.0	2896.7908792092962	93.90633432723604
Bhathia_01	R125	283.0	303.0	50000.0	3575.0898899883373	91.1848078691857
Bhathia_01	R125	283.0	303.0	50000.0	4412.216226317855	88.18798350363225
Bhathia_01	R125	283.0	303.0	50000.0	5445.360152285872	84.8978512092452
Bhathia_01	R125	283.0	303.0	50000.0	6720.420230367625	81.2974361394447
Bhathia_01	R125	283.0	303.0	50000.0	8294.04241586763	77.37051333149725
Bhathia_01	R125	283.0	303.0	50000.0	10236.13661618424	73.10138346681605
Bhathia_01	R125	283.0	303.0	50000.0	12632.982515827533	68.47523236653605
Bhathia_01	R125	283.0	303.0	50000.0	15591.062646904755	63.47833990116417
Bhathia_01	R125	283.0	303.0	50000.0	19241.792993472332	58.098606718529055
Bhathia_01	R125	283.0	303.0	50000.0	23747.361292089023	52.32726255648768
Bhathia_01	R125	283.0	303.0	50000.0	29307.932401534592	46.16073095835483
Bhathia_01	R125	283.0	303.0	50000.0	36170.54084821895	39.60449411147379
Bhathia_01	R125	283.0	303.0	50000.0	44640.065608455254	32.677477600231924
Bhathia_01	R125	283.0	303.0	50000.0	55092.77469444619	25.41621342112882
Bhathia_01	R125	283.0	303.0	50000.0	67993.04127720889	17.879006980722245
Bhathia_01	R125	283.0	303.0	50000.0	83913.97397870166	10.147026484481431
Bhathia_01	R125	283.0	303.0	50000.0	103562.87785671582	2.3219932775380814
Bhathia_01	R125	283.0	303.0	50000.0	127812.67721496821	5.480389914759755
Bhathia_01	R125	283.0	303.0	50000.0	157740.69623151456	13.140549996955766
Bhathia_01	R125	283.0	303.0	50000.0	194676.5202778257	20.546933245545016
Bhathia_01	R125	283.0	303.0	50000.0	240261.06422060388	27.60732439573977
Bhathia_01	R125	283.0	303.0	50000.0	296519.4718810281	34.25743231047585
Bhathia_01	R125	283.0	303.0	50000.0	365951.085290597	40.466071411670214
Bhathia_01	R125	283.0	303.0	50000.0	451640.4807273444	40.92480972878278
Bhathia_01	R125	283.0	303.0	50000.0	557394.5044312399	40.92480972878278
Bhathia_01	R125	283.0	303.0	50000.0	687911.3959621136	40.92480972878278
Bhathia_01	R125	283.0	303.0	50000.0	848989.5126924784	40.92480972878278
Bhathia_01	R125	283.0	303.0	50000.0	1047784.9282518772	40.92480972878278
Bhathia_01	R125	283.0	303.0	50000.0	1293129.349018775	40.92480972878278
Bhathia_01	R125	283.0	303.0	50000.0	1595922.4724520412	40.92480972878278
Bhathia_01	R125	283.0	303.0	50000.0	1969616.2182151948	40.92480972878278
Bhathia_01	R125	283.0	303.0	50000.0	2430812.344597087	40.92480972878278
Bhathia_01	R125	283.0	303.0	50000.0	3000000.000000001	40.92480972878278
Bhathia_01	R125	283.0	333.0	50000.0	100.0	108.9654664515281
Bhathia_01	R125	283.0	333.0	50000.0	123.41553253454694	108.9654664515281
Bhathia_01	R125	283.0	333.0	50000.0	152.31393670785815	108.9654664515281
Bhathia_01	R125	283.0	333.0	50000.0	187.9790561123359	108.9654664515281
Bhathia_01	R125	283.0	333.0	50000.0	231.9953531544542	108.9654664515281
Bhathia_01	R125	283.0	333.0	50000.0	286.3183005509725	108.9654664515281
Bhathia_01	R125	283.0	333.0	50000.0	353.36125536884737	108.9654664515281
Bhathia_01	R125	283.0	333.0	50000.0	436.10267508422373	108.9654664515281
Bhathia_01	R125	283.0	333.0	50000.0	538.2184388525997	108.9654664515281
Bhathia_01	R125	283.0	333.0	50000.0	664.2451525090609	108.9654664515281
Bhathia_01	R125	283.0	333.0	50000.0	819.7816923039709	108.9654664515281
Bhathia_01	R125	283.0	333.0	50000.0	1011.7379411776668	108.9654664515281
Bhathia_01	R125	283.0	333.0	50000.0	1248.6417679584788	108.9654664515281
Bhathia_01	R125	283.0	333.0	50000.0	1541.0178873747384	108.9654664515281
Bhathia_01	R125	283.0	333.0	50000.0	1901.8554321561603	107.96952677718204
Bhathia_01	R125	283.0	333.0	50000.0	2347.1850096327344	106.6661451495481
Bhathia_01	R125	283.0	333.0	50000.0	2896.7908792092962	105.19476612032561
Bhathia_01	R125	283.0	333.0	50000.0	3575.0898899883373	103.5553107430817
Bhathia_01	R125	283.0	333.0	50000.0	4412.216226317855	101.72667186247139
Bhathia_01	R125	283.0	333.0	50000.0	5445.360152285872	99.69889210085073
Bhathia_01	R125	283.0	333.0	50000.0	6720.420230367625	97.45772519395886
Bhathia_01	R125	283.0	333.0	50000.0	8294.04241586763	94.98509186500982
Bhathia_01	R125	283.0	333.0	50000.0	10236.13661618424	92.26152850868348
Bhathia_01	R125	283.0	333.0	50000.0	12632.982515827533	89.26409144380497
Bhathia_01	R125	283.0	333.0	50000.0	15591.062646904755	85.96659629013625
Bhathia_01	R125	283.0	333.0	50000.0	19241.792993472332	82.33985876973578
Bhathia_01	R125	283.0	333.0	50000.0	23747.361292089023	78.3532855816156
Bhathia_01	R125	283.0	333.0	50000.0	29307.932401534592	73.97748840720662
Bhathia_01	R125	283.0	333.0	50000.0	36170.54084821895	69.18706476287159
Bhathia_01	R125	283.0	333.0	50000.0	44640.065608455254	63.964453479337706
Bhathia_01	R125	283.0	333.0	50000.0	55092.77469444619	58.30366054183308
Bhathia_01	R125	283.0	333.0	50000.0	67993.04127720889	52.21391979223372
Bhathia_01	R125	283.0	333.0	50000.0	83913.97397870166	45.72186893473799
Bhathia_01	R125	283.0	333.0	50000.0	103562.87785671582	38.87321428537951
Bhathia_01	R125	283.0	333.0	50000.0	127812.67721496821	31.732185924272926
Bhathia_01	R125	283.0	333.0	50000.0	157740.69623151456	24.379298491319915
Bhathia_01	R125	283.0	333.0	50000.0	194676.5202778257	16.907465506013295
Bhathia_01	R125	283.0	333.0	50000.0	240261.06422060388	9.416598850899344
Bhathia_01	R125	283.0	333.0	50000.0	296519.4718810281	2.0072889527188185
Bhathia_01	R125	283.0	333.0	50000.0	365951.085290597	5.225568440633299
Bhathia_01	R125	283.0	333.0	50000.0	451640.4807273444	12.19854500192002
Bhathia_01	R125	283.0	333.0	50000.0	557394.5044312399	18.84402180367079
Bhathia_01	R125	283.0	333.0	50000.0	687911.3959621136	25.112840390896384
Bhathia_01	R125	283.0	333.0	50000.0	848989.5126924784	30.975170064998785
Bhathia_01	R125	283.0	333.0	50000.0	1047784.9282518772	36.41983733278807
Bhathia_01	R125	283.0	333.0	50000.0	1293129.349018775	40.92480972878278
Bhathia_01	R125	283.0	333.0	50000.0	1595922.4724520412	40.92480972878278
Bhathia_01	R125	283.0	333.0	50000.0	1969616.2182151948	40.92480972878278
Bhathia_01	R125	283.0	333.0	50000.0	2430812.344597087	40.92480972878278
Bhathia_01	R125	283.0	333.0	50000.0	3000000.000000001	40.92480972878278
Bhathia_01	R125	283.0	353.0	50000.0	100.0	108.9654664515281
Bhathia_01	R125	283.0	353.0	50000.0	123.41553253454694	108.9654664515281
Bhathia_01	R125	283.0	353.0	50000.0	152.31393670785815	108.9654664515281
Bhathia_01	R125	283.0	353.0	50000.0	187.9790561123359	108.9654664515281
Bhathia_01	R125	283.0	353.0	50000.0	231.9953531544542	108.9654664515281
Bhathia_01	R125	283.0	353.0	50000.0	286.3183005509725	108.9654664515281
Bhathia_01	R125	283.0	353.0	50000.0	353.36125536884737	108.9654664515281
Bhathia_01	R125	283.0	353.0	50000.0	436.10267508422373	108.9654664515281
Bhathia_01	R125	283.0	353.0	50000.0	538.2184388525997	108.9654664515281
Bhathia_01	R125	283.0	353.0	50000.0	664.2451525090609	108.9654664515281
Bhathia_01	R125	283.0	353.0	50000.0	819.7816923039709	108.9654664515281
Bhathia_01	R125	283.0	353.0	50000.0	1011.7379411776668	108.9654664515281
Bhathia_01	R125	283.0	353.0	50000.0	1248.6417679584788	108.9654664515281
Bhathia_01	R125	283.0	353.0	50000.0	1541.0178873747384	108.9654664515281
Bhathia_01	R125	283.0	353.0	50000.0	1901.8554321561603	108.9654664515281
Bhathia_01	R125	283.0	353.0	50000.0	2347.1850096327344	108.9654664515281
Bhathia_01	R125	283.0	353.0	50000.0	2896.7908792092962	108.9654664515281
Bhathia_01	R125	283.0	353.0	50000.0	3575.0898899883373	108.37739024919546
Bhathia_01	R125	283.0	353.0	50000.0	4412.216226317855	107.09465404113358
Bhathia_01	R125	283.0	353.0	50000.0	5445.360152285872	105.62771968268969
Bhathia_01	R125	283.0	353.0	50000.0	6720.420230367625	103.97389525013463
Bhathia_01	R125	283.0	353.0	50000.0	8294.04241586763	102.10626793821015
Bhathia_01	R125	283.0	353.0	50000.0	10236.13661618424	100.01371993446054
Bhathia_01	R125	283.0	353.0	50000.0	12632.982515827533	97.67812046303546
Bhathia_01	R125	283.0	353.0	50000.0	15591.062646904755	95.08303217661933
Bhathia_01	R125	283.0	353.0	50000.0	19241.792993472332	92.21315590501494
Bhathia_01	R125	283.0	353.0	50000.0	23747.361292089023	89.05287671398965
Bhathia_01	R125	283.0	353.0	50000.0	29307.932401534592	85.5860605093245
Bhathia_01	R125	283.0	353.0	50000.0	36170.54084821895	81.79496844782905
Bhathia_01	R125	283.0	353.0	50000.0	44640.065608455254	77.66012064948227
Bhathia_01	R125	283.0	353.0	50000.0	55092.77469444619	73.16082007363055
Bhathia_01	R125	283.0	353.0	50000.0	67993.04127720889	68.27560908812522
Bhathia_01	R125	283.0	353.0	50000.0	83913.97397870166	62.98516737094082
Bhathia_01	R125	283.0	353.0	50000.0	103562.87785671582	57.27599292334743
Bhathia_01	R125	283.0	353.0	50000.0	127812.67721496821	51.145760176431146
Bhathia_01	R125	283.0	353.0	50000.0	157740.69623151456	44.60880385792355
Bhathia_01	R125	283.0	353.0	50000.0	194676.5202778257	37.70157902524545
Bhathia_01	R125	283.0	353.0	50000.0	240261.06422060388	30.48605526417235
Bhathia_01	R125	283.0	353.0	50000.0	296519.4718810281	23.0500989821765
Bhathia_01	R125	283.0	353.0	50000.0	365951.085290597	15.504113668932774
Bhathia_01	R125	283.0	353.0	50000.0	451640.4807273444	7.973588395410507
Bhathia_01	R125	283.0	353.0	50000.0	557394.5044312399	0.5888787379840954
Bhathia_01	R125	283.0	353.0	50000.0	687911.3959621136	6.526153446744045
Bhathia_01	R125	283.0	353.0	50000.0	848989.5126924784	13.264393230494544
Bhathia_01	R125	283.0	353.0	50000.0	1047784.9282518772	19.542888043310363
Bhathia_01	R125	283.0	353.0	50000.0	1293129.349018775	25.306161604571596
Bhathia_01	R125	283.0	353.0	50000.0	1595922.4724520412	30.526242190346327
Bhathia_01	R125	283.0	353.0	50000.0	1969616.2182151948	35.19911798165472
Bhathia_01	R125	283.0	353.0	50000.0	2430812.344597087	39.339954737312624
Bhathia_01	R125	283.0	353.0	50000.0	3000000.000000001	40.92480972878278
