framework	molecule	T_ads_K	T_des_K	P_ads_Pa	P_des_Pa	SD
Bhathia_01	R125	283.0	303.0	50000.0	167.72768206135862	0.10246935775370347
Bhathia_01	R125	283.0	303.0	50000.0	173.6114622255508	0.24478104412537374
Bhathia_01	R125	283.0	303.0	50000.0	179.70164164712898	0.3919400635007643
Bhathia_01	R125	283.0	303.0	50000.0	186.00546068046754	0.5441061150489259
Bhathia_01	R125	283.0	303.0	50000.0	192.53041366695666	0.7014437617629107
Bhathia_01	R125	283.0	303.0	50000.0	199.28425784470534	0.8641225483714141
Bhathia_01	R125	283.0	303.0	50000.0	206.27502257078967	1.0323171196238465
Bhathia_01	R125	283.0	303.0	50000.0	213.51101886701414	1.2062073386934011
Bhathia_01	R125	283.0	303.0	50000.0	221.00084930052978	1.3859784054143451
Bhathia_01	R125	283.0	303.0	50000.0	228.7534182110594	1.5718209740394635
Bhathia_01	R125	283.0	303.0	50000.0	236.77794229688686	1.7639312701704006
Bhathia_01	R125	283.0	303.0	50000.0	245.08396157219659	1.9625112064779935
Bhathia_01	R125	283.0	303.0	50000.0	253.68135070878884	2.1677684967908957
Bhathia_01	R125	283.0	303.0	50000.0	262.58033077565597	2.3799167680890045
Bhathia_01	R125	283.0	303.0	50000.0	271.7914813903746	2.5991756698928694
Bhathia_01	R125	283.0	303.0	50000.0	281.32575329676206	2.825770980491432
Bhathia_01	R125	283.0	303.0	50000.0	291.1944813837476	3.059934709397442
Bhathia_01	R125	283.0	303.0	50000.0	301.4093981609385	3.3019051953630068
Bhathia_01	R125	283.0	303.0	50000.0	311.9826477069	3.5519271992258807
Bhathia_01	R125	283.0	303.0	50000.0	322.92680010673166	3.8102519907907397
Bhathia_01	R125	283.0	303.0	50000.0	334.2548663961052	4.047432825598427
Bhathia_01	R125	283.0	303.0	50000.0	345.9803140295299	4.2727071102237675
Bhathia_01	R125	283.0	303.0	50000.0	358.11708289123294	4.505640326931569
Bhathia_01	R125	283.0	303.0	50000.0	370.67960186769494	4.746479798909062
Bhathia_01	R125	283.0	303.0	50000.0	383.6828060015357	4.995485879373489
Bhathia_01	R125	283.0	303.0	50000.0	397.1421542471496	5.252925427617007
Bhathia_01	R125	283.0	303.0	50000.0	411.0736478491962	5.5190717039397645
Bhathia_01	R125	283.0	303.0	50000.0	425.49384936579753	5.794204223746016
Bhathia_01	R125	283.0	303.0	50000.0	440.41990235905604	5.998441225083572
Bhathia_01	R125	283.0	303.0	50000.0	455.86955177630426	6.148922502324255
Bhathia_01	R125	283.0	303.0	50000.0	471.8611650463152	6.304403313005202
Bhathia_01	R125	283.0	303.0	50000.0	488.41375391555476	6.465038591759953
Bhathia_01	R125	283.0	303.0	50000.0	505.546997050434	6.630987021632141
Bhathia_01	R125	283.0	303.0	50000.0	523.2812634324383	6.80241100848526
Bhathia_01	R125	283.0	303.0	50000.0	541.6376365739385	6.936510853167234
Bhathia_01	R125	283.0	303.0	50000.0	560.6379395834789	7.0590853317815565
Bhathia_01	R125	283.0	303.0	50000.0	580.30476111034	7.185912007619259
Bhathia_01	R125	283.0	303.0	50000.0	600.6614821992193	7.317149657028135
Bhathia_01	R125	283.0	303.0	50000.0	621.7323040869574	7.452930087417751
Bhathia_01	R125	283.0	303.0	50000.0	643.5422769743552	7.5934360574088755
Bhathia_01	R125	283.0	303.0	50000.0	666.1173298072896	7.738800949673313
Bhathia_01	R125	283.0	303.0	50000.0	689.4843011025289	7.8892168422308675
Bhathia_01	R125	283.0	303.0	50000.0	713.670970854901	8.044833531105622
Bhathia_01	R125	283.0	303.0	50000.0	738.7060935637436	8.205850705146107
Bhathia_01	R125	283.0	303.0	50000.0	764.6194324179003	8.372430920908227
Bhathia_01	R125	283.0	303.0	50000.0	791.4417946799063	8.486447797604937
Bhathia_01	R125	283.0	303.0	50000.0	819.2050683114275	8.589928859336268
Bhathia_01	R125	283.0	303.0	50000.0	847.9422598834972	8.697224094303028
Bhathia_01	R125	283.0	303.0	50000.0	877.6875338166207	8.840733893850798
Bhathia_01	R125	283.0	303.0	50000.0	908.4762529973926	9.00785233351427
Bhathia_01	R125	283.0	303.0	50000.0	940.3450208199293	9.180694041181857
Bhathia_01	R125	283.0	303.0	50000.0	973.3317247020778	9.359471406651776
Bhathia_01	R125	283.0	303.0	50000.0	1007.4755811281508	9.544356698320085
Bhathia_01	R125	283.0	303.0	50000.0	1042.817182271731	9.735575753498713
Bhathia_01	R125	283.0	303.0	50000.0	1079.3985442539745	9.889893341026948
Bhathia_01	R125	283.0	303.0	50000.0	1117.2631570947824	9.996780194175765
Bhathia_01	R125	283.0	303.0	50000.0	1156.4560364162314	10.107229747374225
Bhathia_01	R125	283.0	303.0	50000.0	1197.023776959721	10.221376054439965
Bhathia_01	R125	283.0	303.0	50000.0	1239.0146079804795	10.33930639541324
Bhathia_01	R125	283.0	303.0	50000.0	1282.478450585262	10.461164473483482
Bhathia_01	R125	283.0	303.0	50000.0	1327.4669770814253	10.58705264424646
Bhathia_01	R125	283.0	303.0	50000.0	1374.0336724079282	10.7171134014258
Bhathia_01	R125	283.0	303.0	50000.0	1422.2338977212928	10.89673664541828
Bhathia_01	R125	283.0	303.0	50000.0	1472.124956212121	11.020097746775646
Bhathia_01	R125	283.0	303.0	50000.0	1523.766161230411	11.133796930617363
Bhathia_01	R125	283.0	303.0	50000.0	1577.2189068006678	11.251003290069436
Bhathia_01	R125	283.0	303.0	50000.0	1632.5467406106395	11.37181752328144
Bhathia_01	R125	283.0	303.0	50000.0	1689.81543956045	11.496324328710825
Bhathia_01	R125	283.0	303.0	50000.0	1749.093087961948	11.624611102548933
Bhathia_01	R125	283.0	303.0	50000.0	1810.45015848124	11.756763078227356
Bhathia_01	R125	283.0	303.0	50000.0	1873.9595959206342	11.892887803283859
Bhathia_01	R125	283.0	303.0	50000.0	1939.6969039396042	11.961278444411567
Bhathia_01	R125	283.0	303.0	50000.0	2007.7402348178655	12.03122536453498
Bhathia_01	R125	283.0	303.0	50000.0	2078.1704823672853	12.166055101440715
Bhathia_01	R125	283.0	303.0	50000.0	2151.0713781030845	12.308121317826252
Bhathia_01	R125	283.0	303.0	50000.0	2226.529590788659	12.454462204784313
Bhathia_01	R125	283.0	303.0	50000.0	2304.63482947238	12.605187308690471
Bhathia_01	R125	283.0	303.0	50000.0	2385.479950138839	12.760406320696859
Bhathia_01	R125	283.0	303.0	50000.0	2469.161066101381	12.860416241086186
Bhathia_01	R125	283.0	303.0	50000.0	2555.7776622671126	12.961080622069877
Bhathia_01	R125	283.0	303.0	50000.0	2645.43271341026	13.064857501818459
Bhathia_01	R125	283.0	303.0	50000.0	2738.2328065944866	13.171793619621333
Bhathia_01	R125	283.0	303.0	50000.0	2834.2882678897013	13.344524115118066
Bhathia_01	R125	283.0	303.0	50000.0	2933.7132935340187	13.536252242395035
Bhathia_01	R125	283.0	303.0	50000.0	3036.6260856967806	13.683034309375898
Bhathia_01	R125	283.0	303.0	50000.0	3143.1489930040857	13.811705711000178
Bhathia_01	R125	283.0	303.0	50000.0	3253.4086559938396	13.944658648597331
Bhathia_01	R125	283.0	303.0	50000.0	3367.536157673288	14.082029321963569
Bhathia_01	R125	283.0	303.0	50000.0	3485.667179358007	14.22394917117702
Bhathia_01	R125	283.0	303.0	50000.0	3607.9421619776303	14.370557183883157
Bhathia_01	R125	283.0	303.0	50000.0	3734.506473040075	14.503824945617524
Bhathia_01	R125	283.0	303.0	50000.0	3865.5105794527676	14.654540172337072
Bhathia_01	R125	283.0	303.0	50000.0	4001.1102264063275	14.810162270923115
Bhathia_01	R125	283.0	303.0	50000.0	4141.466622533378	14.970834675545161
Bhathia_01	R125	283.0	303.0	50000.0	4286.746631562607	15.136720903551298
Bhathia_01	R125	283.0	303.0	50000.0	4437.122970695934	15.272414164581523
Bhathia_01	R125	283.0	303.0	50000.0	4592.774415944617	15.371468795873207
Bhathia_01	R125	283.0	303.0	50000.0	4753.8860146684265	15.505425700509718
Bhathia_01	R125	283.0	303.0	50000.0	4920.649305570547	15.68502482231989
Bhathia_01	R125	283.0	303.0	50000.0	5093.26254640977	15.870321116590882
Bhathia_01	R125	283.0	303.0	50000.0	5271.9309497006825	16.036938929600016
Bhathia_01	R125	283.0	303.0	50000.0	5456.8669266820625	16.164867785771666
Bhathia_01	R125	283.0	303.0	50000.0	5648.290339843539	16.297032359199168
Bhathia_01	R125	283.0	303.0	50000.0	5846.4287643107255	16.433587945201992
Bhathia_01	R125	283.0	303.0	50000.0	6051.517758399548	16.628052379167546
Bhathia_01	R125	283.0	303.0	50000.0	6263.801143661515	16.802463557047485
Bhathia_01	R125	283.0	303.0	50000.0	6483.531294752719	16.958014331463982
Bhathia_01	R125	283.0	303.0	50000.0	6710.9694394713115	17.118573282288416
Bhathia_01	R125	283.0	303.0	50000.0	6946.385969320071	17.28428408760846
Bhathia_01	R125	283.0	303.0	50000.0	7190.06076096333	17.443681508351464
Bhathia_01	R125	283.0	303.0	50000.0	7442.283508960394	17.613520909492603
Bhathia_01	R125	283.0	303.0	50000.0	7703.354070171016	17.797826435630252
Bhathia_01	R125	283.0	303.0	50000.0	7973.582820242459	17.988244730006045
Bhathia_01	R125	283.0	303.0	50000.0	8253.291022601827	18.178905627938175
Bhathia_01	R125	283.0	303.0	50000.0	8542.811210392447	18.328977974660685
Bhathia_01	R125	283.0	303.0	50000.0	8842.487581808335	18.509980140161193
Bhathia_01	R125	283.0	303.0	50000.0	9152.676409296731	18.72755884084405
Bhathia_01	R125	283.0	303.0	50000.0	9473.746463115214	18.937069714764963
Bhathia_01	R125	283.0	303.0	50000.0	9806.07944974691	19.119909744435805
Bhathia_01	R125	283.0	303.0	50000.0	10150.070465695051	19.309807064043362
Bhathia_01	R125	283.0	303.0	50000.0	10506.128467196331	19.548622794922775
Bhathia_01	R125	283.0	303.0	50000.0	10874.676756411529	19.783699979175555
Bhathia_01	R125	283.0	303.0	50000.0	11256.153484671382	20.01523854320867
Bhathia_01	R125	283.0	303.0	50000.0	11651.012173375993	20.255796513297167
Bhathia_01	R125	283.0	303.0	50000.0	12059.722253167078	20.47597861993821
Bhathia_01	R125	283.0	303.0	50000.0	12482.769622014002	20.747477953893306
Bhathia_01	R125	283.0	303.0	50000.0	12920.657222877158	21.03112310607186
Bhathia_01	R125	283.0	303.0	50000.0	13373.905641635398	21.30555247992377
Bhathia_01	R125	283.0	303.0	50000.0	13843.053725988231	21.537131481900996
Bhathia_01	R125	283.0	303.0	50000.0	14328.65922606916	21.825158365200892
Bhathia_01	R125	283.0	303.0	50000.0	14831.299457530586	22.13695475145421
Bhathia_01	R125	283.0	303.0	50000.0	15351.571987890213	22.398171312020004
Bhathia_01	R125	283.0	303.0	50000.0	15890.095346953078	22.66986244869547
Bhathia_01	R125	283.0	303.0	50000.0	16447.509762155743	22.965300180730083
Bhathia_01	R125	283.0	303.0	50000.0	17024.47791970484	23.248575813813705
Bhathia_01	R125	283.0	303.0	50000.0	17621.68575241697	23.542925363498096
Bhathia_01	R125	283.0	303.0	50000.0	18239.84325519438	23.81633615953001
Bhathia_01	R125	283.0	303.0	50000.0	18879.685329108175	24.082700999989893
Bhathia_01	R125	283.0	303.0	50000.0	19541.972655090256	24.39332212171441
Bhathia_01	R125	283.0	303.0	50000.0	20227.49259827501	24.666254239648598
Bhathia_01	R125	283.0	303.0	50000.0	20937.060144063526	24.908656953796736
Bhathia_01	R125	283.0	303.0	50000.0	21671.518867025392	25.21600261903965
Bhathia_01	R125	283.0	303.0	50000.0	22431.741933788304	25.477365146999148
Bhathia_01	R125	283.0	303.0	50000.0	23218.633141108625	25.7285201687967
Bhathia_01	R125	283.0	303.0	50000.0	24033.127990356785	25.999604199799
Bhathia_01	R125	283.0	303.0	50000.0	24876.194799694935	26.24563097014737
Bhathia_01	R125	283.0	303.0	50000.0	25748.835855269062	26.501294276198642
Bhathia_01	R125	283.0	303.0	50000.0	26652.088602784228	26.730466094657313
Bhathia_01	R125	283.0	303.0	50000.0	27587.026880879475	26.967208319741484
Bhathia_01	R125	283.0	303.0	50000.0	28554.762197768767	27.223929341209246
Bhathia_01	R125	283.0	303.0	50000.0	29556.445052665636	27.415698198522513
Bhathia_01	R125	283.0	303.0	50000.0	30593.266303562625	27.631163325494814
Bhathia_01	R125	283.0	303.0	50000.0	31666.458582991498	27.863389747980808
Bhathia_01	R125	283.0	303.0	50000.0	32777.29776344747	27.999702451936923
Bhathia_01	R125	283.0	303.0	50000.0	33927.104474219595	28.179182394231056
Bhathia_01	R125	283.0	303.0	50000.0	35117.24567143027	28.334483082590957
Bhathia_01	R125	283.0	303.0	50000.0	36349.13626315173	28.435916380748715
Bhathia_01	R125	283.0	303.0	50000.0	37624.240791528864	28.58514102768897
Bhathia_01	R125	283.0	303.0	50000.0	38944.07517391196	28.666263564252013
Bhathia_01	R125	283.0	303.0	50000.0	40310.20850506498	28.735850958988166
Bhathia_01	R125	283.0	303.0	50000.0	41724.264922596594	28.840232442727604
Bhathia_01	R125	283.0	303.0	50000.0	43187.92553782676	28.878746327008177
Bhathia_01	R125	283.0	303.0	50000.0	44702.93043438957	28.919661099499866
Bhathia_01	R125	283.0	303.0	50000.0	46271.08073694302	28.97782905367199
Bhathia_01	R125	283.0	303.0	50000.0	47894.24075245067	28.991665075956718
Bhathia_01	R125	283.0	303.0	50000.0	49574.34018657513	29.019133112802496
Bhathia_01	R125	283.0	303.0	50000.0	51313.376437824336	29.031308650160646
Bhathia_01	R125	283.0	303.0	50000.0	53113.41697217184	29.023499849198487
Bhathia_01	R125	283.0	303.0	50000.0	54976.60178098003	29.04486454108164
Bhathia_01	R125	283.0	303.0	50000.0	56905.14592514396	29.0182759972977
Bhathia_01	R125	283.0	303.0	50000.0	58901.34216848284	28.992122324655444
Bhathia_01	R125	283.0	303.0	50000.0	60967.5637035091	28.996604667598508
Bhathia_01	R125	283.0	303.0	50000.0	63106.2669728156	28.955001009086637
Bhathia_01	R125	283.0	303.0	50000.0	65319.99458943548	28.932030211490417
Bhathia_01	R125	283.0	303.0	50000.0	67611.3783596462	28.909135607086327
Bhathia_01	R125	283.0	303.0	50000.0	69983.14241181171	28.8548659907956
Bhathia_01	R125	283.0	303.0	50000.0	72438.10643498244	28.85764986371013
Bhathia_01	R125	283.0	303.0	50000.0	74979.18903110319	28.793400047338086
Bhathia_01	R125	283.0	303.0	50000.0	77609.41118481442	28.737587148827366
Bhathia_01	R125	283.0	303.0	50000.0	80331.89985497203	28.73211369688239
Bhathia_01	R125	283.0	303.0	50000.0	83149.89169215517	28.660731176594986
Bhathia_01	R125	283.0	303.0	50000.0	86066.7368865822	28.647142032974156
Bhathia_01	R125	283.0	303.0	50000.0	89085.903151008	28.60308036013826
Bhathia_01	R125	283.0	303.0	50000.0	92210.9798433415	28.54802359031072
Bhathia_01	R125	283.0	303.0	50000.0	95445.68223387754	28.57480752447042
Bhathia_01	R125	283.0	303.0	50000.0	98793.85592222596	28.50930010858
Bhathia_01	R125	283.0	303.0	50000.0	102259.48140917791	28.530902504259707
Bhathia_01	R125	283.0	303.0	50000.0	105846.67882895643	28.500563428595797
Bhathia_01	R125	283.0	303.0	50000.0	109559.71284746489	28.409308808417975
Bhathia_01	R125	283.0	303.0	50000.0	113402.99773236972	28.430659796267758
Bhathia_01	R125	283.0	303.0	50000.0	117381.10260103126	28.297242373071736
Bhathia_01	R125	283.0	303.0	50000.0	121498.75685253605	28.21956110675493
Bhathia_01	R125	283.0	303.0	50000.0	125760.85579027371	28.17964205477231
Bhathia_01	R125	283.0	303.0	50000.0	130172.46644175818	28.023872811641972
Bhathia_01	R125	283.0	303.0	50000.0	134738.83358259665	27.92165041909357
Bhathia_01	R125	283.0	303.0	50000.0	139465.3859717822	27.818596234444595
Bhathia_01	R125	283.0	303.0	50000.0	144357.7428057125	27.716662748006186
Bhathia_01	R125	283.0	303.0	50000.0	149421.7203986127	27.56098033181217
Bhathia_01	R125	283.0	303.0	50000.0	154663.33909730316	27.399835355401837
Bhathia_01	R125	283.0	303.0	50000.0	160088.83043853292	27.368358734112608
Bhathia_01	R125	283.0	303.0	50000.0	165704.6445573877	26.225555881783503
Bhathia_01	R125	283.0	303.0	50000.0	171517.45785558026	25.004701297432526
Bhathia_01	R125	283.0	303.0	50000.0	177534.18093873924	23.88227731221606
Bhathia_01	R125	283.0	303.0	50000.0	183761.96683213356	22.71728768646086
Bhathia_01	R125	283.0	303.0	50000.0	190208.21948459864	21.528851987594418
Bhathia_01	R125	283.0	303.0	50000.0	196880.60257077508	20.4172134635085
Bhathia_01	R125	283.0	303.0	50000.0	203787.04860212465	19.258476056946332
Bhathia_01	R125	283.0	303.0	50000.0	210935.76835755422	18.075501179806626
Bhathia_01	R125	283.0	303.0	50000.0	218335.26064486115	16.958233704497964
Bhathia_01	R125	283.0	303.0	50000.0	225994.32240460056	15.791453171348975
Bhathia_01	R125	283.0	303.0	50000.0	233922.05916839777	14.594526009916306
Bhathia_01	R125	283.0	303.0	50000.0	242127.89588411906	13.462904805728886
Bhathia_01	R125	283.0	303.0	50000.0	250621.58812079762	12.282045544448241
Bhathia_01	R125	283.0	303.0	50000.0	259413.23366660537	11.063253396785575
Bhathia_01	R125	283.0	303.0	50000.0	268513.2845336903	9.915896488077108
Bhathia_01	R125	283.0	333.0	50000.0	440.41990235905604	6.078622220694479
Bhathia_01	R125	283.0	333.0	50000.0	455.86955177630426	6.3726138537918855
Bhathia_01	R125	283.0	333.0	50000.0	471.8611650463152	6.676497733098731
Bhathia_01	R125	283.0	333.0	50000.0	488.41375391555476	6.990578928339077
Bhathia_01	R125	283.0	333.0	50000.0	505.546997050434	7.315187104528582
Bhathia_01	R125	283.0	333.0	50000.0	523.2812634324383	7.65066464073845
Bhathia_01	R125	283.0	333.0	50000.0	541.6376365739385	7.95437116146755
Bhathia_01	R125	283.0	333.0	50000.0	560.6379395834789	8.252287503482357
Bhathia_01	R125	283.0	333.0	50000.0	580.30476111034	8.560401206699703
Bhathia_01	R125	283.0	333.0	50000.0	600.6614821992193	8.87904037339477
Bhathia_01	R125	283.0	333.0	50000.0	621.7323040869574	9.208541715053201
Bhathia_01	R125	283.0	333.0	50000.0	643.5422769743552	9.549282618040001
Bhathia_01	R125	283.0	333.0	50000.0	666.1173298072896	9.901612197728133
Bhathia_01	R125	283.0	333.0	50000.0	689.4843011025289	10.265950943039352
Bhathia_01	R125	283.0	333.0	50000.0	713.670970854901	10.642656480978031
Bhathia_01	R125	283.0	333.0	50000.0	738.7060935637436	11.032130161690484
Bhathia_01	R125	283.0	333.0	50000.0	764.6194324179003	11.434831980324807
Bhathia_01	R125	283.0	333.0	50000.0	791.4417946799063	11.792800175541561
Bhathia_01	R125	283.0	333.0	50000.0	819.2050683114275	12.148394163987252
Bhathia_01	R125	283.0	333.0	50000.0	847.9422598834972	12.516109712749964
Bhathia_01	R125	283.0	333.0	50000.0	877.6875338166207	12.896455055386022
Bhathia_01	R125	283.0	333.0	50000.0	908.4762529973926	13.289747996157297
Bhathia_01	R125	283.0	333.0	50000.0	940.3450208199293	13.696480205349337
Bhathia_01	R125	283.0	333.0	50000.0	973.3317247020778	14.11706332512971
Bhathia_01	R125	283.0	333.0	50000.0	1007.4755811281508	14.551953219235145
Bhathia_01	R125	283.0	333.0	50000.0	1042.817182271731	15.001645040773731
Bhathia_01	R125	283.0	333.0	50000.0	1079.3985442539745	15.42315774595981
Bhathia_01	R125	283.0	333.0	50000.0	1117.2631570947824	15.806299848121522
Bhathia_01	R125	283.0	333.0	50000.0	1156.4560364162314	16.202310827812276
Bhathia_01	R125	283.0	333.0	50000.0	1197.023776959721	16.61162810329759
Bhathia_01	R125	283.0	333.0	50000.0	1239.0146079804795	17.03461703033463
Bhathia_01	R125	283.0	333.0	50000.0	1282.478450585262	17.47183741474551
Bhathia_01	R125	283.0	333.0	50000.0	1327.4669770814253	17.92363301035319
Bhathia_01	R125	283.0	333.0	50000.0	1374.0336724079282	18.390471445805
Bhathia_01	R125	283.0	333.0	50000.0	1422.2338977212928	18.872889171445973
Bhathia_01	R125	283.0	333.0	50000.0	1472.124956212121	19.297633251680775
Bhathia_01	R125	283.0	333.0	50000.0	1523.766161230411	19.723012078520988
Bhathia_01	R125	283.0	333.0	50000.0	1577.2189068006678	20.0935633210821
Bhathia_01	R125	283.0	333.0	50000.0	1632.5467406106395	20.39553408349074
Bhathia_01	R125	283.0	333.0	50000.0	1689.81543956045	20.707247963556018
Bhathia_01	R125	283.0	333.0	50000.0	1749.093087961948	21.02930874931484
Bhathia_01	R125	283.0	333.0	50000.0	1810.45015848124	21.361718610201475
Bhathia_01	R125	283.0	333.0	50000.0	1873.9595959206342	21.70496241343371
Bhathia_01	R125	283.0	333.0	50000.0	1939.6969039396042	21.98747265147956
Bhathia_01	R125	283.0	333.0	50000.0	2007.7402348178655	22.278840600588953
Bhathia_01	R125	283.0	333.0	50000.0	2078.1704823672853	22.57978464174521
Bhathia_01	R125	283.0	333.0	50000.0	2151.0713781030845	22.89062437361264
Bhathia_01	R125	283.0	333.0	50000.0	2226.529590788659	23.21154100945726
Bhathia_01	R125	283.0	333.0	50000.0	2304.63482947238	23.543055363665527
Bhathia_01	R125	283.0	333.0	50000.0	2385.479950138839	23.885210446117817
Bhathia_01	R125	283.0	333.0	50000.0	2469.161066101381	24.178741545183048
Bhathia_01	R125	283.0	333.0	50000.0	2555.7776622671126	24.479651671071082
Bhathia_01	R125	283.0	333.0	50000.0	2645.43271341026	24.790605423710108
Bhathia_01	R125	283.0	333.0	50000.0	2738.2328065944866	25.112026014985833
Bhathia_01	R125	283.0	333.0	50000.0	2834.2882678897013	25.444002007776916
Bhathia_01	R125	283.0	333.0	50000.0	2933.7132935340187	25.787149367010013
Bhathia_01	R125	283.0	333.0	50000.0	3036.6260856967806	26.107515147730933
Bhathia_01	R125	283.0	333.0	50000.0	3143.1489930040857	26.440062973961194
Bhathia_01	R125	283.0	333.0	50000.0	3253.4086559938396	26.783606328791027
Bhathia_01	R125	283.0	333.0	50000.0	3367.536157673288	27.138355944437304
Bhathia_01	R125	283.0	333.0	50000.0	3485.667179358007	27.504816522858764
Bhathia_01	R125	283.0	333.0	50000.0	3607.9421619776303	27.883227160451202
Bhathia_01	R125	283.0	333.0	50000.0	3734.506473040075	28.19267241761918
Bhathia_01	R125	283.0	333.0	50000.0	3865.5105794527676	28.505582820986678
Bhathia_01	R125	283.0	333.0	50000.0	4001.1102264063275	28.82881374655523
Bhathia_01	R125	283.0	333.0	50000.0	4141.466622533378	29.16226013186579
Bhathia_01	R125	283.0	333.0	50000.0	4286.746631562607	29.50663193454751
Bhathia_01	R125	283.0	333.0	50000.0	4437.122970695934	29.826395198789402
Bhathia_01	R125	283.0	333.0	50000.0	4592.774415944617	30.11546757466349
Bhathia_01	R125	283.0	333.0	50000.0	4753.8860146684265	30.43269508026374
Bhathia_01	R125	283.0	333.0	50000.0	4920.649305570547	30.786422102745608
Bhathia_01	R125	283.0	333.0	50000.0	5093.26254640977	31.151373115077764
Bhathia_01	R125	283.0	333.0	50000.0	5271.9309497006825	31.503121463489194
Bhathia_01	R125	283.0	333.0	50000.0	5456.8669266820625	31.821977009151002
Bhathia_01	R125	283.0	333.0	50000.0	5648.290339843539	32.15090785508074
Bhathia_01	R125	283.0	333.0	50000.0	5846.4287643107255	32.49022126055532
Bhathia_01	R125	283.0	333.0	50000.0	6051.517758399548	32.84026970911193
Bhathia_01	R125	283.0	333.0	50000.0	6263.801143661515	33.16320011294335
Bhathia_01	R125	283.0	333.0	50000.0	6483.531294752719	33.47210120197164
Bhathia_01	R125	283.0	333.0	50000.0	6710.9694394713115	33.815730136741216
Bhathia_01	R125	283.0	333.0	50000.0	6946.385969320071	34.20484411446536
Bhathia_01	R125	283.0	333.0	50000.0	7190.06076096333	34.59469317436235
Bhathia_01	R125	283.0	333.0	50000.0	7442.283508960394	34.95121686465907
Bhathia_01	R125	283.0	333.0	50000.0	7703.354070171016	35.31922383467589
Bhathia_01	R125	283.0	333.0	50000.0	7973.582820242459	35.69921113094118
Bhathia_01	R125	283.0	333.0	50000.0	8253.291022601827	36.08523952882537
Bhathia_01	R125	283.0	333.0	50000.0	8542.811210392447	36.43668287630941
Bhathia_01	R125	283.0	333.0	50000.0	8842.487581808335	36.80118093486348
Bhathia_01	R125	283.0	333.0	50000.0	9152.676409296731	37.24872964510969
Bhathia_01	R125	283.0	333.0	50000.0	9473.746463115214	37.69539727492924
Bhathia_01	R125	283.0	333.0	50000.0	9806.07944974691	38.122902375979955
Bhathia_01	R125	283.0	333.0	50000.0	10150.070465695051	38.56507970788391
Bhathia_01	R125	283.0	333.0	50000.0	10506.128467196331	39.022500709851656
Bhathia_01	R125	283.0	333.0	50000.0	10874.676756411529	39.45112825647465
Bhathia_01	R125	283.0	333.0	50000.0	11256.153484671382	39.88221005602786
Bhathia_01	R125	283.0	333.0	50000.0	11651.012173375993	40.37668263134728
Bhathia_01	R125	283.0	333.0	50000.0	12059.722253167078	40.894058245916824
Bhathia_01	R125	283.0	333.0	50000.0	12482.769622014002	41.39299822710998
Bhathia_01	R125	283.0	333.0	50000.0	12920.657222877158	41.90966023545931
Bhathia_01	R125	283.0	333.0	50000.0	13373.905641635398	42.42498307552031
Bhathia_01	R125	283.0	333.0	50000.0	13843.053725988231	42.90505822572054
Bhathia_01	R125	283.0	333.0	50000.0	14328.65922606916	43.402600516784354
Bhathia_01	R125	283.0	333.0	50000.0	14831.299457530586	43.95832486694914
Bhathia_01	R125	283.0	333.0	50000.0	15351.571987890213	44.48938462388685
Bhathia_01	R125	283.0	333.0	50000.0	15890.095346953078	45.039659026114656
Bhathia_01	R125	283.0	333.0	50000.0	16447.509762155743	45.58849598133067
Bhathia_01	R125	283.0	333.0	50000.0	17024.47791970484	46.094119356370136
Bhathia_01	R125	283.0	333.0	50000.0	17621.68575241697	46.6185255405892
Bhathia_01	R125	283.0	333.0	50000.0	18239.84325519438	47.166211160340744
Bhathia_01	R125	283.0	333.0	50000.0	18879.685329108175	47.70946648480927
Bhathia_01	R125	283.0	333.0	50000.0	19541.972655090256	48.27245424402332
Bhathia_01	R125	283.0	333.0	50000.0	20227.49259827501	48.806468599488966
Bhathia_01	R125	283.0	333.0	50000.0	20937.060144063526	49.318842661861154
Bhathia_01	R125	283.0	333.0	50000.0	21671.518867025392	49.85029973458977
Bhathia_01	R125	283.0	333.0	50000.0	22431.741933788304	50.3837363110418
Bhathia_01	R125	283.0	333.0	50000.0	23218.633141108625	50.924273467794464
Bhathia_01	R125	283.0	333.0	50000.0	24033.127990356785	51.47904579843633
Bhathia_01	R125	283.0	333.0	50000.0	24876.194799694935	51.966400207465924
Bhathia_01	R125	283.0	333.0	50000.0	25748.835855269062	52.4723703988192
Bhathia_01	R125	283.0	333.0	50000.0	26652.088602784228	53.002364264111094
Bhathia_01	R125	283.0	333.0	50000.0	27587.026880879475	53.51091599512842
Bhathia_01	R125	283.0	333.0	50000.0	28554.762197768767	54.03957563008837
Bhathia_01	R125	283.0	333.0	50000.0	29556.445052665636	54.513702863484866
Bhathia_01	R125	283.0	333.0	50000.0	30593.266303562625	54.98185604083621
Bhathia_01	R125	283.0	333.0	50000.0	31666.458582991498	55.51227269116606
Bhathia_01	R125	283.0	333.0	50000.0	32777.29776344747	55.958736694967065
Bhathia_01	R125	283.0	333.0	50000.0	33927.104474219595	56.423393473966364
Bhathia_01	R125	283.0	333.0	50000.0	35117.24567143027	56.841068401648364
Bhathia_01	R125	283.0	333.0	50000.0	36349.13626315173	57.25803325197502
Bhathia_01	R125	283.0	333.0	50000.0	37624.240791528864	57.71728077294285
Bhathia_01	R125	283.0	333.0	50000.0	38944.07517391196	58.085581508550504
Bhathia_01	R125	283.0	333.0	50000.0	40310.20850506498	58.45424339001867
Bhathia_01	R125	283.0	333.0	50000.0	41724.264922596594	58.85043716242835
Bhathia_01	R125	283.0	333.0	50000.0	43187.92553782676	59.19775096670089
Bhathia_01	R125	283.0	333.0	50000.0	44702.93043438957	59.55989502235073
Bhathia_01	R125	283.0	333.0	50000.0	46271.08073694302	59.875581373557075
Bhathia_01	R125	283.0	333.0	50000.0	47894.24075245067	60.193939655245444
Bhathia_01	R125	283.0	333.0	50000.0	49574.34018657513	60.549847829568904
Bhathia_01	R125	283.0	333.0	50000.0	51313.376437824336	60.82465397970091
Bhathia_01	R125	283.0	333.0	50000.0	53113.41697217184	61.09057544523361
Bhathia_01	R125	283.0	333.0	50000.0	54976.60178098003	61.42765979740446
Bhathia_01	R125	283.0	333.0	50000.0	56905.14592514396	61.6775589829337
Bhathia_01	R125	283.0	333.0	50000.0	58901.34216848284	61.9393385466893
Bhathia_01	R125	283.0	333.0	50000.0	60967.5637035091	62.20351441029868
Bhathia_01	R125	283.0	333.0	50000.0	63106.2669728156	62.45063664273163
Bhathia_01	R125	283.0	333.0	50000.0	65319.99458943548	62.70961188243287
Bhathia_01	R125	283.0	333.0	50000.0	67611.3783596462	62.91271272512449
Bhathia_01	R125	283.0	333.0	50000.0	69983.14241181171	63.158309657550774
Bhathia_01	R125	283.0	333.0	50000.0	72438.10643498244	63.412822292806204
Bhathia_01	R125	283.0	333.0	50000.0	74979.18903110319	63.57429371456106
Bhathia_01	R125	283.0	333.0	50000.0	77609.41118481442	63.81358230596297
Bhathia_01	R125	283.0	333.0	50000.0	80331.89985497203	64.03329624861124
Bhathia_01	R125	283.0	333.0	50000.0	83149.89169215517	64.1964890982959
Bhathia_01	R125	283.0	333.0	50000.0	86066.7368865822	64.43165946040263
Bhathia_01	R125	283.0	333.0	50000.0	89085.903151008	64.62114724323024
Bhathia_01	R125	283.0	333.0	50000.0	92210.9798433415	64.79706624968173
Bhathia_01	R125	283.0	333.0	50000.0	95445.68223387754	65.04227208291506
Bhathia_01	R125	283.0	333.0	50000.0	98793.85592222596	65.21768483646385
Bhathia_01	R125	283.0	333.0	50000.0	102259.48140917791	65.41397502935536
Bhathia_01	R125	283.0	333.0	50000.0	105846.67882895643	65.61072064828416
Bhathia_01	R125	283.0	333.0	50000.0	109559.71284746489	65.72602810592826
Bhathia_01	R125	283.0	333.0	50000.0	113402.99773236972	65.86797182626536
Bhathia_01	R125	283.0	333.0	50000.0	117381.10260103126	65.94622551548282
Bhathia_01	R125	283.0	333.0	50000.0	121498.75685253605	65.96953596198894
Bhathia_01	R125	283.0	333.0	50000.0	125760.85579027371	66.03492560600424
Bhathia_01	R125	283.0	333.0	50000.0	130172.46644175818	66.0213521019756
Bhathia_01	R125	283.0	333.0	50000.0	134738.83358259665	65.94541134204877
Bhathia_01	R125	283.0	333.0	50000.0	139465.3859717822	65.93242891139289
Bhathia_01	R125	283.0	333.0	50000.0	144357.7428057125	65.87589435004232
Bhathia_01	R125	283.0	333.0	50000.0	149421.7203986127	65.70473997803951
Bhathia_01	R125	283.0	333.0	50000.0	154663.33909730316	65.62052307437399
Bhathia_01	R125	283.0	333.0	50000.0	160088.83043853292	65.55235986809322
Bhathia_01	R125	283.0	333.0	50000.0	165704.6445573877	64.36693073560308
Bhathia_01	R125	283.0	333.0	50000.0	171517.45785558026	63.19148984194681
Bhathia_01	R125	283.0	333.0	50000.0	177534.18093873924	61.97462884716372
Bhathia_01	R125	283.0	333.0	50000.0	183761.96683213356	60.761675472601446
Bhathia_01	R125	283.0	333.0	50000.0	190208.21948459864	59.56712985253348
Bhathia_01	R125	283.0	333.0	50000.0	196880.60257077508	58.331062643979635
Bhathia_01	R125	283.0	333.0	50000.0	203787.04860212465	57.131491149630754
Bhathia_01	R125	283.0	333.0	50000.0	210935.76835755422	55.916404116187046
Bhathia_01	R125	283.0	333.0	50000.0	218335.26064486115	54.66602555308794
Bhathia_01	R125	283.0	333.0	50000.0	225994.32240460056	53.47091267223694
Bhathia_01	R125	283.0	333.0	50000.0	233922.05916839777	52.233921809209576
Bhathia_01	R125	283.0	333.0	50000.0	242127.89588411906	50.995134092521184
Bhathia_01	R125	283.0	333.0	50000.0	250621.58812079762	49.77644514515212
Bhathia_01	R125	283.0	333.0	50000.0	259413.23366660537	48.514418733093414
Bhathia_01	R125	283.0	333.0	50000.0	268513.2845336903	47.286326868049265
Bhathia_01	R125	283.0	353.0	50000.0	940.3450208199293	13.696480205349337
Bhathia_01	R125	283.0	353.0	50000.0	973.3317247020778	14.11706332512971
Bhathia_01	R125	283.0	353.0	50000.0	1007.4755811281508	14.551953219235145
Bhathia_01	R125	283.0	353.0	50000.0	1042.817182271731	15.001645040773731
Bhathia_01	R125	283.0	353.0	50000.0	1079.3985442539745	15.42315774595981
Bhathia_01	R125	283.0	353.0	50000.0	1117.2631570947824	15.806299848121522
Bhathia_01	R125	283.0	353.0	50000.0	1156.4560364162314	16.202310827812276
Bhathia_01	R125	283.0	353.0	50000.0	1197.023776959721	16.61162810329759
Bhathia_01	R125	283.0	353.0	50000.0	1239.0146079804795	17.03461703033463
Bhathia_01	R125	283.0	353.0	50000.0	1282.478450585262	17.47183741474551
Bhathia_01	R125	283.0	353.0	50000.0	1327.4669770814253	17.92363301035319
Bhathia_01	R125	283.0	353.0	50000.0	1374.0336724079282	18.390471445805
Bhathia_01	R125	283.0	353.0	50000.0	1422.2338977212928	18.872889171445973
Bhathia_01	R125	283.0	353.0	50000.0	1472.124956212121	19.297633251680775
Bhathia_01	R125	283.0	353.0	50000.0	1523.766161230411	19.723012078520988
Bhathia_01	R125	283.0	353.0	50000.0	1577.2189068006678	20.1625457758227
Bhathia_01	R125	283.0	353.0	50000.0	1632.5467406106395	20.616608673092465
Bhathia_01	R125	283.0	353.0	50000.0	1689.81543956045	21.08586678464429
Bhathia_01	R125	283.0	353.0	50000.0	1749.093087961948	21.570540404684238
Bhathia_01	R125	283.0	353.0	50000.0	1810.45015848124	22.07122363185812
Bhathia_01	R125	283.0	353.0	50000.0	1873.9595959206342	22.58838162233487
Bhathia_01	R125	283.0	353.0	50000.0	1939.6969039396042	23.050663528480346
Bhathia_01	R125	283.0	353.0	50000.0	2007.7402348178655	23.52800216540662
Bhathia_01	R125	283.0	353.0	50000.0	2078.1704823672853	24.02111428509837
Bhathia_01	R125	283.0	353.0	50000.0	2151.0713781030845	24.530564165457715
Bhathia_01	R125	283.0	353.0	50000.0	2226.529590788659	25.05684612963799
Bhathia_01	R125	283.0	353.0	50000.0	2304.63482947238	25.60048140834047
Bhathia_01	R125	283.0	353.0	50000.0	2385.479950138839	26.161923575180968
Bhathia_01	R125	283.0	353.0	50000.0	2469.161066101381	26.68219002674446
Bhathia_01	R125	283.0	353.0	50000.0	2555.7776622671126	27.21740321576749
Bhathia_01	R125	283.0	353.0	50000.0	2645.43271341026	27.770400220852316
Bhathia_01	R125	283.0	353.0	50000.0	2738.2328065944866	28.341856472060126
Bhathia_01	R125	283.0	353.0	50000.0	2834.2882678897013	28.93234241377113
Bhathia_01	R125	283.0	353.0	50000.0	2933.7132935340187	29.54239251206103
Bhathia_01	R125	283.0	353.0	50000.0	3036.6260856967806	30.121467762816373
Bhathia_01	R125	283.0	353.0	50000.0	3143.1489930040857	30.583419160283867
Bhathia_01	R125	283.0	353.0	50000.0	3253.4086559938396	31.00694163987109
Bhathia_01	R125	283.0	353.0	50000.0	3367.536157673288	31.444190147064617
Bhathia_01	R125	283.0	353.0	50000.0	3485.667179358007	31.896145131127923
Bhathia_01	R125	283.0	353.0	50000.0	3607.9421619776303	32.36283953599492
Bhathia_01	R125	283.0	353.0	50000.0	3734.506473040075	32.76352268135421
Bhathia_01	R125	283.0	353.0	50000.0	3865.5105794527676	33.17096482427825
Bhathia_01	R125	283.0	353.0	50000.0	4001.1102264063275	33.59160567279714
Bhathia_01	R125	283.0	353.0	50000.0	4141.466622533378	34.02593996343127
Bhathia_01	R125	283.0	353.0	50000.0	4286.746631562607	34.47436169719123
Bhathia_01	R125	283.0	353.0	50000.0	4437.122970695934	34.90203047428867
Bhathia_01	R125	283.0	353.0	50000.0	4592.774415944617	35.30211564393566
Bhathia_01	R125	283.0	353.0	50000.0	4753.8860146684265	35.71566315881933
Bhathia_01	R125	283.0	353.0	50000.0	4920.649305570547	36.14247868000523
Bhathia_01	R125	283.0	353.0	50000.0	5093.26254640977	36.582931688057954
Bhathia_01	R125	283.0	353.0	50000.0	5271.9309497006825	37.01372021367351
Bhathia_01	R125	283.0	353.0	50000.0	5456.8669266820625	37.41384803781
Bhathia_01	R125	283.0	353.0	50000.0	5648.290339843539	37.833212724528934
Bhathia_01	R125	283.0	353.0	50000.0	5846.4287643107255	38.302970453976755
Bhathia_01	R125	283.0	353.0	50000.0	6051.517758399548	38.7879877950864
Bhathia_01	R125	283.0	353.0	50000.0	6263.801143661515	39.25053581627342
Bhathia_01	R125	283.0	353.0	50000.0	6483.531294752719	39.70377324311265
Bhathia_01	R125	283.0	353.0	50000.0	6710.9694394713115	40.171662225940764
Bhathia_01	R125	283.0	353.0	50000.0	6946.385969320071	40.654967489553826
Bhathia_01	R125	283.0	353.0	50000.0	7190.06076096333	41.14197469838165
Bhathia_01	R125	283.0	353.0	50000.0	7442.283508960394	41.599688212244864
Bhathia_01	R125	283.0	353.0	50000.0	7703.354070171016	42.071997141316956
Bhathia_01	R125	283.0	353.0	50000.0	7973.582820242459	42.56021996636139
Bhathia_01	R125	283.0	353.0	50000.0	8253.291022601827	43.05844542468118
Bhathia_01	R125	283.0	353.0	50000.0	8542.811210392447	43.52591341917235
Bhathia_01	R125	283.0	353.0	50000.0	8842.487581808335	44.06534512969088
Bhathia_01	R125	283.0	353.0	50000.0	9152.676409296731	44.636252263964565
Bhathia_01	R125	283.0	353.0	50000.0	9473.746463115214	45.21012118972726
Bhathia_01	R125	283.0	353.0	50000.0	9806.07944974691	45.768989426907154
Bhathia_01	R125	283.0	353.0	50000.0	10150.070465695051	46.34637322789965
Bhathia_01	R125	283.0	353.0	50000.0	10506.128467196331	46.94335517052464
Bhathia_01	R125	283.0	353.0	50000.0	10874.676756411529	47.515895665500594
Bhathia_01	R125	283.0	353.0	50000.0	11256.153484671382	48.09507352482552
Bhathia_01	R125	283.0	353.0	50000.0	11651.012173375993	48.694421397800866
Bhathia_01	R125	283.0	353.0	50000.0	12059.722253167078	49.28419754039388
Bhathia_01	R125	283.0	353.0	50000.0	12482.769622014002	49.90101780464917
Bhathia_01	R125	283.0	353.0	50000.0	12920.657222877158	50.57147970538537
Bhathia_01	R125	283.0	353.0	50000.0	13373.905641635398	51.24480064028691
Bhathia_01	R125	283.0	353.0	50000.0	13843.053725988231	51.887742409313496
Bhathia_01	R125	283.0	353.0	50000.0	14328.65922606916	52.5528424195829
Bhathia_01	R125	283.0	353.0	50000.0	14831.299457530586	53.223768255935504
Bhathia_01	R125	283.0	353.0	50000.0	15351.571987890213	53.855556598914994
Bhathia_01	R125	283.0	353.0	50000.0	15890.095346953078	54.50925283131631
Bhathia_01	R125	283.0	353.0	50000.0	16447.509762155743	55.16461973673361
Bhathia_01	R125	283.0	353.0	50000.0	17024.47791970484	55.82551487895849
Bhathia_01	R125	283.0	353.0	50000.0	17621.68575241697	56.53078798840063
Bhathia_01	R125	283.0	353.0	50000.0	18239.84325519438	57.228945643931425
Bhathia_01	R125	283.0	353.0	50000.0	18879.685329108175	57.89607855433302
Bhathia_01	R125	283.0	353.0	50000.0	19541.972655090256	58.586810588556446
Bhathia_01	R125	283.0	353.0	50000.0	20227.49259827501	59.25313354268429
Bhathia_01	R125	283.0	353.0	50000.0	20937.060144063526	59.901644401520855
Bhathia_01	R125	283.0	353.0	50000.0	21671.518867025392	60.574338249841595
Bhathia_01	R125	283.0	353.0	50000.0	22431.741933788304	61.25598250105379
Bhathia_01	R125	283.0	353.0	50000.0	23218.633141108625	61.94478763589539
Bhathia_01	R125	283.0	353.0	50000.0	24033.127990356785	62.652750674210886
Bhathia_01	R125	283.0	353.0	50000.0	24876.194799694935	63.2984508934784
Bhathia_01	R125	283.0	353.0	50000.0	25748.835855269062	63.96805614105487
Bhathia_01	R125	283.0	353.0	50000.0	26652.088602784228	64.62610317055314
Bhathia_01	R125	283.0	353.0	50000.0	27587.026880879475	65.26126579978427
Bhathia_01	R125	283.0	353.0	50000.0	28554.762197768767	65.96580196690805
Bhathia_01	R125	283.0	353.0	50000.0	29556.445052665636	66.62173427132873
Bhathia_01	R125	283.0	353.0	50000.0	30593.266303562625	67.27749233805368
Bhathia_01	R125	283.0	353.0	50000.0	31666.458582991498	67.93996268281276
Bhathia_01	R125	283.0	353.0	50000.0	32777.29776344747	68.5226535839006
Bhathia_01	R125	283.0	353.0	50000.0	33927.104474219595	69.14139082068195
Bhathia_01	R125	283.0	353.0	50000.0	35117.24567143027	69.76954313055492
Bhathia_01	R125	283.0	353.0	50000.0	36349.13626315173	70.36097257365637
Bhathia_01	R125	283.0	353.0	50000.0	37624.240791528864	70.97502157755345
Bhathia_01	R125	283.0	353.0	50000.0	38944.07517391196	71.50309032349585
Bhathia_01	R125	283.0	353.0	50000.0	40310.20850506498	72.03608106870033
Bhathia_01	R125	283.0	353.0	50000.0	41724.264922596594	72.61529900397541
Bhathia_01	R125	283.0	353.0	50000.0	43187.92553782676	73.13428445228743
Bhathia_01	R125	283.0	353.0	50000.0	44702.93043438957	73.67386588625956
Bhathia_01	R125	283.0	353.0	50000.0	46271.08073694302	74.17220429868232
Bhathia_01	R125	283.0	353.0	50000.0	47894.24075245067	74.63210682586255
Bhathia_01	R125	283.0	353.0	50000.0	49574.34018657513	75.16015108536065
Bhathia_01	R125	283.0	353.0	50000.0	51313.376437824336	75.62869313114307
Bhathia_01	R125	283.0	353.0	50000.0	53113.41697217184	76.09499351325408
Bhathia_01	R125	283.0	353.0	50000.0	54976.60178098003	76.56758580675492
Bhathia_01	R125	283.0	353.0	50000.0	56905.14592514396	76.96642552559794
Bhathia_01	R125	283.0	353.0	50000.0	58901.34216848284	77.43876050381517
Bhathia_01	R125	283.0	353.0	50000.0	60967.5637035091	77.88561038440966
Bhathia_01	R125	283.0	353.0	50000.0	63106.2669728156	78.28466144659274
Bhathia_01	R125	283.0	353.0	50000.0	65319.99458943548	78.70208933795045
Bhathia_01	R125	283.0	353.0	50000.0	67611.3783596462	79.11241180471923
Bhathia_01	R125	283.0	353.0	50000.0	69983.14241181171	79.52065665555058
Bhathia_01	R125	283.0	353.0	50000.0	72438.10643498244	79.94452652417523
Bhathia_01	R125	283.0	353.0	50000.0	74979.18903110319	80.28240808751409
Bhathia_01	R125	283.0	353.0	50000.0	77609.41118481442	80.68786842255416
Bhathia_01	R125	283.0	353.0	50000.0	80331.89985497203	81.08601237581402
Bhathia_01	R125	283.0	353.0	50000.0	83149.89169215517	81.43648572424794
Bhathia_01	R125	283.0	353.0	50000.0	86066.7368865822	81.80574403906617
Bhathia_01	R125	283.0	353.0	50000.0	89085.903151008	82.18437373177578
Bhathia_01	R125	283.0	353.0	50000.0	92210.9798433415	82.55552878671645
Bhathia_01	R125	283.0	353.0	50000.0	95445.68223387754	82.94104166994383
Bhathia_01	R125	283.0	353.0	50000.0	98793.85592222596	83.27968394935802
Bhathia_01	R125	283.0	353.0	50000.0	102259.48140917791	83.67888458723687
Bhathia_01	R125	283.0	353.0	50000.0	105846.67882895643	84.00573905183633
Bhathia_01	R125	283.0	353.0	50000.0	109559.71284746489	84.25668934341947
Bhathia_01	R125	283.0	353.0	50000.0	113402.99773236972	84.59178414416941
Bhathia_01	R125	283.0	353.0	50000.0	117381.10260103126	84.7831191638664
Bhathia_01	R125	283.0	353.0	50000.0	121498.75685253605	84.92582755571057
Bhathia_01	R125	283.0	353.0	50000.0	125760.85579027371	85.14700669261185
Bhathia_01	R125	283.0	353.0	50000.0	130172.46644175818	85.23459999965779
Bhathia_01	R125	283.0	353.0	50000.0	134738.83358259665	85.26907374192183
Bhathia_01	R125	283.0	353.0	50000.0	139465.3859717822	85.36999483014247
Bhathia_01	R125	283.0	353.0	50000.0	144357.7428057125	85.40721790247922
Bhathia_01	R125	283.0	353.0	50000.0	149421.7203986127	85.33319786584475
Bhathia_01	R125	283.0	353.0	50000.0	154663.33909730316	85.32695878536211
Bhathia_01	R125	283.0	353.0	50000.0	160088.83043853292	85.34624265963097
Bhathia_01	R125	283.0	353.0	50000.0	165704.6445573877	84.23500117426848
Bhathia_01	R125	283.0	353.0	50000.0	171517.45785558026	83.12214036016812
Bhathia_01	R125	283.0	353.0	50000.0	177534.18093873924	81.98312580934628
Bhathia_01	R125	283.0	353.0	50000.0	183761.96683213356	80.80678411445663
Bhathia_01	R125	283.0	353.0	50000.0	190208.21948459864	79.68278000711884
Bhathia_01	R125	283.0	353.0	50000.0	196880.60257077508	78.51912799910465
Bhathia_01	R125	283.0	353.0	50000.0	203787.04860212465	77.3336604238593
Bhathia_01	R125	283.0	353.0	50000.0	210935.76835755422	76.18496406669347
Bhathia_01	R125	283.0	353.0	50000.0	218335.26064486115	74.9977260919372
Bhathia_01	R125	283.0	353.0	50000.0	225994.32240460056	73.81036806799133
Bhathia_01	R125	283.0	353.0	50000.0	233922.05916839777	72.63766417261506
Bhathia_01	R125	283.0	353.0	50000.0	242127.89588411906	71.42376530250056
Bhathia_01	R125	283.0	353.0	50000.0	250621.58812079762	70.23540805667865
Bhathia_01	R125	283.0	353.0	50000.0	259413.23366660537	69.03635782083163
Bhathia_01	R125	283.0	353.0	50000.0	268513.2845336903	67.79553869534467
Bhathia_01	R125	283.0	303.0	50000.0	152.31393670785815	0.18010483226126844
Bhathia_01	R125	283.0	303.0	50000.0	187.9790561123359	1.1291038386028383
Bhathia_01	R125	283.0	303.0	50000.0	231.9953531544542	2.188404642530859
Bhathia_01	R125	283.0	303.0	50000.0	286.3183005509725	3.3666432749838258
Bhathia_01	R125	283.0	303.0	50000.0	353.36125536884737	4.677843293603082
Bhathia_01	R125	283.0	303.0	50000.0	436.10267508422373	6.0715507183413
Bhathia_01	R125	283.0	303.0	50000.0	538.2184388525997	6.668383061901483
Bhathia_01	R125	283.0	303.0	50000.0	664.2451525090609	7.310169859478116
Bhathia_01	R125	283.0	303.0	50000.0	819.7816923039709	8.002021613457277
Bhathia_01	R125	283.0	303.0	50000.0	1011.7379411776668	8.742376653171348
Bhathia_01	R125	283.0	303.0	50000.0	1248.6417679584788	9.533898731424358
Bhathia_01	R125	283.0	303.0	50000.0	1541.0178873747384	10.376096099157067
Bhathia_01	R125	283.0	303.0	50000.0	1901.8554321561603	11.27041227508688
Bhathia_01	R125	283.0	303.0	50000.0	2347.1850096327344	12.216403210907679
Bhathia_01	R125	283.0	303.0	50000.0	2896.7908792092962	13.213973717195756
Bhathia_01	R125	283.0	303.0	50000.0	3575.0898899883373	14.263010563125418
Bhathia_01	R125	283.0	303.0	50000.0	4412.216226317855	15.363034829375096
Bhathia_01	R125	283.0	303.0	50000.0	5445.360152285872	16.513467808186135
Bhathia_01	R125	283.0	303.0	50000.0	6720.420230367625	17.713046881430493
Bhathia_01	R125	283.0	303.0	50000.0	8294.04241586763	18.959033031785278
Bhathia_01	R125	283.0	303.0	50000.0	10236.13661618424	20.24598959926292
Bhathia_01	R125	283.0	303.0	50000.0	12632.982515827533	21.56384950430006
Bhathia_01	R125	283.0	303.0	50000.0	15591.062646904755	22.89560480925262
Bhathia_01	R125	283.0	303.0	50000.0	19241.792993472332	24.214996602636848
Bhathia_01	R125	283.0	303.0	50000.0	23747.361292089023	25.484791880266076
Bhathia_01	R125	283.0	303.0	50000.0	29307.932401534592	26.656776135805078
Bhathia_01	R125	283.0	303.0	50000.0	36170.54084821895	27.674230949272232
Bhathia_01	R125	283.0	303.0	50000.0	44640.065608455254	28.47753840839728
Bhathia_01	R125	283.0	303.0	50000.0	55092.77469444619	29.01279236287306
Bhathia_01	R125	283.0	303.0	50000.0	67993.04127720889	29.24210102668745
Bhathia_01	R125	283.0	303.0	50000.0	83913.97397870166	29.153512581805025
Bhathia_01	R125	283.0	303.0	50000.0	103562.87785671582	28.768349525097985
Bhathia_01	R125	283.0	303.0	50000.0	127812.67721496821	28.14401824045144
Bhathia_01	R125	283.0	303.0	50000.0	157740.69623151456	27.373991226814695
Bhathia_01	R125	283.0	303.0	50000.0	194676.5202778257	20.377554305289028
Bhathia_01	R125	283.0	303.0	50000.0	240261.06422060388	13.317164689006669
Bhathia_01	R125	283.0	303.0	50000.0	296519.4718810281	6.667141528314209
Bhathia_01	R125	283.0	303.0	50000.0	365951.085290597	0.45878814473821794
Bhathia_01	R125	283.0	333.0	50000.0	152.31393670785815	0.18010483226126844
Bhathia_01	R125	283.0	333.0	50000.0	187.9790561123359	1.1291038386028383
Bhathia_01	R125	283.0	333.0	50000.0	231.9953531544542	2.188404642530859
Bhathia_01	R125	283.0	333.0	50000.0	286.3183005509725	3.3666432749838258
Bhathia_01	R125	283.0	333.0	50000.0	353.36125536884737	4.677843293603082
Bhathia_01	R125	283.0	333.0	50000.0	436.10267508422373	6.133947438161732
Bhathia_01	R125	283.0	333.0	50000.0	538.2184388525997	7.7490419300241875
Bhathia_01	R125	283.0	333.0	50000.0	664.2451525090609	9.537146756977798
Bhathia_01	R125	283.0	333.0	50000.0	819.7816923039709	11.514183913766585
Bhathia_01	R125	283.0	333.0	50000.0	1011.7379411776668	13.695588139295166
Bhathia_01	R125	283.0	333.0	50000.0	1248.6417679584788	16.098033333580073
Bhathia_01	R125	283.0	333.0	50000.0	1541.0178873747384	18.738686296053746
Bhathia_01	R125	283.0	333.0	50000.0	1901.8554321561603	20.6405118559942
Bhathia_01	R125	283.0	333.0	50000.0	2347.1850096327344	22.504417781024813
Bhathia_01	R125	283.0	333.0	50000.0	2896.7908792092962	24.49934679433045
Bhathia_01	R125	283.0	333.0	50000.0	3575.0898899883373	26.62862939544014
Bhathia_01	R125	283.0	333.0	50000.0	4412.216226317855	28.899062639114952
Bhathia_01	R125	283.0	333.0	50000.0	5445.360152285872	31.312982129119078
Bhathia_01	R125	283.0	333.0	50000.0	6720.420230367625	33.871623921666895
Bhathia_01	R125	283.0	333.0	50000.0	8294.04241586763	36.57217180954915
Bhathia_01	R125	283.0	333.0	50000.0	10236.13661618424	39.40502954538648
Bhathia_01	R125	283.0	333.0	50000.0	12632.982515827533	42.35190624790469
Bhathia_01	R125	283.0	333.0	50000.0	15591.062646904755	45.38332539387085
Bhathia_01	R125	283.0	333.0	50000.0	19241.792993472332	48.45572933669961
Bhathia_01	R125	283.0	333.0	50000.0	23747.361292089023	51.51047473456046
Bhathia_01	R125	283.0	333.0	50000.0	29307.932401534592	54.47327742179679
Bhathia_01	R125	283.0	333.0	50000.0	36170.54084821895	57.25659311859004
Bhathia_01	R125	283.0	333.0	50000.0	44640.065608455254	59.76460712631799
Bhathia_01	R125	283.0	333.0	50000.0	55092.77469444619	61.90037628840897
Bhathia_01	R125	283.0	333.0	50000.0	67993.04127720889	63.5771682794078
Bhathia_01	R125	283.0	333.0	50000.0	83913.97397870166	64.72868629323729
Bhathia_01	R125	283.0	333.0	50000.0	103562.87785671582	65.32007449646825
Bhathia_01	R125	283.0	333.0	50000.0	127812.67721496821	65.35754600327341
Bhathia_01	R125	283.0	333.0	50000.0	157740.69623151456	64.89525793987536
Bhathia_01	R125	283.0	333.0	50000.0	194676.5202778257	57.83294996042155
Bhathia_01	R125	283.0	333.0	50000.0	240261.06422060388	50.34178682059452
Bhathia_01	R125	283.0	333.0	50000.0	296519.4718810281	42.93218679739082
Bhathia_01	R125	283.0	333.0	50000.0	365951.085290597	35.69915459434466
Bhathia_01	R125	283.0	333.0	50000.0	451640.4807273444	28.726044091870087
Bhathia_01	R125	283.0	333.0	50000.0	557394.5044312399	22.080473183007186
Bhathia_01	R125	283.0	333.0	50000.0	687911.3959621136	15.811633652815381
Bhathia_01	R125	283.0	333.0	50000.0	848989.5126924784	9.949327993214164
Bhathia_01	R125	283.0	333.0	50000.0	1047784.9282518772	4.504847620891159
Bhathia_01	R125	283.0	353.0	50000.0	152.31393670785815	0.18010483226126844
Bhathia_01	R125	283.0	353.0	50000.0	187.9790561123359	1.1291038386028383
Bhathia_01	R125	283.0	353.0	50000.0	231.9953531544542	2.188404642530859
Bhathia_01	R125	283.0	353.0	50000.0	286.3183005509725	3.3666432749838258
Bhathia_01	R125	283.0	353.0	50000.0	353.36125536884737	4.677843293603082
Bhathia_01	R125	283.0	353.0	50000.0	436.10267508422373	6.133947438161732
Bhathia_01	R125	283.0	353.0	50000.0	538.2184388525997	7.7490419300241875
Bhathia_01	R125	283.0	353.0	50000.0	664.2451525090609	9.537146756977798
Bhathia_01	R125	283.0	353.0	50000.0	819.7816923039709	11.514183913766585
Bhathia_01	R125	283.0	353.0	50000.0	1011.7379411776668	13.695588139295166
Bhathia_01	R125	283.0	353.0	50000.0	1248.6417679584788	16.098033333580073
Bhathia_01	R125	283.0	353.0	50000.0	1541.0178873747384	18.738686296053746
Bhathia_01	R125	283.0	353.0	50000.0	1901.8554321561603	21.635030767192315
Bhathia_01	R125	283.0	353.0	50000.0	2347.1850096327344	24.8047369714545
Bhathia_01	R125	283.0	353.0	50000.0	2896.7908792092962	28.265867600474852
Bhathia_01	R125	283.0	353.0	50000.0	3575.0898899883373	31.4506010505841
Bhathia_01	R125	283.0	353.0	50000.0	4412.216226317855	34.26104121244073
Bhathia_01	R125	283.0	353.0	50000.0	5445.360152285872	37.23962797713265
Bhathia_01	R125	283.0	353.0	50000.0	6720.420230367625	40.38430203900973
Bhathia_01	R125	283.0	353.0	50000.0	8294.04241586763	43.692101533563346
Bhathia_01	R125	283.0	353.0	50000.0	10236.13661618424	47.15617540682601
Bhathia_01	R125	283.0	353.0	50000.0	12632.982515827533	50.76481224185648
Bhathia_01	R125	283.0	353.0	50000.0	15591.062646904755	54.49881970626373
Bhathia_01	R125	283.0	353.0	50000.0	19241.792993472332	58.32852236598692
Bhathia_01	R125	283.0	353.0	50000.0	23747.361292089023	62.209800149486135
Bhathia_01	R125	283.0	353.0	50000.0	29307.932401534592	66.08162543290564
Bhathia_01	R125	283.0	353.0	50000.0	36170.54084821895	69.86432845037871
Bhathia_01	R125	283.0	353.0	50000.0	44640.065608455254	73.46009694328771
Bhathia_01	R125	283.0	353.0	50000.0	55092.77469444619	76.75751081223787
Bhathia_01	R125	283.0	353.0	50000.0	67993.04127720889	79.63892675429045
Bhathia_01	R125	283.0	353.0	50000.0	83913.97397870166	81.9922183950187
Bhathia_01	R125	283.0	353.0	50000.0	103562.87785671582	83.72336162431843
Bhathia_01	R125	283.0	353.0	50000.0	127812.67721496821	84.77188016104715
Bhathia_01	R125	283.0	353.0	50000.0	157740.69623151456	85.12573995734188
Bhathia_01	R125	283.0	353.0	50000.0	194676.5202778257	78.62820499326666
Bhathia_01	R125	283.0	353.0	50000.0	240261.06422060388	71.41224584411081
Bhathia_01	R125	283.0	353.0	50000.0	296519.4718810281	63.97578304169975
Bhathia_01	R125	283.0	353.0	50000.0	365951.085290597	56.429551810688885
Bhathia_01	R125	283.0	353.0	50000.0	451640.4807273444	48.898725305951025
Bhathia_01	R125	283.0	353.0	50000.0	557394.5044312399	41.513397835194866
Bhathia_01	R125	283.0	353.0	50000.0	687911.3959621136	34.39852053750194
Bhathia_01	R125	283.0	353.0	50000.0	848989.5126924784	27.660177808936346
Bhathia_01	R125	283.0	353.0	50000.0	1047784.9282518772	21.38155712291574
Bhathia_01	R125	283.0	353.0	50000.0	1293129.349018775	15.618324994203766
Bhathia_01	R125	283.0	353.0	50000.0	1595922.4724520412	10.398320097450265
Bhathia_01	R125	283.0	353.0	50000.0	1969616.2182151948	5.725509557318435
Bhathia_01	R125	283.0	353.0	50000.0	2430812.344597087	1.58491054813532
