framework	molecule	T_ads_K	T_des_K	P_ads_Pa	P_des_Pa	SD
Bhathia_01	R125	283.0	303.0	50000.0	167.72768206135862	0.1005773181476035
Bhathia_01	R125	283.0	303.0	50000.0	173.6114622255508	0.2403257327490952
Bhathia_01	R125	283.0	303.0	50000.0	179.70164164712898	0.3849131752407098
Bhathia_01	R125	283.0	303.0	50000.0	186.00546068046754	0.5345048797348483
Bhathia_01	R125	283.0	303.0	50000.0	192.53041366695666	0.6892715542642736
Bhathia_01	R125	283.0	303.0	50000.0	199.28425784470534	0.8493895497887802
Bhathia_01	R125	283.0	303.0	50000.0	206.27502257078967	1.0150411526877041
Bhathia_01	R125	283.0	303.0	50000.0	213.51101886701414	1.1864146933141733
Bhathia_01	R125	283.0	303.0	50000.0	221.00084930052978	1.3637045393681722
Bhathia_01	R125	283.0	303.0	50000.0	228.7534182110594	1.5471114240009782
Bhathia_01	R125	283.0	303.0	50000.0	236.77794229688686	1.7368426373327053
Bhathia_01	R125	283.0	303.0	50000.0	245.08396157219659	1.9331124484773854
Bhathia_01	R125	283.0	303.0	50000.0	253.68135070878884	2.136142038708102
Bhathia_01	R125	283.0	303.0	50000.0	262.58033077565597	2.346159592859398
Bhathia_01	R125	283.0	303.0	50000.0	271.7914813903746	2.563400673021115
Bhathia_01	R125	283.0	303.0	50000.0	281.32575329676206	2.788108653251203
Bhathia_01	R125	283.0	303.0	50000.0	291.1944813837476	3.0205348003751915
Bhathia_01	R125	283.0	303.0	50000.0	301.4093981609385	3.260938121180951
Bhathia_01	R125	283.0	303.0	50000.0	311.9826477069	3.509585904603643
Bhathia_01	R125	283.0	303.0	50000.0	322.92680010673166	3.7667544395943833
Bhathia_01	R125	283.0	303.0	50000.0	334.2548663961052	4.003086566597423
Bhathia_01	R125	283.0	303.0	50000.0	345.9803140295299	4.227648515598371
Bhathia_01	R125	283.0	303.0	50000.0	358.11708289123294	4.459923045954234
Bhathia_01	R125	283.0	303.0	50000.0	370.67960186769494	4.700169365380493
Bhathia_01	R125	283.0	303.0	50000.0	383.6828060015357	4.948654549976689
Bhathia_01	R125	283.0	303.0	50000.0	397.1421542471496	5.205654168177364
Bhathia_01	R125	283.0	303.0	50000.0	411.0736478491962	5.471453103017893
Bhathia_01	R125	283.0	303.0	50000.0	425.49384936579753	5.746344775183215
Bhathia_01	R125	283.0	303.0	50000.0	440.41990235905604	5.951936905409168
Bhathia_01	R125	283.0	303.0	50000.0	455.86955177630426	6.105014304086494
Bhathia_01	R125	283.0	303.0	50000.0	471.8611650463152	6.263242593189333
Bhathia_01	R125	283.0	303.0	50000.0	488.41375391555476	6.426786876177752
Bhathia_01	R125	283.0	303.0	50000.0	505.546997050434	6.5958179181337515
Bhathia_01	R125	283.0	303.0	50000.0	523.2812634324383	6.7705105283071285
Bhathia_01	R125	283.0	303.0	50000.0	541.6376365739385	6.90790263675792
Bhathia_01	R125	283.0	303.0	50000.0	560.6379395834789	7.033715611149493
Bhathia_01	R125	283.0	303.0	50000.0	580.30476111034	7.163745607204033
Bhathia_01	R125	283.0	303.0	50000.0	600.6614821992193	7.298127456188725
Bhathia_01	R125	283.0	303.0	50000.0	621.7323040869574	7.436999499981167
Bhathia_01	R125	283.0	303.0	50000.0	643.5422769743552	7.580503251695679
Bhathia_01	R125	283.0	303.0	50000.0	666.1173298072896	7.728785255030113
Bhathia_01	R125	283.0	303.0	50000.0	689.4843011025289	7.881995073676667
Bhathia_01	R125	283.0	303.0	50000.0	713.670970854901	8.040287255877386
Bhathia_01	R125	283.0	303.0	50000.0	738.7060935637436	8.20381974624895
Bhathia_01	R125	283.0	303.0	50000.0	764.6194324179003	8.37275531220993
Bhathia_01	R125	283.0	303.0	50000.0	791.4417946799063	8.488816000125047
Bhathia_01	R125	283.0	303.0	50000.0	819.2050683114275	8.594060077718975
Bhathia_01	R125	283.0	303.0	50000.0	847.9422598834972	8.702784105237914
Bhathia_01	R125	283.0	303.0	50000.0	877.6875338166207	8.84731204444579
Bhathia_01	R125	283.0	303.0	50000.0	908.4762529973926	9.015196515201515
Bhathia_01	R125	283.0	303.0	50000.0	940.3450208199293	9.188626691341913
Bhathia_01	R125	283.0	303.0	50000.0	973.3317247020778	9.36777424026519
Bhathia_01	R125	283.0	303.0	50000.0	1007.4755811281508	9.552814556138534
Bhathia_01	R125	283.0	303.0	50000.0	1042.817182271731	9.743928817994655
Bhathia_01	R125	283.0	303.0	50000.0	1079.3985442539745	9.897966914951269
Bhathia_01	R125	283.0	303.0	50000.0	1117.2631570947824	10.004556847389875
Bhathia_01	R125	283.0	303.0	50000.0	1156.4560364162314	10.114653717860955
Bhathia_01	R125	283.0	303.0	50000.0	1197.023776959721	10.228365809540264
Bhathia_01	R125	283.0	303.0	50000.0	1239.0146079804795	10.3458030352183
Bhathia_01	R125	283.0	303.0	50000.0	1282.478450585262	10.467078825044958
Bhathia_01	R125	283.0	303.0	50000.0	1327.4669770814253	10.592308847711267
Bhathia_01	R125	283.0	303.0	50000.0	1374.0336724079282	10.721612645534488
Bhathia_01	R125	283.0	303.0	50000.0	1422.2338977212928	10.900581472962616
Bhathia_01	R125	283.0	303.0	50000.0	1472.124956212121	11.023421082591103
Bhathia_01	R125	283.0	303.0	50000.0	1523.766161230411	11.136766043789178
Bhathia_01	R125	283.0	303.0	50000.0	1577.2189068006678	11.253814763831187
Bhathia_01	R125	283.0	303.0	50000.0	1632.5467406106395	11.374679800660292
Bhathia_01	R125	283.0	303.0	50000.0	1689.81543956045	11.49947580197922
Bhathia_01	R125	283.0	303.0	50000.0	1749.093087961948	11.628321004937344
Bhathia_01	R125	283.0	303.0	50000.0	1810.45015848124	11.76133640087684
Bhathia_01	R125	283.0	303.0	50000.0	1873.9595959206342	11.898645788538738
Bhathia_01	R125	283.0	303.0	50000.0	1939.6969039396042	11.968231038939338
Bhathia_01	R125	283.0	303.0	50000.0	2007.7402348178655	12.039599414540014
Bhathia_01	R125	283.0	303.0	50000.0	2078.1704823672853	12.17622233228209
Bhathia_01	R125	283.0	303.0	50000.0	2151.0713781030845	12.320411698410107
Bhathia_01	R125	283.0	303.0	50000.0	2226.529590788659	12.469258038323767
Bhathia_01	R125	283.0	303.0	50000.0	2304.63482947238	12.622899847381031
Bhathia_01	R125	283.0	303.0	50000.0	2385.479950138839	12.781478538212951
Bhathia_01	R125	283.0	303.0	50000.0	2469.161066101381	12.884858186197395
Bhathia_01	R125	283.0	303.0	50000.0	2555.7776622671126	12.989103250167078
Bhathia_01	R125	283.0	303.0	50000.0	2645.43271341026	13.096698768693589
Bhathia_01	R125	283.0	303.0	50000.0	2738.2328065944866	13.207744549872297
Bhathia_01	R125	283.0	303.0	50000.0	2834.2882678897013	13.38468111080889
Bhathia_01	R125	283.0	303.0	50000.0	2933.7132935340187	13.580663428559314
Bhathia_01	R125	283.0	303.0	50000.0	3036.6260856967806	13.731425171006197
Bhathia_01	R125	283.0	303.0	50000.0	3143.1489930040857	13.8639258958971
Bhathia_01	R125	283.0	303.0	50000.0	3253.4086559938396	14.000677483583324
Bhathia_01	R125	283.0	303.0	50000.0	3367.536157673288	14.141806414709713
Bhathia_01	R125	283.0	303.0	50000.0	3485.667179358007	14.28744222185999
Bhathia_01	R125	283.0	303.0	50000.0	3607.9421619776303	14.437718712056249
Bhathia_01	R125	283.0	303.0	50000.0	3734.506473040075	14.574206663580668
Bhathia_01	R125	283.0	303.0	50000.0	3865.5105794527676	14.728118184338058
Bhathia_01	R125	283.0	303.0	50000.0	4001.1102264063275	14.886967904775657
Bhathia_01	R125	283.0	303.0	50000.0	4141.466622533378	15.050903291348483
Bhathia_01	R125	283.0	303.0	50000.0	4286.746631562607	15.220076641406964
Bhathia_01	R125	283.0	303.0	50000.0	4437.122970695934	15.358847917570682
Bhathia_01	R125	283.0	303.0	50000.0	4592.774415944617	15.460659908713723
Bhathia_01	R125	283.0	303.0	50000.0	4753.8860146684265	15.597458266489948
Bhathia_01	R125	283.0	303.0	50000.0	4920.649305570547	15.7801634907364
Bhathia_01	R125	283.0	303.0	50000.0	5093.26254640977	15.968714952892537
Bhathia_01	R125	283.0	303.0	50000.0	5271.9309497006825	16.138529534724846
Bhathia_01	R125	283.0	303.0	50000.0	5456.8669266820625	16.26933527428121
Bhathia_01	R125	283.0	303.0	50000.0	5648.290339843539	16.40437032145538
Bhathia_01	R125	283.0	303.0	50000.0	5846.4287643107255	16.543768103904874
Bhathia_01	R125	283.0	303.0	50000.0	6051.517758399548	16.741533270543634
Bhathia_01	R125	283.0	303.0	50000.0	6263.801143661515	16.9192436078747
Bhathia_01	R125	283.0	303.0	50000.0	6483.531294752719	17.0780081050129
Bhathia_01	R125	283.0	303.0	50000.0	6710.9694394713115	17.241913949657317
Bhathia_01	R125	283.0	303.0	50000.0	6946.385969320071	17.41112644061792
Bhathia_01	R125	283.0	303.0	50000.0	7190.06076096333	17.5740760651214
Bhathia_01	R125	283.0	303.0	50000.0	7442.283508960394	17.74739083784296
Bhathia_01	R125	283.0	303.0	50000.0	7703.354070171016	17.93521448019576
Bhathia_01	R125	283.0	303.0	50000.0	7973.582820242459	18.129145229072787
Bhathia_01	R125	283.0	303.0	50000.0	8253.291022601827	18.323274112415568
Bhathia_01	R125	283.0	303.0	50000.0	8542.811210392447	18.476269714612855
Bhathia_01	R125	283.0	303.0	50000.0	8842.487581808335	18.66004106049142
Bhathia_01	R125	283.0	303.0	50000.0	9152.676409296731	18.880118126453112
Bhathia_01	R125	283.0	303.0	50000.0	9473.746463115214	19.091525048561742
Bhathia_01	R125	283.0	303.0	50000.0	9806.07944974691	19.275293670238597
Bhathia_01	R125	283.0	303.0	50000.0	10150.070465695051	19.465218087758807
Bhathia_01	R125	283.0	303.0	50000.0	10506.128467196331	19.703400598317604
Bhathia_01	R125	283.0	303.0	50000.0	10874.676756411529	19.93687473227368
Bhathia_01	R125	283.0	303.0	50000.0	11256.153484671382	20.165527194769716
Bhathia_01	R125	283.0	303.0	50000.0	11651.012173375993	20.401888363813246
Bhathia_01	R125	283.0	303.0	50000.0	12059.722253167078	20.61643653936948
Bhathia_01	R125	283.0	303.0	50000.0	12482.769622014002	20.88139302971649
Bhathia_01	R125	283.0	303.0	50000.0	12920.657222877158	21.15705983773225
Bhathia_01	R125	283.0	303.0	50000.0	13373.905641635398	21.42201989452237
Bhathia_01	R125	283.0	303.0	50000.0	13843.053725988231	21.642623217828824
Bhathia_01	R125	283.0	303.0	50000.0	14328.65922606916	21.91840967423767
Bhathia_01	R125	283.0	303.0	50000.0	14831.299457530586	22.21678942769582
Bhathia_01	R125	283.0	303.0	50000.0	15351.571987890213	22.463403518564473
Bhathia_01	R125	283.0	303.0	50000.0	15890.095346953078	22.718877237979815
Bhathia_01	R125	283.0	303.0	50000.0	16447.509762155743	22.996969089448996
Bhathia_01	R125	283.0	303.0	50000.0	17024.47791970484	23.26240765161531
Bhathia_01	R125	283.0	303.0	50000.0	17621.68575241697	23.53755647496787
Bhathia_01	R125	283.0	303.0	50000.0	18239.84325519438	23.79074825339712
Bhathia_01	R125	283.0	303.0	50000.0	18879.685329108175	24.0364829223271
Bhathia_01	R125	283.0	303.0	50000.0	19541.972655090256	24.325663094379998
Bhathia_01	R125	283.0	303.0	50000.0	20227.49259827501	24.576752527737707
Bhathia_01	R125	283.0	303.0	50000.0	20937.060144063526	24.79685874947911
Bhathia_01	R125	283.0	303.0	50000.0	21671.518867025392	25.08144254854358
Bhathia_01	R125	283.0	303.0	50000.0	22431.741933788304	25.320574222155415
Bhathia_01	R125	283.0	303.0	50000.0	23218.633141108625	25.54930853453814
Bhathia_01	R125	283.0	303.0	50000.0	24033.127990356785	25.79775962884379
Bhathia_01	R125	283.0	303.0	50000.0	24876.194799694935	26.02254665715948
Bhathia_01	R125	283.0	303.0	50000.0	25748.835855269062	26.257014634592856
Bhathia_01	R125	283.0	303.0	50000.0	26652.088602784228	26.465775360713167
Bhathia_01	R125	283.0	303.0	50000.0	27587.026880879475	26.683368902623226
Bhathia_01	R125	283.0	303.0	50000.0	28554.762197768767	26.921499081156433
Bhathia_01	R125	283.0	303.0	50000.0	29556.445052665636	27.096496501176055
Bhathia_01	R125	283.0	303.0	50000.0	30593.266303562625	27.296185880621326
Bhathia_01	R125	283.0	303.0	50000.0	31666.458582991498	27.51379855314075
Bhathia_01	R125	283.0	303.0	50000.0	32777.29776344747	27.63815157854046
Bhathia_01	R125	283.0	303.0	50000.0	33927.104474219595	27.806828680460427
Bhathia_01	R125	283.0	303.0	50000.0	35117.24567143027	27.953581924145386
Bhathia_01	R125	283.0	303.0	50000.0	36349.13626315173	28.04898756187389
Bhathia_01	R125	283.0	303.0	50000.0	37624.240791528864	28.1938132223143
Bhathia_01	R125	283.0	303.0	50000.0	38944.07517391196	28.273565335421242
Bhathia_01	R125	283.0	303.0	50000.0	40310.20850506498	28.344253114326357
Bhathia_01	R125	283.0	303.0	50000.0	41724.264922596594	28.45190570160997
Bhathia_01	R125	283.0	303.0	50000.0	43187.92553782676	28.496774057758397
Bhathia_01	R125	283.0	303.0	50000.0	44702.93043438957	28.54692505936844
Bhathia_01	R125	283.0	303.0	50000.0	46271.08073694302	28.616695825484687
Bhathia_01	R125	283.0	303.0	50000.0	47894.24075245067	28.645313611861148
Bhathia_01	R125	283.0	303.0	50000.0	49574.34018657513	28.69082222836815
Bhathia_01	R125	283.0	303.0	50000.0	51313.376437824336	28.723279218482205
Bhathia_01	R125	283.0	303.0	50000.0	53113.41697217184	28.739125688688404
Bhathia_01	R125	283.0	303.0	50000.0	54976.60178098003	28.787150471756238
Bhathia_01	R125	283.0	303.0	50000.0	56905.14592514396	28.789314404855286
Bhathia_01	R125	283.0	303.0	50000.0	58901.34216848284	28.7954861338478
Bhathia_01	R125	283.0	303.0	50000.0	60967.5637035091	28.834412067917874
Bhathia_01	R125	283.0	303.0	50000.0	63106.2669728156	28.82974357189978
Bhathia_01	R125	283.0	303.0	50000.0	65319.99458943548	28.84719897505359
Bhathia_01	R125	283.0	303.0	50000.0	67611.3783596462	28.86616616199465
Bhathia_01	R125	283.0	303.0	50000.0	69983.14241181171	28.85698893595698
Bhathia_01	R125	283.0	303.0	50000.0	72438.10643498244	28.90800401946096
Bhathia_01	R125	283.0	303.0	50000.0	74979.18903110319	28.892908111972105
Bhathia_01	R125	283.0	303.0	50000.0	77609.41118481442	28.88995636638196
Bhathia_01	R125	283.0	303.0	50000.0	80331.89985497203	28.939080757164568
Bhathia_01	R125	283.0	303.0	50000.0	83149.89169215517	28.923238069728626
Bhathia_01	R125	283.0	303.0	50000.0	86066.7368865822	28.967383589479397
Bhathia_01	R125	283.0	303.0	50000.0	89085.903151008	28.979254762041275
Bhathia_01	R125	283.0	303.0	50000.0	92210.9798433415	28.975913579061043
Bhathia_01	R125	283.0	303.0	50000.0	95445.68223387754	29.04963027060008
Bhathia_01	R125	283.0	303.0	50000.0	98793.85592222596	29.02223836565818
Bhathia_01	R125	283.0	303.0	50000.0	102259.48140917791	29.073896158056712
Bhathia_01	R125	283.0	303.0	50000.0	105846.67882895643	29.064092192031197
Bhathia_01	R125	283.0	303.0	50000.0	109559.71284746489	28.984869649783025
Bhathia_01	R125	283.0	303.0	50000.0	113402.99773236972	29.011484428763524
Bhathia_01	R125	283.0	303.0	50000.0	117381.10260103126	28.875938196059927
Bhathia_01	R125	283.0	303.0	50000.0	121498.75685253605	28.791929557958788
Bhathia_01	R125	283.0	303.0	50000.0	125760.85579027371	28.741610802776
Bhathia_01	R125	283.0	303.0	50000.0	130172.46644175818	28.571701705584452
Bhathia_01	R125	283.0	303.0	50000.0	134738.83358259665	28.454533081975683
Bhathia_01	R125	283.0	303.0	50000.0	139465.3859717822	28.334561602010925
Bhathia_01	R125	283.0	303.0	50000.0	144357.7428057125	28.215129188361605
Bhathia_01	R125	283.0	303.0	50000.0	149421.7203986127	28.042112994546965
Bhathia_01	R125	283.0	303.0	50000.0	154663.33909730316	27.86338498483443
Bhathia_01	R125	283.0	303.0	50000.0	160088.83043853292	27.81757003998523
Bhathia_01	R125	283.0	303.0	50000.0	165704.6445573877	26.642955608492638
Bhathia_01	R125	283.0	303.0	50000.0	171517.45785558026	25.385702077791155
Bhathia_01	R125	283.0	303.0	50000.0	177534.18093873924	24.227847754527804
Bhathia_01	R125	283.0	303.0	50000.0	183761.96683213356	23.02431628063293
Bhathia_01	R125	283.0	303.0	50000.0	190208.21948459864	21.794775134591433
Bhathia_01	R125	283.0	303.0	50000.0	196880.60257077508	20.645783383901932
Bhathia_01	R125	283.0	303.0	50000.0	203787.04860212465	19.45119873515356
Bhathia_01	R125	283.0	303.0	50000.0	210935.76835755422	18.23467571586926
Bhathia_01	R125	283.0	303.0	50000.0	218335.26064486115	17.089956712074212
Bhathia_01	R125	283.0	303.0	50000.0	225994.32240460056	15.89956657795248
Bhathia_01	R125	283.0	303.0	50000.0	233922.05916839777	14.683514850402588
Bhathia_01	R125	283.0	303.0	50000.0	242127.89588411906	13.537986629218194
Bhathia_01	R125	283.0	303.0	50000.0	250621.58812079762	12.346513826160477
Bhathia_01	R125	283.0	303.0	50000.0	259413.23366660537	11.120659573895775
Bhathia_01	R125	283.0	303.0	50000.0	268513.2845336903	9.968955250536188
Bhathia_01	R125	283.0	333.0	50000.0	440.41990235905604	6.03063167252945
Bhathia_01	R125	283.0	333.0	50000.0	455.86955177630426	6.3246263738275665
Bhathia_01	R125	283.0	333.0	50000.0	471.8611650463152	6.628650890950656
Bhathia_01	R125	283.0	333.0	50000.0	488.41375391555476	6.943036861939384
Bhathia_01	R125	283.0	333.0	50000.0	505.546997050434	7.268127369643369
Bhathia_01	R125	283.0	333.0	50000.0	523.2812634324383	7.604274737567356
Bhathia_01	R125	283.0	333.0	50000.0	541.6376365739385	7.908700799091389
Bhathia_01	R125	283.0	333.0	50000.0	560.6379395834789	8.207316504722463
Bhathia_01	R125	283.0	333.0	50000.0	580.30476111034	8.5161141288754
Bhathia_01	R125	283.0	333.0	50000.0	600.6614821992193	8.835430832048708
Bhathia_01	R125	283.0	333.0	50000.0	621.7323040869574	9.165613832103666
Bhathia_01	R125	283.0	333.0	50000.0	643.5422769743552	9.507020570233685
Bhathia_01	R125	283.0	333.0	50000.0	666.1173298072896	9.86002050988851
Bhathia_01	R125	283.0	333.0	50000.0	689.4843011025289	10.224993343898113
Bhathia_01	R125	283.0	333.0	50000.0	713.670970854901	10.60233071005135
Bhathia_01	R125	283.0	333.0	50000.0	738.7060935637436	10.992436317841324
Bhathia_01	R125	283.0	333.0	50000.0	764.6194324179003	11.395725572558645
Bhathia_01	R125	283.0	333.0	50000.0	791.4417946799063	11.754181823954873
Bhathia_01	R125	283.0	333.0	50000.0	819.2050683114275	12.110132744093796
Bhathia_01	R125	283.0	333.0	50000.0	847.9422598834972	12.4781532492493
Bhathia_01	R125	283.0	333.0	50000.0	877.6875338166207	12.85863729861258
Bhathia_01	R125	283.0	333.0	50000.0	908.4762529973926	13.251992201451438
Bhathia_01	R125	283.0	333.0	50000.0	940.3450208199293	13.658635738171824
Bhathia_01	R125	283.0	333.0	50000.0	973.3317247020778	14.07900003444988
Bhathia_01	R125	283.0	333.0	50000.0	1007.4755811281508	14.51352878559408
Bhathia_01	R125	283.0	333.0	50000.0	1042.817182271731	14.96267902028276
Bhathia_01	R125	283.0	333.0	50000.0	1079.3985442539745	15.383587301890849
Bhathia_01	R125	283.0	333.0	50000.0	1117.2631570947824	15.766175610519392
Bhathia_01	R125	283.0	333.0	50000.0	1156.4560364162314	16.161703498780454
Bhathia_01	R125	283.0	333.0	50000.0	1197.023776959721	16.57059201594258
Bhathia_01	R125	283.0	333.0	50000.0	1239.0146079804795	16.993274318627737
Bhathia_01	R125	283.0	333.0	50000.0	1282.478450585262	17.430197431398586
Bhathia_01	R125	283.0	333.0	50000.0	1327.4669770814253	17.881820716813277
Bhathia_01	R125	283.0	333.0	50000.0	1374.0336724079282	18.348617597617114
Bhathia_01	R125	283.0	333.0	50000.0	1422.2338977212928	18.831075183704172
Bhathia_01	R125	283.0	333.0	50000.0	1472.124956212121	19.255989442688264
Bhathia_01	R125	283.0	333.0	50000.0	1523.766161230411	19.68170575568142
Bhathia_01	R125	283.0	333.0	50000.0	1577.2189068006678	20.054087596961857
Bhathia_01	R125	283.0	333.0	50000.0	1632.5467406106395	20.359504338264006
Bhathia_01	R125	283.0	333.0	50000.0	1689.81543956045	20.6750270249729
Bhathia_01	R125	283.0	333.0	50000.0	1749.093087961948	21.000978142732357
Bhathia_01	R125	283.0	333.0	50000.0	1810.45015848124	21.337675568171164
Bhathia_01	R125	283.0	333.0	50000.0	1873.9595959206342	21.685452995776302
Bhathia_01	R125	283.0	333.0	50000.0	1939.6969039396042	21.97250517235792
Bhathia_01	R125	283.0	333.0	50000.0	2007.7402348178655	22.268558864724444
Bhathia_01	R125	283.0	333.0	50000.0	2078.1704823672853	22.57436256386106
Bhathia_01	R125	283.0	333.0	50000.0	2151.0713781030845	22.890216259964042
Bhathia_01	R125	283.0	333.0	50000.0	2226.529590788659	23.21642923116897
Bhathia_01	R125	283.0	333.0	50000.0	2304.63482947238	23.55331672650441
Bhathia_01	R125	283.0	333.0	50000.0	2385.479950138839	23.901204166753114
Bhathia_01	R125	283.0	333.0	50000.0	2469.161066101381	24.200143784838232
Bhathia_01	R125	283.0	333.0	50000.0	2555.7776622671126	24.50639064071679
Bhathia_01	R125	283.0	333.0	50000.0	2645.43271341026	24.822630177315062
Bhathia_01	R125	283.0	333.0	50000.0	2738.2328065944866	25.14916493885153
Bhathia_01	R125	283.0	333.0	50000.0	2834.2882678897013	25.486304780206687
Bhathia_01	R125	283.0	333.0	50000.0	2933.7132935340187	25.83436820363396
Bhathia_01	R125	283.0	333.0	50000.0	3036.6260856967806	26.159279435316577
Bhathia_01	R125	283.0	333.0	50000.0	3143.1489930040857	26.49603270369088
Bhathia_01	R125	283.0	333.0	50000.0	3253.4086559938396	26.843735791972318
Bhathia_01	R125	283.0	333.0	50000.0	3367.536157673288	27.202723895502814
Bhathia_01	R125	283.0	333.0	50000.0	3485.667179358007	27.573334335753895
Bhathia_01	R125	283.0	333.0	50000.0	3607.9421619776303	27.955915978565002
Bhathia_01	R125	283.0	333.0	50000.0	3734.506473040075	28.269097718596388
Bhathia_01	R125	283.0	333.0	50000.0	3865.5105794527676	28.585866611348077
Bhathia_01	R125	283.0	333.0	50000.0	4001.1102264063275	28.91288364719473
Bhathia_01	R125	283.0	333.0	50000.0	4141.466622533378	29.25045775409875
Bhathia_01	R125	283.0	333.0	50000.0	4286.746631562607	29.598902737018175
Bhathia_01	R125	283.0	333.0	50000.0	4437.122970695934	29.92275309300296
Bhathia_01	R125	283.0	333.0	50000.0	4592.774415944617	30.215618843462913
Bhathia_01	R125	283.0	333.0	50000.0	4753.8860146684265	30.537000977655413
Bhathia_01	R125	283.0	333.0	50000.0	4920.649305570547	30.895135622652433
Bhathia_01	R125	283.0	333.0	50000.0	5093.26254640977	31.264800232202642
Bhathia_01	R125	283.0	333.0	50000.0	5271.9309497006825	31.62158368260455
Bhathia_01	R125	283.0	333.0	50000.0	5456.8669266820625	31.945387285657297
Bhathia_01	R125	283.0	333.0	50000.0	5648.290339843539	32.27962534466573
Bhathia_01	R125	283.0	333.0	50000.0	5846.4287643107255	32.62461680557252
Bhathia_01	R125	283.0	333.0	50000.0	6051.517758399548	32.98068584514041
Bhathia_01	R125	283.0	333.0	50000.0	6263.801143661515	33.30979793233548
Bhathia_01	R125	283.0	333.0	50000.0	6483.531294752719	33.62481578862114
Bhathia_01	R125	283.0	333.0	50000.0	6710.9694394713115	33.97481683339131
Bhathia_01	R125	283.0	333.0	50000.0	6946.385969320071	34.37079743961417
Bhathia_01	R125	283.0	333.0	50000.0	7190.06076096333	34.767758778210194
Bhathia_01	R125	283.0	333.0	50000.0	7442.283508960394	35.13123784064157
Bhathia_01	R125	283.0	333.0	50000.0	7703.354070171016	35.506438896641185
Bhathia_01	R125	283.0	333.0	50000.0	7973.582820242459	35.89371889177369
Bhathia_01	R125	283.0	333.0	50000.0	8253.291022601827	36.287352630565664
Bhathia_01	R125	283.0	333.0	50000.0	8542.811210392447	36.64617738929995
Bhathia_01	R125	283.0	333.0	50000.0	8842.487581808335	37.017902081037064
Bhathia_01	R125	283.0	333.0	50000.0	9152.676409296731	37.472498809755784
Bhathia_01	R125	283.0	333.0	50000.0	9473.746463115214	37.92587620221793
Bhathia_01	R125	283.0	333.0	50000.0	9806.07944974691	38.3592829760045
Bhathia_01	R125	283.0	333.0	50000.0	10150.070465695051	38.806779294028395
Bhathia_01	R125	283.0	333.0	50000.0	10506.128467196331	39.268772582848776
Bhathia_01	R125	283.0	333.0	50000.0	10874.676756411529	39.70096191009834
Bhathia_01	R125	283.0	333.0	50000.0	11256.153484671382	40.13465706643021
Bhathia_01	R125	283.0	333.0	50000.0	11651.012173375993	40.630709029734334
Bhathia_01	R125	283.0	333.0	50000.0	12059.722253167078	41.14837855472011
Bhathia_01	R125	283.0	333.0	50000.0	12482.769622014002	41.64638087199118
Bhathia_01	R125	283.0	333.0	50000.0	12920.657222877158	42.160795727220915
Bhathia_01	R125	283.0	333.0	50000.0	13373.905641635398	42.67211689422503
Bhathia_01	R125	283.0	333.0	50000.0	13843.053725988231	43.14691275977974
Bhathia_01	R125	283.0	333.0	50000.0	14328.65922606916	43.63761746481211
Bhathia_01	R125	283.0	333.0	50000.0	14831.299457530586	44.18497836796131
Bhathia_01	R125	283.0	333.0	50000.0	15351.571987890213	44.706645076617995
Bhathia_01	R125	283.0	333.0	50000.0	15890.095346953078	45.24595410668521
Bhathia_01	R125	283.0	333.0	50000.0	16447.509762155743	45.78226242907525
Bhathia_01	R125	283.0	333.0	50000.0	17024.47791970484	46.27433075552697
Bhathia_01	R125	283.0	333.0	50000.0	17621.68575241697	46.78344042100751
Bhathia_01	R125	283.0	333.0	50000.0	18239.84325519438	47.314802762767606
Bhathia_01	R125	283.0	333.0	50000.0	18879.685329108175	47.84102493213409
Bhathia_01	R125	283.0	333.0	50000.0	19541.972655090256	48.38573583856379
Bhathia_01	R125	283.0	333.0	50000.0	20227.49259827501	48.90065903429905
Bhathia_01	R125	283.0	333.0	50000.0	20937.060144063526	49.39320246594211
Bhathia_01	R125	283.0	333.0	50000.0	21671.518867025392	49.90361812117077
Bhathia_01	R125	283.0	333.0	50000.0	22431.741933788304	50.41610560890547
Bhathia_01	R125	283.0	333.0	50000.0	23218.633141108625	50.934939896907906
Bhathia_01	R125	283.0	333.0	50000.0	24033.127990356785	51.4671562939063
Bhathia_01	R125	283.0	333.0	50000.0	24876.194799694935	51.93223238555197
Bhathia_01	R125	283.0	333.0	50000.0	25748.835855269062	52.41509908917713
Bhathia_01	R125	283.0	333.0	50000.0	26652.088602784228	52.9220759506733
Bhathia_01	R125	283.0	333.0	50000.0	27587.026880879475	53.40766188570639
Bhathia_01	R125	283.0	333.0	50000.0	28554.762197768767	53.912291964005135
Bhathia_01	R125	283.0	333.0	50000.0	29556.445052665636	54.36293689029886
Bhathia_01	R125	283.0	333.0	50000.0	30593.266303562625	54.80737990239397
Bhathia_01	R125	283.0	333.0	50000.0	31666.458582991498	55.31406067127988
Bhathia_01	R125	283.0	333.0	50000.0	32777.29776344747	55.737588624296464
Bhathia_01	R125	283.0	333.0	50000.0	33927.104474219595	56.1790538535098
Bhathia_01	R125	283.0	333.0	50000.0	35117.24567143027	56.57422271778365
Bhathia_01	R125	283.0	333.0	50000.0	36349.13626315173	56.96972222440821
Bhathia_01	R125	283.0	333.0	50000.0	37624.240791528864	57.40794223076958
Bhathia_01	R125	283.0	333.0	50000.0	38944.07517391196	57.756884339033405
Bhathia_01	R125	283.0	333.0	50000.0	40310.20850506498	58.10680987227117
Bhathia_01	R125	283.0	333.0	50000.0	41724.264922596594	58.485684689019905
Bhathia_01	R125	283.0	333.0	50000.0	43187.92553782676	58.81770068285274
Bhathia_01	R125	283.0	333.0	50000.0	44702.93043438957	59.16600710406305
Bhathia_01	R125	283.0	333.0	50000.0	46271.08073694302	59.46955303948738
Bhathia_01	R125	283.0	333.0	50000.0	47894.24075245067	59.778126405687956
Bhathia_01	R125	283.0	333.0	50000.0	49574.34018657513	60.12666342994558
Bhathia_01	R125	283.0	333.0	50000.0	51313.376437824336	60.39633353033041
Bhathia_01	R125	283.0	333.0	50000.0	53113.41697217184	60.65945592877552
Bhathia_01	R125	283.0	333.0	50000.0	54976.60178098003	60.997116496863235
Bhathia_01	R125	283.0	333.0	50000.0	56905.14592514396	61.24983670131679
Bhathia_01	R125	283.0	333.0	50000.0	58901.34216848284	61.517520754766046
Bhathia_01	R125	283.0	333.0	50000.0	60967.5637035091	61.79077433058302
Bhathia_01	R125	283.0	333.0	50000.0	63106.2669728156	62.04992709564067
Bhathia_01	R125	283.0	333.0	50000.0	65319.99458943548	62.32487916303345
Bhathia_01	R125	283.0	333.0	50000.0	67611.3783596462	62.54685379715639
Bhathia_01	R125	283.0	333.0	50000.0	69983.14241181171	62.81523024897424
Bhathia_01	R125	283.0	333.0	50000.0	72438.10643498244	63.09732899307029
Bhathia_01	R125	283.0	333.0	50000.0	74979.18903110319	63.288781285623045
Bhathia_01	R125	283.0	333.0	50000.0	77609.41118481442	63.563221205560005
Bhathia_01	R125	283.0	333.0	50000.0	80331.89985497203	63.82240394154236
Bhathia_01	R125	283.0	333.0	50000.0	83149.89169215517	64.02795077397899
Bhathia_01	R125	283.0	333.0	50000.0	86066.7368865822	64.31039544965213
Bhathia_01	R125	283.0	333.0	50000.0	89085.903151008	64.5476188889257
Bhathia_01	R125	283.0	333.0	50000.0	92210.9798433415	64.7704722037387
Bhathia_01	R125	283.0	333.0	50000.0	95445.68223387754	65.06099232072872
Bhathia_01	R125	283.0	333.0	50000.0	98793.85592222596	65.27651050879128
Bhathia_01	R125	283.0	333.0	50000.0	102259.48140917791	65.50875332934618
Bhathia_01	R125	283.0	333.0	50000.0	105846.67882895643	65.73519005824691
Bhathia_01	R125	283.0	333.0	50000.0	109559.71284746489	65.87582499675295
Bhathia_01	R125	283.0	333.0	50000.0	113402.99773236972	66.04032710806943
Bhathia_01	R125	283.0	333.0	50000.0	117381.10260103126	66.13770674546167
Bhathia_01	R125	283.0	333.0	50000.0	121498.75685253605	66.1788593305145
Bhathia_01	R125	283.0	333.0	50000.0	125760.85579027371	66.26207731081757
Bhathia_01	R125	283.0	333.0	50000.0	130172.46644175818	66.26624368351517
Bhathia_01	R125	283.0	333.0	50000.0	134738.83358259665	66.20987372343596
Bhathia_01	R125	283.0	333.0	50000.0	139465.3859717822	66.2182781393797
Bhathia_01	R125	283.0	333.0	50000.0	144357.7428057125	66.18484320207303
Bhathia_01	R125	283.0	333.0	50000.0	149421.7203986127	66.03944327177453
Bhathia_01	R125	283.0	333.0	50000.0	154663.33909730316	65.9847730977348
Bhathia_01	R125	283.0	333.0	50000.0	160088.83043853292	65.95015878751727
Bhathia_01	R125	283.0	333.0	50000.0	165704.6445573877	64.78447591347549
Bhathia_01	R125	283.0	333.0	50000.0	171517.45785558026	63.62723094327188
Bhathia_01	R125	283.0	333.0	50000.0	177534.18093873924	62.4290136913151
Bhathia_01	R125	283.0	333.0	50000.0	183761.96683213356	61.234273417254165
Bhathia_01	R125	283.0	333.0	50000.0	190208.21948459864	60.05821957381707
Bhathia_01	R125	283.0	333.0	50000.0	196880.60257077508	58.840056382060666
Bhathia_01	R125	283.0	333.0	50000.0	203787.04860212465	57.657141105805465
Bhathia_01	R125	283.0	333.0	50000.0	210935.76835755422	56.45953559099141
Bhathia_01	R125	283.0	333.0	50000.0	218335.26064486115	55.22517267952529
Bhathia_01	R125	283.0	333.0	50000.0	225994.32240460056	54.04563657751606
Bhathia_01	R125	283.0	333.0	50000.0	233922.05916839777	52.823040380982484
Bhathia_01	R125	283.0	333.0	50000.0	242127.89588411906	51.597340005246664
Bhathia_01	R125	283.0	333.0	50000.0	250621.58812079762	50.390330100795225
Bhathia_01	R125	283.0	333.0	50000.0	259413.23366660537	49.138701706652036
Bhathia_01	R125	283.0	333.0	50000.0	268513.2845336903	47.91910145688383
Bhathia_01	R125	283.0	353.0	50000.0	940.3450208199293	13.658635738171824
Bhathia_01	R125	283.0	353.0	50000.0	973.3317247020778	14.07900003444988
Bhathia_01	R125	283.0	353.0	50000.0	1007.4755811281508	14.51352878559408
Bhathia_01	R125	283.0	353.0	50000.0	1042.817182271731	14.96267902028276
Bhathia_01	R125	283.0	353.0	50000.0	1079.3985442539745	15.383587301890849
Bhathia_01	R125	283.0	353.0	50000.0	1117.2631570947824	15.766175610519392
Bhathia_01	R125	283.0	353.0	50000.0	1156.4560364162314	16.161703498780454
Bhathia_01	R125	283.0	353.0	50000.0	1197.023776959721	16.57059201594258
Bhathia_01	R125	283.0	353.0	50000.0	1239.0146079804795	16.993274318627737
Bhathia_01	R125	283.0	353.0	50000.0	1282.478450585262	17.430197431398586
Bhathia_01	R125	283.0	353.0	50000.0	1327.4669770814253	17.881820716813277
Bhathia_01	R125	283.0	353.0	50000.0	1374.0336724079282	18.348617597617114
Bhathia_01	R125	283.0	353.0	50000.0	1422.2338977212928	18.831075183704172
Bhathia_01	R125	283.0	353.0	50000.0	1472.124956212121	19.255989442688264
Bhathia_01	R125	283.0	353.0	50000.0	1523.766161230411	19.68170575568142
Bhathia_01	R125	283.0	353.0	50000.0	1577.2189068006678	20.12176340697097
Bhathia_01	R125	283.0	353.0	50000.0	1632.5467406106395	20.57662288623134
Bhathia_01	R125	283.0	353.0	50000.0	1689.81543956045	21.046765276986495
Bhathia_01	R125	283.0	353.0	50000.0	1749.093087961948	21.53267839224637
Bhathia_01	R125	283.0	353.0	50000.0	1810.45015848124	22.0348675215427
Bhathia_01	R125	283.0	353.0	50000.0	1873.9595959206342	22.55385271813287
Bhathia_01	R125	283.0	353.0	50000.0	1939.6969039396042	23.018023063393244
Bhathia_01	R125	283.0	353.0	50000.0	2007.7402348178655	23.49730645905978
Bhathia_01	R125	283.0	353.0	50000.0	2078.1704823672853	23.992658283682047
Bhathia_01	R125	283.0	353.0	50000.0	2151.0713781030845	24.50459306014919
Bhathia_01	R125	283.0	353.0	50000.0	2226.529590788659	25.03363972596783
Bhathia_01	R125	283.0	353.0	50000.0	2304.63482947238	25.580342936165284
Bhathia_01	R125	283.0	353.0	50000.0	2385.479950138839	26.145262659729735
Bhathia_01	R125	283.0	353.0	50000.0	2469.161066101381	26.668694270210032
Bhathia_01	R125	283.0	353.0	50000.0	2555.7776622671126	27.20714570806438
Bhathia_01	R125	283.0	353.0	50000.0	2645.43271341026	27.7635581400514
Bhathia_01	R125	283.0	353.0	50000.0	2738.2328065944866	28.338503428059894
Bhathia_01	R125	283.0	353.0	50000.0	2834.2882678897013	28.932566652489466
Bhathia_01	R125	283.0	353.0	50000.0	2933.7132935340187	29.546350514563176
Bhathia_01	R125	283.0	353.0	50000.0	3036.6260856967806	30.12899630054171
Bhathia_01	R125	283.0	353.0	50000.0	3143.1489930040857	30.59635129070142
Bhathia_01	R125	283.0	353.0	50000.0	3253.4086559938396	31.02633378109927
Bhathia_01	R125	283.0	353.0	50000.0	3367.536157673288	31.470372097305894
Bhathia_01	R125	283.0	353.0	50000.0	3485.667179358007	31.928895266337662
Bhathia_01	R125	283.0	353.0	50000.0	3607.9421619776303	32.40234379010937
Bhathia_01	R125	283.0	353.0	50000.0	3734.506473040075	32.80944142124715
Bhathia_01	R125	283.0	353.0	50000.0	3865.5105794527676	33.2232724627555
Bhathia_01	R125	283.0	353.0	50000.0	4001.1102264063275	33.65059705933438
Bhathia_01	R125	283.0	353.0	50000.0	4141.466622533378	34.091827139532256
Bhathia_01	R125	283.0	353.0	50000.0	4286.746631562607	34.54738532625557
Bhathia_01	R125	283.0	353.0	50000.0	4437.122970695934	34.981909079394946
Bhathia_01	R125	283.0	353.0	50000.0	4592.774415944617	35.38912559133862
Bhathia_01	R125	283.0	353.0	50000.0	4753.8860146684265	35.80957475025492
Bhathia_01	R125	283.0	353.0	50000.0	4920.649305570547	36.24365908422648
Bhathia_01	R125	283.0	353.0	50000.0	5093.26254640977	36.691793766052626
Bhathia_01	R125	283.0	353.0	50000.0	5271.9309497006825	37.129641351426145
Bhathia_01	R125	283.0	353.0	50000.0	5456.8669266820625	37.537180753505794
Bhathia_01	R125	283.0	353.0	50000.0	5648.290339843539	37.963682382394225
Bhathia_01	R125	283.0	353.0	50000.0	5846.4287643107255	38.44074996426529
Bhathia_01	R125	283.0	353.0	50000.0	6051.517758399548	38.93321583885157
Bhathia_01	R125	283.0	353.0	50000.0	6263.801143661515	39.40328979120112
Bhathia_01	R125	283.0	353.0	50000.0	6483.531294752719	39.86383874244049
Bhathia_01	R125	283.0	353.0	50000.0	6710.9694394713115	40.33929631131036
Bhathia_01	R125	283.0	353.0	50000.0	6946.385969320071	40.83010340331493
Bhathia_01	R125	283.0	353.0	50000.0	7190.06076096333	41.32499664162948
Bhathia_01	R125	283.0	353.0	50000.0	7442.283508960394	41.789614457180704
Bhathia_01	R125	283.0	353.0	50000.0	7703.354070171016	42.26924455402261
Bhathia_01	R125	283.0	353.0	50000.0	7973.582820242459	42.7643580103511
Bhathia_01	R125	283.0	353.0	50000.0	8253.291022601827	43.26931926068565
Bhathia_01	R125	283.0	353.0	50000.0	8542.811210392447	43.74307859438457
Bhathia_01	R125	283.0	353.0	50000.0	8842.487581808335	44.28841633300916
Bhathia_01	R125	283.0	353.0	50000.0	9152.676409296731	44.86494917157757
Bhathia_01	R125	283.0	353.0	50000.0	9473.746463115214	45.444240052416426
Bhathia_01	R125	283.0	353.0	50000.0	9806.07944974691	46.00765973621758
Bhathia_01	R125	283.0	353.0	50000.0	10150.070465695051	46.58935415961777
Bhathia_01	R125	283.0	353.0	50000.0	10506.128467196331	47.18990516088636
Bhathia_01	R125	283.0	353.0	50000.0	10874.676756411529	47.76510414034326
Bhathia_01	R125	283.0	353.0	50000.0	11256.153484671382	48.34639464621941
Bhathia_01	R125	283.0	353.0	50000.0	11651.012173375993	48.946623485989136
Bhathia_01	R125	283.0	353.0	50000.0	12059.722253167078	49.536606359658904
Bhathia_01	R125	283.0	353.0	50000.0	12482.769622014002	50.15254474457099
Bhathia_01	R125	283.0	353.0	50000.0	12920.657222877158	50.82110972859909
Bhathia_01	R125	283.0	353.0	50000.0	13373.905641635398	51.49152993631134
Bhathia_01	R125	283.0	353.0	50000.0	13843.053725988231	52.13053148784755
Bhathia_01	R125	283.0	353.0	50000.0	14328.65922606916	52.790689521633496
Bhathia_01	R125	283.0	353.0	50000.0	14831.299457530586	53.45554227472331
Bhathia_01	R125	283.0	353.0	50000.0	15351.571987890213	54.0803571855165
Bhathia_01	R125	283.0	353.0	50000.0	15890.095346953078	54.72611808607565
Bhathia_01	R125	283.0	353.0	50000.0	16447.509762155743	55.37226792212539
Bhathia_01	R125	283.0	353.0	50000.0	17024.47791970484	56.0234516780585
Bhathia_01	R125	283.0	353.0	50000.0	17621.68575241697	56.717818103014714
Bhathia_01	R125	283.0	353.0	50000.0	18239.84325519438	57.4036770074041
Bhathia_01	R125	283.0	353.0	50000.0	18879.685329108175	58.057787865334284
Bhathia_01	R125	283.0	353.0	50000.0	19541.972655090256	58.734451964894056
Bhathia_01	R125	283.0	353.0	50000.0	20227.49259827501	59.38553274976045
Bhathia_01	R125	283.0	353.0	50000.0	20937.060144063526	60.01853702986288
Bhathia_01	R125	283.0	353.0	50000.0	21671.518867025392	60.673849819995496
Bhathia_01	R125	283.0	353.0	50000.0	22431.741933788304	61.33836389105297
Bhathia_01	R125	283.0	353.0	50000.0	23218.633141108625	62.00876950184651
Bhathia_01	R125	283.0	353.0	50000.0	24033.127990356785	62.69735549728212
Bhathia_01	R125	283.0	353.0	50000.0	24876.194799694935	63.32374566917735
Bhathia_01	R125	283.0	353.0	50000.0	25748.835855269062	63.97300401497339
Bhathia_01	R125	283.0	353.0	50000.0	26652.088602784228	64.61018319365452
Bhathia_01	R125	283.0	353.0	50000.0	27587.026880879475	65.22454002627745
Bhathia_01	R125	283.0	353.0	50000.0	28554.762197768767	65.90755687355926
Bhathia_01	R125	283.0	353.0	50000.0	29556.445052665636	66.54219307401144
Bhathia_01	R125	283.0	353.0	50000.0	30593.266303562625	67.17642176477892
Bhathia_01	R125	283.0	353.0	50000.0	31666.458582991498	67.81711348833107
Bhathia_01	R125	283.0	353.0	50000.0	32777.29776344747	68.37884717280102
Bhathia_01	R125	283.0	353.0	50000.0	33927.104474219595	68.97674906730519
Bhathia_01	R125	283.0	353.0	50000.0	35117.24567143027	69.58506383412546
Bhathia_01	R125	283.0	353.0	50000.0	36349.13626315173	70.15781254962454
Bhathia_01	R125	283.0	353.0	50000.0	37624.240791528864	70.7537397278185
Bhathia_01	R125	283.0	353.0	50000.0	38944.07517391196	71.26541587640126
Bhathia_01	R125	283.0	353.0	50000.0	40310.20850506498	71.7832203138867
Bhathia_01	R125	283.0	353.0	50000.0	41724.264922596594	72.34886071650098
Bhathia_01	R125	283.0	353.0	50000.0	43187.92553782676	72.85655082585617
Bhathia_01	R125	283.0	353.0	50000.0	44702.93043438957	73.38605709316313
Bhathia_01	R125	283.0	353.0	50000.0	46271.08073694302	73.87662858138391
Bhathia_01	R125	283.0	353.0	50000.0	47894.24075245067	74.33066279007423
Bhathia_01	R125	283.0	353.0	50000.0	49574.34018657513	74.85526575523278
Bhathia_01	R125	283.0	353.0	50000.0	51313.376437824336	75.3224310699389
Bhathia_01	R125	283.0	353.0	50000.0	53113.41697217184	75.78942075782909
Bhathia_01	R125	283.0	353.0	50000.0	54976.60178098003	76.2651461632111
Bhathia_01	R125	283.0	353.0	50000.0	56905.14592514396	76.66864946108537
Bhathia_01	R125	283.0	353.0	50000.0	58901.34216848284	77.14855895641698
Bhathia_01	R125	283.0	353.0	50000.0	60967.5637035091	77.60500520555186
Bhathia_01	R125	283.0	353.0	50000.0	63106.2669728156	78.01573475240542
Bhathia_01	R125	283.0	353.0	50000.0	65319.99458943548	78.44742335928582
Bhathia_01	R125	283.0	353.0	50000.0	67611.3783596462	78.87411231692721
Bhathia_01	R125	283.0	353.0	50000.0	69983.14241181171	79.3012931474711
Bhathia_01	R125	283.0	353.0	50000.0	72438.10643498244	79.74769712283167
Bhathia_01	R125	283.0	353.0	50000.0	74979.18903110319	80.10916101385776
Bhathia_01	R125	283.0	353.0	50000.0	77609.41118481442	80.54148490659752
Bhathia_01	R125	283.0	353.0	50000.0	80331.89985497203	80.9710480956778
Bhathia_01	R125	283.0	353.0	50000.0	83149.89169215517	81.35304733628426
Bhathia_01	R125	283.0	353.0	50000.0	86066.7368865822	81.75776947657154
Bhathia_01	R125	283.0	353.0	50000.0	89085.903151008	82.17040138817819
Bhathia_01	R125	283.0	353.0	50000.0	92210.9798433415	82.57508217427952
Bhathia_01	R125	283.0	353.0	50000.0	95445.68223387754	82.99177292848194
Bhathia_01	R125	283.0	353.0	50000.0	98793.85592222596	83.35244609677318
Bhathia_01	R125	283.0	353.0	50000.0	102259.48140917791	83.77024137300809
Bhathia_01	R125	283.0	353.0	50000.0	105846.67882895643	84.11019191363505
Bhathia_01	R125	283.0	353.0	50000.0	109559.71284746489	84.36819177611595
Bhathia_01	R125	283.0	353.0	50000.0	113402.99773236972	84.70570776030524
Bhathia_01	R125	283.0	353.0	50000.0	117381.10260103126	84.89850740097098
Bhathia_01	R125	283.0	353.0	50000.0	121498.75685253605	85.03966542765428
Bhathia_01	R125	283.0	353.0	50000.0	125760.85579027371	85.25932954300052
Bhathia_01	R125	283.0	353.0	50000.0	130172.46644175818	85.34843324299888
Bhathia_01	R125	283.0	353.0	50000.0	134738.83358259665	85.38148316911203
Bhathia_01	R125	283.0	353.0	50000.0	139465.3859717822	85.4877114190349
Bhathia_01	R125	283.0	353.0	50000.0	144357.7428057125	85.53105377198976
Bhathia_01	R125	283.0	353.0	50000.0	149421.7203986127	85.46691274460855
Bhathia_01	R125	283.0	353.0	50000.0	154663.33909730316	85.47676220789069
Bhathia_01	R125	283.0	353.0	50000.0	160088.83043853292	85.51322638819458
Bhathia_01	R125	283.0	353.0	50000.0	165704.6445573877	84.40873051914186
Bhathia_01	R125	283.0	353.0	50000.0	171517.45785558026	83.30345672028004
Bhathia_01	R125	283.0	353.0	50000.0	177534.18093873924	82.17297584810397
Bhathia_01	R125	283.0	353.0	50000.0	183761.96683213356	81.0055294199302
Bhathia_01	R125	283.0	353.0	50000.0	190208.21948459864	79.8916921274432
Bhathia_01	R125	283.0	353.0	50000.0	196880.60257077508	78.74024451911754
Bhathia_01	R125	283.0	353.0	50000.0	203787.04860212465	77.56838915715694
Bhathia_01	R125	283.0	353.0	50000.0	210935.76835755422	76.43384370736902
Bhathia_01	R125	283.0	353.0	50000.0	218335.26064486115	75.2606657619028
Bhathia_01	R125	283.0	353.0	50000.0	225994.32240460056	74.08805910849722
Bhathia_01	R125	283.0	353.0	50000.0	233922.05916839777	72.93131202401632
Bhathia_01	R125	283.0	353.0	50000.0	242127.89588411906	71.7347503840319
Bhathia_01	R125	283.0	353.0	50000.0	250621.58812079762	70.56353552625288
Bhathia_01	R125	283.0	353.0	50000.0	259413.23366660537	69.38234880189472
Bhathia_01	R125	283.0	353.0	50000.0	268513.2845336903	68.16009420875022
Bhathia_01	R125	283.0	303.0	50000.0	146.12016249204424	0.0048438638233747194
Bhathia_01	R125	283.0	303.0	50000.0	151.24596464403913	0.14200708193618672
Bhathia_01	R125	283.0	303.0	50000.0	156.55157666794562	0.28196072004791795
Bhathia_01	R125	283.0	303.0	50000.0	162.04330617944572	0.42475479736397725
Bhathia_01	R125	283.0	303.0	50000.0	167.72768206135862	0.5704399465672938
Bhathia_01	R125	283.0	303.0	50000.0	173.6114622255508	0.7190674094310163
Bhathia_01	R125	283.0	303.0	50000.0	179.70164164712898	0.8706890318264573
Bhathia_01	R125	283.0	303.0	50000.0	186.00546068046754	1.0253577849812143
Bhathia_01	R125	283.0	303.0	50000.0	192.53041366695666	1.1831272727862805
Bhathia_01	R125	283.0	303.0	50000.0	199.28425784470534	1.3440511934055193
Bhathia_01	R125	283.0	303.0	50000.0	206.27502257078967	1.5081838114070034
Bhathia_01	R125	283.0	303.0	50000.0	213.51101886701414	1.6755799736137142
Bhathia_01	R125	283.0	303.0	50000.0	221.00084930052978	1.8462953371480746
Bhathia_01	R125	283.0	303.0	50000.0	228.7534182110594	2.0203868555501674
Bhathia_01	R125	283.0	303.0	50000.0	236.77794229688686	2.1979112128066958
Bhathia_01	R125	283.0	303.0	50000.0	245.08396157219659	2.378925506262746
Bhathia_01	R125	283.0	303.0	50000.0	253.68135070878884	2.563487413969952
Bhathia_01	R125	283.0	303.0	50000.0	262.58033077565597	2.751655571343758
Bhathia_01	R125	283.0	303.0	50000.0	271.7914813903746	2.9434897279007664
Bhathia_01	R125	283.0	303.0	50000.0	281.32575329676206	3.1390491695283074
Bhathia_01	R125	283.0	303.0	50000.0	291.1944813837476	3.338393618547234
Bhathia_01	R125	283.0	303.0	50000.0	301.4093981609385	3.541583316066171
Bhathia_01	R125	283.0	303.0	50000.0	311.9826477069	3.7486804465940904
Bhathia_01	R125	283.0	303.0	50000.0	322.92680010673166	3.959746343075462
Bhathia_01	R125	283.0	303.0	50000.0	334.2548663961052	4.174842652727555
Bhathia_01	R125	283.0	303.0	50000.0	345.9803140295299	4.394031413892249
Bhathia_01	R125	283.0	303.0	50000.0	358.11708289123294	4.617376539762207
Bhathia_01	R125	283.0	303.0	50000.0	370.67960186769494	4.844941324797283
Bhathia_01	R125	283.0	303.0	50000.0	383.6828060015357	5.076788958185155
Bhathia_01	R125	283.0	303.0	50000.0	397.1421542471496	5.31298320440691
Bhathia_01	R125	283.0	303.0	50000.0	411.0736478491962	5.55358997534875
Bhathia_01	R125	283.0	303.0	50000.0	425.49384936579753	5.798673428341832
Bhathia_01	R125	283.0	303.0	50000.0	440.41990235905604	5.946784840313757
Bhathia_01	R125	283.0	303.0	50000.0	455.86955177630426	6.0500589412090156
Bhathia_01	R125	283.0	303.0	50000.0	471.8611650463152	6.154699537727531
Bhathia_01	R125	283.0	303.0	50000.0	488.41375391555476	6.2607084767439405
Bhathia_01	R125	283.0	303.0	50000.0	505.546997050434	6.36808885778611
Bhathia_01	R125	283.0	303.0	50000.0	523.2812634324383	6.476843916478617
Bhathia_01	R125	283.0	303.0	50000.0	541.6376365739385	6.5869737831710475
Bhathia_01	R125	283.0	303.0	50000.0	560.6379395834789	6.698479147357603
Bhathia_01	R125	283.0	303.0	50000.0	580.30476111034	6.8113618139778636
Bhathia_01	R125	283.0	303.0	50000.0	600.6614821992193	6.925620841938388
Bhathia_01	R125	283.0	303.0	50000.0	621.7323040869574	7.041255934886589
Bhathia_01	R125	283.0	303.0	50000.0	643.5422769743552	7.158265851795599
Bhathia_01	R125	283.0	303.0	50000.0	666.1173298072896	7.276647622087207
Bhathia_01	R125	283.0	303.0	50000.0	689.4843011025289	7.396399785942478
Bhathia_01	R125	283.0	303.0	50000.0	713.670970854901	7.517519960069024
Bhathia_01	R125	283.0	303.0	50000.0	738.7060935637436	7.640003125021314
Bhathia_01	R125	283.0	303.0	50000.0	764.6194324179003	7.763845800852061
Bhathia_01	R125	283.0	303.0	50000.0	791.4417946799063	7.889042521375343
Bhathia_01	R125	283.0	303.0	50000.0	819.2050683114275	8.015588407466703
Bhathia_01	R125	283.0	303.0	50000.0	847.9422598834972	8.14347828172345
Bhathia_01	R125	283.0	303.0	50000.0	877.6875338166207	8.272702388707051
Bhathia_01	R125	283.0	303.0	50000.0	908.4762529973926	8.403257753787539
Bhathia_01	R125	283.0	303.0	50000.0	940.3450208199293	8.535133701790627
Bhathia_01	R125	283.0	303.0	50000.0	973.3317247020778	8.66832345677994
Bhathia_01	R125	283.0	303.0	50000.0	1007.4755811281508	8.802816427166963
Bhathia_01	R125	283.0	303.0	50000.0	1042.817182271731	8.93860444520376
Bhathia_01	R125	283.0	303.0	50000.0	1079.3985442539745	9.075678130357904
Bhathia_01	R125	283.0	303.0	50000.0	1117.2631570947824	9.214025540086725
Bhathia_01	R125	283.0	303.0	50000.0	1156.4560364162314	9.353636636202209
Bhathia_01	R125	283.0	303.0	50000.0	1197.023776959721	9.494500080255571
Bhathia_01	R125	283.0	303.0	50000.0	1239.0146079804795	9.636604301263844
Bhathia_01	R125	283.0	303.0	50000.0	1282.478450585262	9.779935905884432
Bhathia_01	R125	283.0	303.0	50000.0	1327.4669770814253	9.924483707661302
Bhathia_01	R125	283.0	303.0	50000.0	1374.0336724079282	10.070234251814291
Bhathia_01	R125	283.0	303.0	50000.0	1422.2338977212928	10.217172447806638
Bhathia_01	R125	283.0	303.0	50000.0	1472.124956212121	10.365289861997937
Bhathia_01	R125	283.0	303.0	50000.0	1523.766161230411	10.514567151308182
Bhathia_01	R125	283.0	303.0	50000.0	1577.2189068006678	10.664993164009168
Bhathia_01	R125	283.0	303.0	50000.0	1632.5467406106395	10.816552269299468
Bhathia_01	R125	283.0	303.0	50000.0	1689.81543956045	10.9692312230847
Bhathia_01	R125	283.0	303.0	50000.0	1749.093087961948	11.123014999842164
Bhathia_01	R125	283.0	303.0	50000.0	1810.45015848124	11.277889235253445
Bhathia_01	R125	283.0	303.0	50000.0	1873.9595959206342	11.433839666182337
Bhathia_01	R125	283.0	303.0	50000.0	1939.6969039396042	11.590851042862647
Bhathia_01	R125	283.0	303.0	50000.0	2007.7402348178655	11.74890934628901
Bhathia_01	R125	283.0	303.0	50000.0	2078.1704823672853	11.90800087988099
Bhathia_01	R125	283.0	303.0	50000.0	2151.0713781030845	12.068110270593621
Bhathia_01	R125	283.0	303.0	50000.0	2226.529590788659	12.229224884242946
Bhathia_01	R125	283.0	303.0	50000.0	2304.63482947238	12.391330377465078
Bhathia_01	R125	283.0	303.0	50000.0	2385.479950138839	12.554413221503635
Bhathia_01	R125	283.0	303.0	50000.0	2469.161066101381	12.718460635504563
Bhathia_01	R125	283.0	303.0	50000.0	2555.7776622671126	12.883460422464944
Bhathia_01	R125	283.0	303.0	50000.0	2645.43271341026	13.0493981098914
Bhathia_01	R125	283.0	303.0	50000.0	2738.2328065944866	13.216266969232949
Bhathia_01	R125	283.0	303.0	50000.0	2834.2882678897013	13.38405148586291
Bhathia_01	R125	283.0	303.0	50000.0	2933.7132935340187	13.55274184862233
Bhathia_01	R125	283.0	303.0	50000.0	3036.6260856967806	13.722329607983985
Bhathia_01	R125	283.0	303.0	50000.0	3143.1489930040857	13.89280293552089
Bhathia_01	R125	283.0	303.0	50000.0	3253.4086559938396	14.064155235756589
Bhathia_01	R125	283.0	303.0	50000.0	3367.536157673288	14.236377874939064
Bhathia_01	R125	283.0	303.0	50000.0	3485.667179358007	14.409462721639525
Bhathia_01	R125	283.0	303.0	50000.0	3607.9421619776303	14.58340424132222
Bhathia_01	R125	283.0	303.0	50000.0	3734.506473040075	14.758194887924768
Bhathia_01	R125	283.0	303.0	50000.0	3865.5105794527676	14.93383071724139
Bhathia_01	R125	283.0	303.0	50000.0	4001.1102264063275	15.11030715320848
Bhathia_01	R125	283.0	303.0	50000.0	4141.466622533378	15.28761965840228
Bhathia_01	R125	283.0	303.0	50000.0	4286.746631562607	15.46576533015854
Bhathia_01	R125	283.0	303.0	50000.0	4437.122970695934	15.644742579548238
Bhathia_01	R125	283.0	303.0	50000.0	4592.774415944617	15.824547950445506
Bhathia_01	R125	283.0	303.0	50000.0	4753.8860146684265	16.00518133062748
Bhathia_01	R125	283.0	303.0	50000.0	4920.649305570547	16.18664100741733
Bhathia_01	R125	283.0	303.0	50000.0	5093.26254640977	16.36892778283564
Bhathia_01	R125	283.0	303.0	50000.0	5271.9309497006825	16.552040968924754
Bhathia_01	R125	283.0	303.0	50000.0	5456.8669266820625	16.735980449317793
Bhathia_01	R125	283.0	303.0	50000.0	5648.290339843539	16.92074812711939
Bhathia_01	R125	283.0	303.0	50000.0	5846.4287643107255	17.106343252841505
Bhathia_01	R125	283.0	303.0	50000.0	6051.517758399548	17.29276831919318
Bhathia_01	R125	283.0	303.0	50000.0	6263.801143661515	17.48002143512168
Bhathia_01	R125	283.0	303.0	50000.0	6483.531294752719	17.668106167993564
Bhathia_01	R125	283.0	303.0	50000.0	6710.9694394713115	17.857019476123753
Bhathia_01	R125	283.0	303.0	50000.0	6946.385969320071	18.04676141414819
Bhathia_01	R125	283.0	303.0	50000.0	7190.06076096333	18.23733129337035
Bhathia_01	R125	283.0	303.0	50000.0	7442.283508960394	18.428720919677588
Bhathia_01	R125	283.0	303.0	50000.0	7703.354070171016	18.62093503443368
Bhathia_01	R125	283.0	303.0	50000.0	7973.582820242459	18.813972765433125
Bhathia_01	R125	283.0	303.0	50000.0	8253.291022601827	19.007818382120128
Bhathia_01	R125	283.0	303.0	50000.0	8542.811210392447	19.20246225648712
Bhathia_01	R125	283.0	303.0	50000.0	8842.487581808335	19.397899272864073
Bhathia_01	R125	283.0	303.0	50000.0	9152.676409296731	19.59411375429217
Bhathia_01	R125	283.0	303.0	50000.0	9473.746463115214	19.791094164810335
Bhathia_01	R125	283.0	303.0	50000.0	9806.07944974691	19.988820486312914
Bhathia_01	R125	283.0	303.0	50000.0	10150.070465695051	20.187272742243316
Bhathia_01	R125	283.0	303.0	50000.0	10506.128467196331	20.386425531378702
Bhathia_01	R125	283.0	303.0	50000.0	10874.676756411529	20.586252778352684
Bhathia_01	R125	283.0	303.0	50000.0	11256.153484671382	20.786722143288358
Bhathia_01	R125	283.0	303.0	50000.0	11651.012173375993	20.98779641303871
Bhathia_01	R125	283.0	303.0	50000.0	12059.722253167078	21.18943771291665
Bhathia_01	R125	283.0	303.0	50000.0	12482.769622014002	21.391599948972615
Bhathia_01	R125	283.0	303.0	50000.0	12920.657222877158	21.594234237991884
Bhathia_01	R125	283.0	303.0	50000.0	13373.905641635398	21.797282312231662
Bhathia_01	R125	283.0	303.0	50000.0	13843.053725988231	22.000687400299437
Bhathia_01	R125	283.0	303.0	50000.0	14328.65922606916	22.20438106100793
Bhathia_01	R125	283.0	303.0	50000.0	14831.299457530586	22.408291839308337
Bhathia_01	R125	283.0	303.0	50000.0	15351.571987890213	22.612338271298665
Bhathia_01	R125	283.0	303.0	50000.0	15890.095346953078	22.816438223665084
Bhathia_01	R125	283.0	303.0	50000.0	16447.509762155743	23.02049749554046
Bhathia_01	R125	283.0	303.0	50000.0	17024.47791970484	23.2244192231257
Bhathia_01	R125	283.0	303.0	50000.0	17621.68575241697	23.428094927766
Bhathia_01	R125	283.0	303.0	50000.0	18239.84325519438	23.631409719720047
Bhathia_01	R125	283.0	303.0	50000.0	18879.685329108175	23.83425680520541
Bhathia_01	R125	283.0	303.0	50000.0	19541.972655090256	24.036491792295354
Bhathia_01	R125	283.0	303.0	50000.0	20227.49259827501	24.237985443245012
Bhathia_01	R125	283.0	303.0	50000.0	20937.060144063526	24.438595784054158
Bhathia_01	R125	283.0	303.0	50000.0	21671.518867025392	24.638171821425598
Bhathia_01	R125	283.0	303.0	50000.0	22431.741933788304	24.836554394023903
Bhathia_01	R125	283.0	303.0	50000.0	23218.633141108625	25.033581400067526
Bhathia_01	R125	283.0	303.0	50000.0	24033.127990356785	25.22907653515862
Bhathia_01	R125	283.0	303.0	50000.0	24876.194799694935	25.42286054989096
Bhathia_01	R125	283.0	303.0	50000.0	25748.835855269062	25.614748841541157
Bhathia_01	R125	283.0	303.0	50000.0	26652.088602784228	25.804546300636396
Bhathia_01	R125	283.0	303.0	50000.0	27587.026880879475	25.99204996844189
Bhathia_01	R125	283.0	303.0	50000.0	28554.762197768767	26.17705521082264
Bhathia_01	R125	283.0	303.0	50000.0	29556.445052665636	26.35935416712864
Bhathia_01	R125	283.0	303.0	50000.0	30593.266303562625	26.538720932626607
Bhathia_01	R125	283.0	303.0	50000.0	31666.458582991498	26.714934243022036
Bhathia_01	R125	283.0	303.0	50000.0	32777.29776344747	26.887768291603997
Bhathia_01	R125	283.0	303.0	50000.0	33927.104474219595	27.056986820637036
Bhathia_01	R125	283.0	303.0	50000.0	35117.24567143027	27.222356628693586
Bhathia_01	R125	283.0	303.0	50000.0	36349.13626315173	27.383637190121576
Bhathia_01	R125	283.0	303.0	50000.0	37624.240791528864	27.540589047228003
Bhathia_01	R125	283.0	303.0	50000.0	38944.07517391196	27.69296407655831
Bhathia_01	R125	283.0	303.0	50000.0	40310.20850506498	27.84052232315976
Bhathia_01	R125	283.0	303.0	50000.0	41724.264922596594	27.98301110114196
Bhathia_01	R125	283.0	303.0	50000.0	43187.92553782676	28.120196364656042
Bhathia_01	R125	283.0	303.0	50000.0	44702.93043438957	28.25182566855629
Bhathia_01	R125	283.0	303.0	50000.0	46271.08073694302	28.377657515548517
Bhathia_01	R125	283.0	303.0	50000.0	47894.24075245067	28.497458039885018
Bhathia_01	R125	283.0	303.0	50000.0	49574.34018657513	28.610987315026698
Bhathia_01	R125	283.0	303.0	50000.0	51313.376437824336	28.71801584524005
Bhathia_01	R125	283.0	303.0	50000.0	53113.41697217184	28.818317228701627
Bhathia_01	R125	283.0	303.0	50000.0	54976.60178098003	28.91166926524651
Bhathia_01	R125	283.0	303.0	50000.0	56905.14592514396	28.99786490662145
Bhathia_01	R125	283.0	303.0	50000.0	58901.34216848284	29.076699303327633
Bhathia_01	R125	283.0	303.0	50000.0	60967.5637035091	29.14797161774878
Bhathia_01	R125	283.0	303.0	50000.0	63106.2669728156	29.21149861810389
Bhathia_01	R125	283.0	303.0	50000.0	65319.99458943548	29.267111099198384
Bhathia_01	R125	283.0	303.0	50000.0	67611.3783596462	29.314642212709845
Bhathia_01	R125	283.0	303.0	50000.0	69983.14241181171	29.353937364373635
Bhathia_01	R125	283.0	303.0	50000.0	72438.10643498244	29.38486355757488
Bhathia_01	R125	283.0	303.0	50000.0	74979.18903110319	29.40730077102411
Bhathia_01	R125	283.0	303.0	50000.0	77609.41118481442	29.421136454336377
Bhathia_01	R125	283.0	303.0	50000.0	80331.89985497203	29.426275413282383
Bhathia_01	R125	283.0	303.0	50000.0	83149.89169215517	29.422646383472838
Bhathia_01	R125	283.0	303.0	50000.0	86066.7368865822	29.410188634505182
Bhathia_01	R125	283.0	303.0	50000.0	89085.903151008	29.388858003091986
Bhathia_01	R125	283.0	303.0	50000.0	92210.9798433415	29.35863300545157
Bhathia_01	R125	283.0	303.0	50000.0	95445.68223387754	29.319501713019456
Bhathia_01	R125	283.0	303.0	50000.0	98793.85592222596	29.271480968850106
Bhathia_01	R125	283.0	303.0	50000.0	102259.48140917791	29.214599997376137
Bhathia_01	R125	283.0	303.0	50000.0	105846.67882895643	29.148910641780766
Bhathia_01	R125	283.0	303.0	50000.0	109559.71284746489	29.074481920746962
Bhathia_01	R125	283.0	303.0	50000.0	113402.99773236972	28.991396132807775
Bhathia_01	R125	283.0	303.0	50000.0	117381.10260103126	28.899768800048165
Bhathia_01	R125	283.0	303.0	50000.0	121498.75685253605	28.799719240422398
Bhathia_01	R125	283.0	303.0	50000.0	125760.85579027371	28.691396285681577
Bhathia_01	R125	283.0	303.0	50000.0	130172.46644175818	28.57495639586471
Bhathia_01	R125	283.0	303.0	50000.0	134738.83358259665	28.450587044129005
Bhathia_01	R125	283.0	303.0	50000.0	139465.3859717822	28.318482377321946
Bhathia_01	R125	283.0	303.0	50000.0	144357.7428057125	28.17884980392241
Bhathia_01	R125	283.0	303.0	50000.0	149421.7203986127	28.03192640044291
Bhathia_01	R125	283.0	303.0	50000.0	154663.33909730316	27.877954066831247
Bhathia_01	R125	283.0	303.0	50000.0	160088.83043853292	27.654676199928453
Bhathia_01	R125	283.0	303.0	50000.0	165704.6445573877	26.40209936098272
Bhathia_01	R125	283.0	303.0	50000.0	171517.45785558026	25.156190062651905
Bhathia_01	R125	283.0	303.0	50000.0	177534.18093873924	23.91750399614762
Bhathia_01	R125	283.0	303.0	50000.0	183761.96683213356	22.68658930730148
Bhathia_01	R125	283.0	303.0	50000.0	190208.21948459864	21.46398871410521
Bhathia_01	R125	283.0	303.0	50000.0	196880.60257077508	20.25023311556142
Bhathia_01	R125	283.0	303.0	50000.0	203787.04860212465	19.045844103657497
Bhathia_01	R125	283.0	303.0	50000.0	210935.76835755422	17.851331223372654
Bhathia_01	R125	283.0	303.0	50000.0	218335.26064486115	16.667189841796556
Bhathia_01	R125	283.0	303.0	50000.0	225994.32240460056	15.493900861725056
Bhathia_01	R125	283.0	303.0	50000.0	233922.05916839777	14.331932196969959
Bhathia_01	R125	283.0	303.0	50000.0	242127.89588411906	13.181730029990423
Bhathia_01	R125	283.0	303.0	50000.0	250621.58812079762	12.043733499401789
Bhathia_01	R125	283.0	303.0	50000.0	259413.23366660537	10.918350711159475
Bhathia_01	R125	283.0	303.0	50000.0	268513.2845336903	9.805978345830658
Bhathia_01	R125	283.0	303.0	50000.0	277932.5593841194	8.70699260024163
Bhathia_01	R125	283.0	303.0	50000.0	287682.2563917327	7.6217466336074855
Bhathia_01	R125	283.0	303.0	50000.0	297773.9665551654	6.550575494875744
Bhathia_01	R125	283.0	303.0	50000.0	308219.6874779006	5.493791135507838
Bhathia_01	R125	283.0	303.0	50000.0	319031.83763169846	4.451683010418156
Bhathia_01	R125	283.0	303.0	50000.0	330223.271120397	3.4245205110994243
Bhathia_01	R125	283.0	303.0	50000.0	341807.2929615984	2.412549577367547
Bhathia_01	R125	283.0	303.0	50000.0	353797.67490444286	1.4159928815732505
Bhathia_01	R125	283.0	303.0	50000.0	366208.67180225096	0.43505125654928417
Bhathia_01	R125	283.0	333.0	50000.0	146.12016249204424	0.0048438638233747194
Bhathia_01	R125	283.0	333.0	50000.0	151.24596464403913	0.14200708193618672
Bhathia_01	R125	283.0	333.0	50000.0	156.55157666794562	0.28196072004791795
Bhathia_01	R125	283.0	333.0	50000.0	162.04330617944572	0.42475479736397725
Bhathia_01	R125	283.0	333.0	50000.0	167.72768206135862	0.5704399465672938
Bhathia_01	R125	283.0	333.0	50000.0	173.6114622255508	0.7190674094310163
Bhathia_01	R125	283.0	333.0	50000.0	179.70164164712898	0.8706890318264573
Bhathia_01	R125	283.0	333.0	50000.0	186.00546068046754	1.0253577849812143
Bhathia_01	R125	283.0	333.0	50000.0	192.53041366695666	1.1831272727862805
Bhathia_01	R125	283.0	333.0	50000.0	199.28425784470534	1.3440511934055193
Bhathia_01	R125	283.0	333.0	50000.0	206.27502257078967	1.5081838114070034
Bhathia_01	R125	283.0	333.0	50000.0	213.51101886701414	1.6755799736137142
Bhathia_01	R125	283.0	333.0	50000.0	221.00084930052978	1.8462953371480746
Bhathia_01	R125	283.0	333.0	50000.0	228.7534182110594	2.0203868555501674
Bhathia_01	R125	283.0	333.0	50000.0	236.77794229688686	2.1979112128066958
Bhathia_01	R125	283.0	333.0	50000.0	245.08396157219659	2.378925506262746
Bhathia_01	R125	283.0	333.0	50000.0	253.68135070878884	2.563487413969952
Bhathia_01	R125	283.0	333.0	50000.0	262.58033077565597	2.751655571343758
Bhathia_01	R125	283.0	333.0	50000.0	271.7914813903746	2.9434897279007664
Bhathia_01	R125	283.0	333.0	50000.0	281.32575329676206	3.1390491695283074
Bhathia_01	R125	283.0	333.0	50000.0	291.1944813837476	3.338393618547234
Bhathia_01	R125	283.0	333.0	50000.0	301.4093981609385	3.541583316066171
Bhathia_01	R125	283.0	333.0	50000.0	311.9826477069	3.7486804465940904
Bhathia_01	R125	283.0	333.0	50000.0	322.92680010673166	3.959746343075462
Bhathia_01	R125	283.0	333.0	50000.0	334.2548663961052	4.174842652727555
Bhathia_01	R125	283.0	333.0	50000.0	345.9803140295299	4.394031413892249
Bhathia_01	R125	283.0	333.0	50000.0	358.11708289123294	4.617376539762207
Bhathia_01	R125	283.0	333.0	50000.0	370.67960186769494	4.844941324797283
Bhathia_01	R125	283.0	333.0	50000.0	383.6828060015357	5.076788958185155
Bhathia_01	R125	283.0	333.0	50000.0	397.1421542471496	5.31298320440691
Bhathia_01	R125	283.0	333.0	50000.0	411.0736478491962	5.55358997534875
Bhathia_01	R125	283.0	333.0	50000.0	425.49384936579753	5.798673428341832
Bhathia_01	R125	283.0	333.0	50000.0	440.41990235905604	6.048297803733781
Bhathia_01	R125	283.0	333.0	50000.0	455.86955177630426	6.302530096658444
Bhathia_01	R125	283.0	333.0	50000.0	471.8611650463152	6.561435758134293
Bhathia_01	R125	283.0	333.0	50000.0	488.41375391555476	6.825080261078129
Bhathia_01	R125	283.0	333.0	50000.0	505.546997050434	7.093529973412205
Bhathia_01	R125	283.0	333.0	50000.0	523.2812634324383	7.366852400236839
Bhathia_01	R125	283.0	333.0	50000.0	541.6376365739385	7.645113336167668
Bhathia_01	R125	283.0	333.0	50000.0	560.6379395834789	7.928379955225047
Bhathia_01	R125	283.0	333.0	50000.0	580.30476111034	8.216719962492293
Bhathia_01	R125	283.0	333.0	50000.0	600.6614821992193	8.510200167541424
Bhathia_01	R125	283.0	333.0	50000.0	621.7323040869574	8.80888745773234
Bhathia_01	R125	283.0	333.0	50000.0	643.5422769743552	9.11285064668608
Bhathia_01	R125	283.0	333.0	50000.0	666.1173298072896	9.42215615812065
Bhathia_01	R125	283.0	333.0	50000.0	689.4843011025289	9.736872086387477
Bhathia_01	R125	283.0	333.0	50000.0	713.670970854901	10.057066587809913
Bhathia_01	R125	283.0	333.0	50000.0	738.7060935637436	10.382805831657851
Bhathia_01	R125	283.0	333.0	50000.0	764.6194324179003	10.714159531250688
Bhathia_01	R125	283.0	333.0	50000.0	791.4417946799063	11.051194291531576
Bhathia_01	R125	283.0	333.0	50000.0	819.2050683114275	11.393977028142992
Bhathia_01	R125	283.0	333.0	50000.0	847.9422598834972	11.742577155778365
Bhathia_01	R125	283.0	333.0	50000.0	877.6875338166207	12.097060034181027
Bhathia_01	R125	283.0	333.0	50000.0	908.4762529973926	12.457494621654629
Bhathia_01	R125	283.0	333.0	50000.0	940.3450208199293	12.82394678688434
Bhathia_01	R125	283.0	333.0	50000.0	973.3317247020778	13.196484551944707
Bhathia_01	R125	283.0	333.0	50000.0	1007.4755811281508	13.575174257024505
Bhathia_01	R125	283.0	333.0	50000.0	1042.817182271731	13.960081918581901
Bhathia_01	R125	283.0	333.0	50000.0	1079.3985442539745	14.351276839007753
Bhathia_01	R125	283.0	333.0	50000.0	1117.2631570947824	14.74882135175252
Bhathia_01	R125	283.0	333.0	50000.0	1156.4560364162314	15.152784216055352
Bhathia_01	R125	283.0	333.0	50000.0	1197.023776959721	15.56322904671745
Bhathia_01	R125	283.0	333.0	50000.0	1239.0146079804795	15.98022373372806
Bhathia_01	R125	283.0	333.0	50000.0	1282.478450585262	16.403831484737225
Bhathia_01	R125	283.0	333.0	50000.0	1327.4669770814253	16.834117876038164
Bhathia_01	R125	283.0	333.0	50000.0	1374.0336724079282	17.27114726894486
Bhathia_01	R125	283.0	333.0	50000.0	1422.2338977212928	17.714983665685754
Bhathia_01	R125	283.0	333.0	50000.0	1472.124956212121	18.165692472274394
Bhathia_01	R125	283.0	333.0	50000.0	1523.766161230411	18.623335295427434
Bhathia_01	R125	283.0	333.0	50000.0	1577.2189068006678	19.087976295236416
Bhathia_01	R125	283.0	333.0	50000.0	1632.5467406106395	19.425343170540433
Bhathia_01	R125	283.0	333.0	50000.0	1689.81543956045	19.72828870030607
Bhathia_01	R125	283.0	333.0	50000.0	1749.093087961948	20.034329014005387
Bhathia_01	R125	283.0	333.0	50000.0	1810.45015848124	20.343471307922517
Bhathia_01	R125	283.0	333.0	50000.0	1873.9595959206342	20.655689105042804
Bhathia_01	R125	283.0	333.0	50000.0	1939.6969039396042	20.971003370375755
Bhathia_01	R125	283.0	333.0	50000.0	2007.7402348178655	21.289394804455576
Bhathia_01	R125	283.0	333.0	50000.0	2078.1704823672853	21.61086804449582
Bhathia_01	R125	283.0	333.0	50000.0	2151.0713781030845	21.93541445149357
Bhathia_01	R125	283.0	333.0	50000.0	2226.529590788659	22.26303153310151
Bhathia_01	R125	283.0	333.0	50000.0	2304.63482947238	22.59371302703086
Bhathia_01	R125	283.0	333.0	50000.0	2385.479950138839	22.927458224602947
Bhathia_01	R125	283.0	333.0	50000.0	2469.161066101381	23.264258626714614
Bhathia_01	R125	283.0	333.0	50000.0	2555.7776622671126	23.604112798807535
Bhathia_01	R125	283.0	333.0	50000.0	2645.43271341026	23.9470139301985
Bhathia_01	R125	283.0	333.0	50000.0	2738.2328065944866	24.29296110337294
Bhathia_01	R125	283.0	333.0	50000.0	2834.2882678897013	24.641947320793005
Bhathia_01	R125	283.0	333.0	50000.0	2933.7132935340187	24.993968907337386
Bhathia_01	R125	283.0	333.0	50000.0	3036.6260856967806	25.34902277609561
Bhathia_01	R125	283.0	333.0	50000.0	3143.1489930040857	25.70710439067591
Bhathia_01	R125	283.0	333.0	50000.0	3253.4086559938396	26.068207395022228
Bhathia_01	R125	283.0	333.0	50000.0	3367.536157673288	26.432331163905065
Bhathia_01	R125	283.0	333.0	50000.0	3485.667179358007	26.799467520333003
Bhathia_01	R125	283.0	333.0	50000.0	3607.9421619776303	27.16961470601834
Bhathia_01	R125	283.0	333.0	50000.0	3734.506473040075	27.54276934201233
Bhathia_01	R125	283.0	333.0	50000.0	3865.5105794527676	27.918924615438247
Bhathia_01	R125	283.0	333.0	50000.0	4001.1102264063275	28.298076319241886
Bhathia_01	R125	283.0	333.0	50000.0	4141.466622533378	28.680217985284845
Bhathia_01	R125	283.0	333.0	50000.0	4286.746631562607	29.065346906794556
Bhathia_01	R125	283.0	333.0	50000.0	4437.122970695934	29.453449278811256
Bhathia_01	R125	283.0	333.0	50000.0	4592.774415944617	29.844534279718523
Bhathia_01	R125	283.0	333.0	50000.0	4753.8860146684265	30.238579025048644
Bhathia_01	R125	283.0	333.0	50000.0	4920.649305570547	30.635581728326155
Bhathia_01	R125	283.0	333.0	50000.0	5093.26254640977	31.03553352534023
Bhathia_01	R125	283.0	333.0	50000.0	5271.9309497006825	31.438421974708632
Bhathia_01	R125	283.0	333.0	50000.0	5456.8669266820625	31.844239976130222
Bhathia_01	R125	283.0	333.0	50000.0	5648.290339843539	32.25296805652883
Bhathia_01	R125	283.0	333.0	50000.0	5846.4287643107255	32.664599363548334
Bhathia_01	R125	283.0	333.0	50000.0	6051.517758399548	33.07911418047831
Bhathia_01	R125	283.0	333.0	50000.0	6263.801143661515	33.496493555937526
Bhathia_01	R125	283.0	333.0	50000.0	6483.531294752719	33.91672342537321
Bhathia_01	R125	283.0	333.0	50000.0	6710.9694394713115	34.33977295342464
Bhathia_01	R125	283.0	333.0	50000.0	6946.385969320071	34.765629035459625
Bhathia_01	R125	283.0	333.0	50000.0	7190.06076096333	35.19424800497833
Bhathia_01	R125	283.0	333.0	50000.0	7442.283508960394	35.6256191072012
Bhathia_01	R125	283.0	333.0	50000.0	7703.354070171016	36.059685082021716
Bhathia_01	R125	283.0	333.0	50000.0	7973.582820242459	36.49643999877443
Bhathia_01	R125	283.0	333.0	50000.0	8253.291022601827	36.93580928814225
Bhathia_01	R125	283.0	333.0	50000.0	8542.811210392447	37.37781900541456
Bhathia_01	R125	283.0	333.0	50000.0	8842.487581808335	37.82234586232457
Bhathia_01	R125	283.0	333.0	50000.0	9152.676409296731	38.26929261803869
Bhathia_01	R125	283.0	333.0	50000.0	9473.746463115214	38.71873941148121
Bhathia_01	R125	283.0	333.0	50000.0	9806.07944974691	39.170529995730746
Bhathia_01	R125	283.0	333.0	50000.0	10150.070465695051	39.62462617412125
Bhathia_01	R125	283.0	333.0	50000.0	10506.128467196331	40.080971129466626
Bhathia_01	R125	283.0	333.0	50000.0	10874.676756411529	40.53944947845103
Bhathia_01	R125	283.0	333.0	50000.0	11256.153484671382	41.00000508073409
Bhathia_01	R125	283.0	333.0	50000.0	11651.012173375993	41.46254268072727
Bhathia_01	R125	283.0	333.0	50000.0	12059.722253167078	41.92695897974306
Bhathia_01	R125	283.0	333.0	50000.0	12482.769622014002	42.39315867313693
Bhathia_01	R125	283.0	333.0	50000.0	12920.657222877158	42.86103198408054
Bhathia_01	R125	283.0	333.0	50000.0	13373.905641635398	43.330456449534026
Bhathia_01	R125	283.0	333.0	50000.0	13843.053725988231	43.801318893401785
Bhathia_01	R125	283.0	333.0	50000.0	14328.65922606916	44.27348013651538
Bhathia_01	R125	283.0	333.0	50000.0	14831.299457530586	44.746801954832385
Bhathia_01	R125	283.0	333.0	50000.0	15351.571987890213	45.22114636018632
Bhathia_01	R125	283.0	333.0	50000.0	15890.095346953078	45.696351522837126
Bhathia_01	R125	283.0	333.0	50000.0	16447.509762155743	46.17225301204423
Bhathia_01	R125	283.0	333.0	50000.0	17024.47791970484	46.64868635843158
Bhathia_01	R125	283.0	333.0	50000.0	17621.68575241697	47.125474892856026
Bhathia_01	R125	283.0	333.0	50000.0	18239.84325519438	47.60242459696288
Bhathia_01	R125	283.0	333.0	50000.0	18879.685329108175	48.07934359427093
Bhathia_01	R125	283.0	333.0	50000.0	19541.972655090256	48.556026657489454
Bhathia_01	R125	283.0	333.0	50000.0	20227.49259827501	49.03225998156905
Bhathia_01	R125	283.0	333.0	50000.0	20937.060144063526	49.50782708454939
Bhathia_01	R125	283.0	333.0	50000.0	21671.518867025392	49.98248983273209
Bhathia_01	R125	283.0	333.0	50000.0	22431.741933788304	50.45601286882798
Bhathia_01	R125	283.0	333.0	50000.0	23218.633141108625	50.92815214809232
Bhathia_01	R125	283.0	333.0	50000.0	24033.127990356785	51.398648760652776
Bhathia_01	R125	283.0	333.0	50000.0	24876.194799694935	51.86723613904512
Bhathia_01	R125	283.0	333.0	50000.0	25748.835855269062	52.33364289895633
Bhathia_01	R125	283.0	333.0	50000.0	26652.088602784228	52.79759201943888
Bhathia_01	R125	283.0	333.0	50000.0	27587.026880879475	53.258780830261486
Bhathia_01	R125	283.0	333.0	50000.0	28554.762197768767	53.71694782198024
Bhathia_01	R125	283.0	333.0	50000.0	29556.445052665636	54.17174512408226
Bhathia_01	R125	283.0	333.0	50000.0	30593.266303562625	54.622885835610035
Bhathia_01	R125	283.0	333.0	50000.0	31666.458582991498	55.0700435510762
Bhathia_01	R125	283.0	333.0	50000.0	32777.29776344747	55.51289846811724
Bhathia_01	R125	283.0	333.0	50000.0	33927.104474219595	55.95111385989662
Bhathia_01	R125	283.0	333.0	50000.0	35117.24567143027	56.38435531333188
Bhathia_01	R125	283.0	333.0	50000.0	36349.13626315173	56.8122755942357
Bhathia_01	R125	283.0	333.0	50000.0	37624.240791528864	57.2345315443819
Bhathia_01	R125	283.0	333.0	50000.0	38944.07517391196	57.65076532398062
Bhathia_01	R125	283.0	333.0	50000.0	40310.20850506498	58.06061982813214
Bhathia_01	R125	283.0	333.0	50000.0	41724.264922596594	58.46373463414044
Bhathia_01	R125	283.0	333.0	50000.0	43187.92553782676	58.859746560618085
Bhathia_01	R125	283.0	333.0	50000.0	44702.93043438957	59.24828965149042
Bhathia_01	R125	283.0	333.0	50000.0	46271.08073694302	59.628986207678935
Bhathia_01	R125	283.0	333.0	50000.0	47894.24075245067	60.00147024886678
Bhathia_01	R125	283.0	333.0	50000.0	49574.34018657513	60.36537316455476
Bhathia_01	R125	283.0	333.0	50000.0	51313.376437824336	60.72032207109583
Bhathia_01	R125	283.0	333.0	50000.0	53113.41697217184	61.065939426507654
Bhathia_01	R125	283.0	333.0	50000.0	54976.60178098003	61.40186083777212
Bhathia_01	R125	283.0	333.0	50000.0	56905.14592514396	61.72771242627381
Bhathia_01	R125	283.0	333.0	50000.0	58901.34216848284	62.043140502560455
Bhathia_01	R125	283.0	333.0	50000.0	60967.5637035091	62.34776788307809
Bhathia_01	R125	283.0	333.0	50000.0	63106.2669728156	62.641246874953026
Bhathia_01	R125	283.0	333.0	50000.0	65319.99458943548	62.92322530715519
Bhathia_01	R125	283.0	333.0	50000.0	67611.3783596462	63.19335197725387
Bhathia_01	R125	283.0	333.0	50000.0	69983.14241181171	63.45128982607399
Bhathia_01	R125	283.0	333.0	50000.0	72438.10643498244	63.69669896582908
Bhathia_01	R125	283.0	333.0	50000.0	74979.18903110319	63.92927279949169
Bhathia_01	R125	283.0	333.0	50000.0	77609.41118481442	64.14867994608676
Bhathia_01	R125	283.0	333.0	50000.0	80331.89985497203	64.3546208849063
Bhathia_01	R125	283.0	333.0	50000.0	83149.89169215517	64.54680934058699
Bhathia_01	R125	283.0	333.0	50000.0	86066.7368865822	64.72495653344335
Bhathia_01	R125	283.0	333.0	50000.0	89085.903151008	64.8887905986742
Bhathia_01	R125	283.0	333.0	50000.0	92210.9798433415	65.0380725991771
Bhathia_01	R125	283.0	333.0	50000.0	95445.68223387754	65.17253608248483
Bhathia_01	R125	283.0	333.0	50000.0	98793.85592222596	65.29198029461489
Bhathia_01	R125	283.0	333.0	50000.0	102259.48140917791	65.39617728427055
Bhathia_01	R125	283.0	333.0	50000.0	105846.67882895643	65.48494110700013
Bhathia_01	R125	283.0	333.0	50000.0	109559.71284746489	65.55809766361735
Bhathia_01	R125	283.0	333.0	50000.0	113402.99773236972	65.61547226296948
Bhathia_01	R125	283.0	333.0	50000.0	117381.10260103126	65.65695406254004
Bhathia_01	R125	283.0	333.0	50000.0	121498.75685253605	65.6823887917146
Bhathia_01	R125	283.0	333.0	50000.0	125760.85579027371	65.6917051480542
Bhathia_01	R125	283.0	333.0	50000.0	130172.46644175818	65.68479698569901
Bhathia_01	R125	283.0	333.0	50000.0	134738.83358259665	65.66162021778912
Bhathia_01	R125	283.0	333.0	50000.0	139465.3859717822	65.62212276612757
Bhathia_01	R125	283.0	333.0	50000.0	144357.7428057125	65.56629688099947
Bhathia_01	R125	283.0	333.0	50000.0	149421.7203986127	65.49413345004149
Bhathia_01	R125	283.0	333.0	50000.0	154663.33909730316	65.40566242112381
Bhathia_01	R125	283.0	333.0	50000.0	160088.83043853292	65.23841652953095
Bhathia_01	R125	283.0	333.0	50000.0	165704.6445573877	64.03216784027246
Bhathia_01	R125	283.0	333.0	50000.0	171517.45785558026	62.822717718114475
Bhathia_01	R125	283.0	333.0	50000.0	177534.18093873924	61.610438658090516
Bhathia_01	R125	283.0	333.0	50000.0	183761.96683213356	60.39570615654307
Bhathia_01	R125	283.0	333.0	50000.0	190208.21948459864	59.178902919506754
Bhathia_01	R125	283.0	333.0	50000.0	196880.60257077508	57.960413504044254
Bhathia_01	R125	283.0	333.0	50000.0	203787.04860212465	56.74063238605061
Bhathia_01	R125	283.0	333.0	50000.0	210935.76835755422	55.51992415689795
Bhathia_01	R125	283.0	333.0	50000.0	218335.26064486115	54.29875029084837
Bhathia_01	R125	283.0	333.0	50000.0	225994.32240460056	53.07744839184367
Bhathia_01	R125	283.0	333.0	50000.0	233922.05916839777	51.856436512167114
Bhathia_01	R125	283.0	333.0	50000.0	242127.89588411906	50.636116305310395
Bhathia_01	R125	283.0	333.0	50000.0	250621.58812079762	49.41689284385375
Bhathia_01	R125	283.0	333.0	50000.0	259413.23366660537	48.19916392434501
Bhathia_01	R125	283.0	333.0	50000.0	268513.2845336903	46.98334024686022
Bhathia_01	R125	283.0	333.0	50000.0	277932.5593841194	45.76981884118069
Bhathia_01	R125	283.0	333.0	50000.0	287682.2563917327	44.55900504884035
Bhathia_01	R125	283.0	333.0	50000.0	297773.9665551654	43.35130370748324
Bhathia_01	R125	283.0	333.0	50000.0	308219.6874779006	42.14710783855269
Bhathia_01	R125	283.0	333.0	50000.0	319031.83763169846	40.946816889188504
Bhathia_01	R125	283.0	333.0	50000.0	330223.271120397	39.75083516559541
Bhathia_01	R125	283.0	333.0	50000.0	341807.2929615984	38.559531155187194
Bhathia_01	R125	283.0	333.0	50000.0	353797.67490444286	37.37332759744542
Bhathia_01	R125	283.0	333.0	50000.0	366208.67180225096	36.19257039147998
Bhathia_01	R125	283.0	333.0	50000.0	379055.0385595106	35.01767396337425
Bhathia_01	R125	283.0	333.0	50000.0	392352.047673353	33.848986389706226
Bhathia_01	R125	283.0	333.0	50000.0	406115.50739037304	32.68689182334226
Bhathia_01	R125	283.0	333.0	50000.0	420361.78050037875	31.531745858214535
Bhathia_01	R125	283.0	333.0	50000.0	435107.80378941365	30.383907187072516
Bhathia_01	R125	283.0	333.0	50000.0	450371.1081751789	29.243726413307815
Bhathia_01	R125	283.0	333.0	50000.0	466169.83954879304	28.111542414125594
Bhathia_01	R125	283.0	333.0	50000.0	482522.7803476675	26.987692523643936
Bhathia_01	R125	283.0	333.0	50000.0	499449.37188514473	25.872501634047232
Bhathia_01	R125	283.0	333.0	50000.0	516969.7374634458	24.76628445473243
Bhathia_01	R125	283.0	333.0	50000.0	535104.7062974056	23.66935174881615
Bhathia_01	R125	283.0	333.0	50000.0	553875.8382774384	22.582000698599384
Bhathia_01	R125	283.0	333.0	50000.0	573305.4496011657	21.504521579522738
Bhathia_01	R125	283.0	333.0	50000.0	593416.6393042037	20.437191877653607
Bhathia_01	R125	283.0	333.0	50000.0	614233.3167216032	19.38027065719808
Bhathia_01	R125	283.0	333.0	50000.0	635780.2299126569	18.33404174104977
Bhathia_01	R125	283.0	333.0	50000.0	658082.9950827911	17.29872491624619
Bhathia_01	R125	283.0	333.0	50000.0	681168.127037599	16.274563424021608
Bhathia_01	R125	283.0	333.0	50000.0	705063.0707051408	15.261781878226001
Bhathia_01	R125	283.0	333.0	50000.0	729796.2337640686	14.260590728345974
Bhathia_01	R125	283.0	333.0	50000.0	755397.0204162808	13.271190758418767
Bhathia_01	R125	283.0	333.0	50000.0	781895.866344346	12.293767769858526
Bhathia_01	R125	283.0	333.0	50000.0	809324.2748951628	11.328499491426584
Bhathia_01	R125	283.0	333.0	50000.0	837714.8545329691	10.375548308743998
Bhathia_01	R125	283.0	333.0	50000.0	867101.3576061296	9.43506499056444
Bhathia_01	R125	283.0	333.0	50000.0	897518.7204738803	8.507188453503241
Bhathia_01	R125	283.0	333.0	50000.0	929003.1050406658	7.5920452913595575
Bhathia_01	R125	283.0	333.0	50000.0	961591.9417474868	6.689749563732956
Bhathia_01	R125	283.0	333.0	50000.0	995323.9740713531	5.8004034772940445
Bhathia_01	R125	283.0	333.0	50000.0	1030239.3045857496	4.924096551333028
Bhathia_01	R125	283.0	333.0	50000.0	1066379.442636875	4.060906516993602
Bhathia_01	R125	283.0	333.0	50000.0	1103787.3536923314	3.2108992078064276
Bhathia_01	R125	283.0	333.0	50000.0	1142507.5104209343	2.3741287082820466
Bhathia_01	R125	283.0	333.0	50000.0	1182585.945564372	1.5506375662049279
Bhathia_01	R125	283.0	333.0	50000.0	1224070.3066635653	0.7404569261024028
Bhathia_01	R125	283.0	353.0	50000.0	146.12016249204424	0.0048438638233747194
Bhathia_01	R125	283.0	353.0	50000.0	151.24596464403913	0.14200708193618672
Bhathia_01	R125	283.0	353.0	50000.0	156.55157666794562	0.28196072004791795
Bhathia_01	R125	283.0	353.0	50000.0	162.04330617944572	0.42475479736397725
Bhathia_01	R125	283.0	353.0	50000.0	167.72768206135862	0.5704399465672938
Bhathia_01	R125	283.0	353.0	50000.0	173.6114622255508	0.7190674094310163
Bhathia_01	R125	283.0	353.0	50000.0	179.70164164712898	0.8706890318264573
Bhathia_01	R125	283.0	353.0	50000.0	186.00546068046754	1.0253577849812143
Bhathia_01	R125	283.0	353.0	50000.0	192.53041366695666	1.1831272727862805
Bhathia_01	R125	283.0	353.0	50000.0	199.28425784470534	1.3440511934055193
Bhathia_01	R125	283.0	353.0	50000.0	206.27502257078967	1.5081838114070034
Bhathia_01	R125	283.0	353.0	50000.0	213.51101886701414	1.6755799736137142
Bhathia_01	R125	283.0	353.0	50000.0	221.00084930052978	1.8462953371480746
Bhathia_01	R125	283.0	353.0	50000.0	228.7534182110594	2.0203868555501674
Bhathia_01	R125	283.0	353.0	50000.0	236.77794229688686	2.1979112128066958
Bhathia_01	R125	283.0	353.0	50000.0	245.08396157219659	2.378925506262746
Bhathia_01	R125	283.0	353.0	50000.0	253.68135070878884	2.563487413969952
Bhathia_01	R125	283.0	353.0	50000.0	262.58033077565597	2.751655571343758
Bhathia_01	R125	283.0	353.0	50000.0	271.7914813903746	2.9434897279007664
Bhathia_01	R125	283.0	353.0	50000.0	281.32575329676206	3.1390491695283074
Bhathia_01	R125	283.0	353.0	50000.0	291.1944813837476	3.338393618547234
Bhathia_01	R125	283.0	353.0	50000.0	301.4093981609385	3.541583316066171
Bhathia_01	R125	283.0	353.0	50000.0	311.9826477069	3.7486804465940904
Bhathia_01	R125	283.0	353.0	50000.0	322.92680010673166	3.959746343075462
Bhathia_01	R125	283.0	353.0	50000.0	334.2548663961052	4.174842652727555
Bhathia_01	R125	283.0	353.0	50000.0	345.9803140295299	4.394031413892249
Bhathia_01	R125	283.0	353.0	50000.0	358.11708289123294	4.617376539762207
Bhathia_01	R125	283.0	353.0	50000.0	370.67960186769494	4.844941324797283
Bhathia_01	R125	283.0	353.0	50000.0	383.6828060015357	5.076788958185155
Bhathia_01	R125	283.0	353.0	50000.0	397.1421542471496	5.31298320440691
Bhathia_01	R125	283.0	353.0	50000.0	411.0736478491962	5.55358997534875
Bhathia_01	R125	283.0	353.0	50000.0	425.49384936579753	5.798673428341832
Bhathia_01	R125	283.0	353.0	50000.0	440.41990235905604	6.048297803733781
Bhathia_01	R125	283.0	353.0	50000.0	455.86955177630426	6.302530096658444
Bhathia_01	R125	283.0	353.0	50000.0	471.8611650463152	6.561435758134293
Bhathia_01	R125	283.0	353.0	50000.0	488.41375391555476	6.825080261078129
Bhathia_01	R125	283.0	353.0	50000.0	505.546997050434	7.093529973412205
Bhathia_01	R125	283.0	353.0	50000.0	523.2812634324383	7.366852400236839
Bhathia_01	R125	283.0	353.0	50000.0	541.6376365739385	7.645113336167668
Bhathia_01	R125	283.0	353.0	50000.0	560.6379395834789	7.928379955225047
Bhathia_01	R125	283.0	353.0	50000.0	580.30476111034	8.216719962492293
Bhathia_01	R125	283.0	353.0	50000.0	600.6614821992193	8.510200167541424
Bhathia_01	R125	283.0	353.0	50000.0	621.7323040869574	8.80888745773234
Bhathia_01	R125	283.0	353.0	50000.0	643.5422769743552	9.11285064668608
Bhathia_01	R125	283.0	353.0	50000.0	666.1173298072896	9.42215615812065
Bhathia_01	R125	283.0	353.0	50000.0	689.4843011025289	9.736872086387477
Bhathia_01	R125	283.0	353.0	50000.0	713.670970854901	10.057066587809913
Bhathia_01	R125	283.0	353.0	50000.0	738.7060935637436	10.382805831657851
Bhathia_01	R125	283.0	353.0	50000.0	764.6194324179003	10.714159531250688
Bhathia_01	R125	283.0	353.0	50000.0	791.4417946799063	11.051194291531576
Bhathia_01	R125	283.0	353.0	50000.0	819.2050683114275	11.393977028142992
Bhathia_01	R125	283.0	353.0	50000.0	847.9422598834972	11.742577155778365
Bhathia_01	R125	283.0	353.0	50000.0	877.6875338166207	12.097060034181027
Bhathia_01	R125	283.0	353.0	50000.0	908.4762529973926	12.457494621654629
Bhathia_01	R125	283.0	353.0	50000.0	940.3450208199293	12.82394678688434
Bhathia_01	R125	283.0	353.0	50000.0	973.3317247020778	13.196484551944707
Bhathia_01	R125	283.0	353.0	50000.0	1007.4755811281508	13.575174257024505
Bhathia_01	R125	283.0	353.0	50000.0	1042.817182271731	13.960081918581901
Bhathia_01	R125	283.0	353.0	50000.0	1079.3985442539745	14.351276839007753
Bhathia_01	R125	283.0	353.0	50000.0	1117.2631570947824	14.74882135175252
Bhathia_01	R125	283.0	353.0	50000.0	1156.4560364162314	15.152784216055352
Bhathia_01	R125	283.0	353.0	50000.0	1197.023776959721	15.56322904671745
Bhathia_01	R125	283.0	353.0	50000.0	1239.0146079804795	15.98022373372806
Bhathia_01	R125	283.0	353.0	50000.0	1282.478450585262	16.403831484737225
Bhathia_01	R125	283.0	353.0	50000.0	1327.4669770814253	16.834117876038164
Bhathia_01	R125	283.0	353.0	50000.0	1374.0336724079282	17.27114726894486
Bhathia_01	R125	283.0	353.0	50000.0	1422.2338977212928	17.714983665685754
Bhathia_01	R125	283.0	353.0	50000.0	1472.124956212121	18.165692472274394
Bhathia_01	R125	283.0	353.0	50000.0	1523.766161230411	18.623335295427434
Bhathia_01	R125	283.0	353.0	50000.0	1577.2189068006678	19.087976295236416
Bhathia_01	R125	283.0	353.0	50000.0	1632.5467406106395	19.559677858325237
Bhathia_01	R125	283.0	353.0	50000.0	1689.81543956045	20.038502578848096
Bhathia_01	R125	283.0	353.0	50000.0	1749.093087961948	20.524499229298883
Bhathia_01	R125	283.0	353.0	50000.0	1810.45015848124	21.01777295358719
Bhathia_01	R125	283.0	353.0	50000.0	1873.9595959206342	21.51834221472788
Bhathia_01	R125	283.0	353.0	50000.0	1939.6969039396042	22.02628098588121
Bhathia_01	R125	283.0	353.0	50000.0	2007.7402348178655	22.54165030399694
Bhathia_01	R125	283.0	353.0	50000.0	2078.1704823672853	23.06451124523779
Bhathia_01	R125	283.0	353.0	50000.0	2151.0713781030845	23.594924670420294
Bhathia_01	R125	283.0	353.0	50000.0	2226.529590788659	24.132949054974368
Bhathia_01	R125	283.0	353.0	50000.0	2304.63482947238	24.67864438076837
Bhathia_01	R125	283.0	353.0	50000.0	2385.479950138839	25.232070961286684
Bhathia_01	R125	283.0	353.0	50000.0	2469.161066101381	25.793285879452625
Bhathia_01	R125	283.0	353.0	50000.0	2555.7776622671126	26.362348320890778
Bhathia_01	R125	283.0	353.0	50000.0	2645.43271341026	26.93931495834775
Bhathia_01	R125	283.0	353.0	50000.0	2738.2328065944866	27.52425082528178
Bhathia_01	R125	283.0	353.0	50000.0	2834.2882678897013	28.117204742072094
Bhathia_01	R125	283.0	353.0	50000.0	2933.7132935340187	28.718238171121307
Bhathia_01	R125	283.0	353.0	50000.0	3036.6260856967806	29.327408794086743
Bhathia_01	R125	283.0	353.0	50000.0	3143.1489930040857	29.94477300566742
Bhathia_01	R125	283.0	353.0	50000.0	3253.4086559938396	30.511224792401467
Bhathia_01	R125	283.0	353.0	50000.0	3367.536157673288	30.96767247884126
Bhathia_01	R125	283.0	353.0	50000.0	3485.667179358007	31.428075102714818
Bhathia_01	R125	283.0	353.0	50000.0	3607.9421619776303	31.892403269819212
Bhathia_01	R125	283.0	353.0	50000.0	3734.506473040075	32.3606251934142
Bhathia_01	R125	283.0	353.0	50000.0	3865.5105794527676	32.832710835732335
Bhathia_01	R125	283.0	353.0	50000.0	4001.1102264063275	33.30863303118741
Bhathia_01	R125	283.0	353.0	50000.0	4141.466622533378	33.78835672435144
Bhathia_01	R125	283.0	353.0	50000.0	4286.746631562607	34.271851100594546
Bhathia_01	R125	283.0	353.0	50000.0	4437.122970695934	34.759080332269825
Bhathia_01	R125	283.0	353.0	50000.0	4592.774415944617	35.250018453174526
Bhathia_01	R125	283.0	353.0	50000.0	4753.8860146684265	35.74463308741327
Bhathia_01	R125	283.0	353.0	50000.0	4920.649305570547	36.24288587688076
Bhathia_01	R125	283.0	353.0	50000.0	5093.26254640977	36.744738117634164
Bhathia_01	R125	283.0	353.0	50000.0	5271.9309497006825	37.25017022117879
Bhathia_01	R125	283.0	353.0	50000.0	5456.8669266820625	37.75914600872212
Bhathia_01	R125	283.0	353.0	50000.0	5648.290339843539	38.27160900865758
Bhathia_01	R125	283.0	353.0	50000.0	5846.4287643107255	38.78751994042553
Bhathia_01	R125	283.0	353.0	50000.0	6051.517758399548	39.3069542077926
Bhathia_01	R125	283.0	353.0	50000.0	6263.801143661515	39.82971513276538
Bhathia_01	R125	283.0	353.0	50000.0	6483.531294752719	40.355863419707084
Bhathia_01	R125	283.0	353.0	50000.0	6710.9694394713115	40.8853185861804
Bhathia_01	R125	283.0	353.0	50000.0	6946.385969320071	41.41807675991699
Bhathia_01	R125	283.0	353.0	50000.0	7190.06076096333	41.95409704297081
Bhathia_01	R125	283.0	353.0	50000.0	7442.283508960394	42.49332493418513
Bhathia_01	R125	283.0	353.0	50000.0	7703.354070171016	43.03573786932917
Bhathia_01	R125	283.0	353.0	50000.0	7973.582820242459	43.58129109000982
Bhathia_01	R125	283.0	353.0	50000.0	8253.291022601827	44.129938408658724
Bhathia_01	R125	283.0	353.0	50000.0	8542.811210392447	44.68165108854155
Bhathia_01	R125	283.0	353.0	50000.0	8842.487581808335	45.23638057127129
Bhathia_01	R125	283.0	353.0	50000.0	9152.676409296731	45.79408698332528
Bhathia_01	R125	283.0	353.0	50000.0	9473.746463115214	46.354727980851685
Bhathia_01	R125	283.0	353.0	50000.0	9806.07944974691	46.918247535867735
Bhathia_01	R125	283.0	353.0	50000.0	10150.070465695051	47.48461289114626
Bhathia_01	R125	283.0	353.0	50000.0	10506.128467196331	48.05375636079966
Bhathia_01	R125	283.0	353.0	50000.0	10874.676756411529	48.625638325815466
Bhathia_01	R125	283.0	353.0	50000.0	11256.153484671382	49.20019911942395
Bhathia_01	R125	283.0	353.0	50000.0	11651.012173375993	49.77738454495979
Bhathia_01	R125	283.0	353.0	50000.0	12059.722253167078	50.357136157874464
Bhathia_01	R125	283.0	353.0	50000.0	12482.769622014002	50.93936975653597
Bhathia_01	R125	283.0	353.0	50000.0	12920.657222877158	51.52404073515425
Bhathia_01	R125	283.0	353.0	50000.0	13373.905641635398	52.11106449895871
Bhathia_01	R125	283.0	353.0	50000.0	13843.053725988231	52.700368638880235
Bhathia_01	R125	283.0	353.0	50000.0	14328.65922606916	53.29186920448633
Bhathia_01	R125	283.0	353.0	50000.0	14831.299457530586	53.88547666213768
Bhathia_01	R125	283.0	353.0	50000.0	15351.571987890213	54.481102066928074
Bhathia_01	R125	283.0	353.0	50000.0	15890.095346953078	55.07864311838
Bhathia_01	R125	283.0	353.0	50000.0	16447.509762155743	55.67802182241649
Bhathia_01	R125	283.0	353.0	50000.0	17024.47791970484	56.27906296611355
Bhathia_01	R125	283.0	353.0	50000.0	17621.68575241697	56.881698843727804
Bhathia_01	R125	283.0	353.0	50000.0	18239.84325519438	57.485791186785626
Bhathia_01	R125	283.0	353.0	50000.0	18879.685329108175	58.09120162107312
Bhathia_01	R125	283.0	353.0	50000.0	19541.972655090256	58.69779023276239
Bhathia_01	R125	283.0	353.0	50000.0	20227.49259827501	59.3053934386008
Bhathia_01	R125	283.0	353.0	50000.0	20937.060144063526	59.91385724946685
Bhathia_01	R125	283.0	353.0	50000.0	21671.518867025392	60.523009888457366
Bhathia_01	R125	283.0	353.0	50000.0	22431.741933788304	61.13267066825295
Bhathia_01	R125	283.0	353.0	50000.0	23218.633141108625	61.74263663039421
Bhathia_01	R125	283.0	353.0	50000.0	24033.127990356785	62.35271378766801
Bhathia_01	R125	283.0	353.0	50000.0	24876.194799694935	62.96267899816603
Bhathia_01	R125	283.0	353.0	50000.0	25748.835855269062	63.57230795514823
Bhathia_01	R125	283.0	353.0	50000.0	26652.088602784228	64.18136105136446
Bhathia_01	R125	283.0	353.0	50000.0	27587.026880879475	64.78958637690869
Bhathia_01	R125	283.0	353.0	50000.0	28554.762197768767	65.39672202745507
Bhathia_01	R125	283.0	353.0	50000.0	29556.445052665636	66.00248489018931
Bhathia_01	R125	283.0	353.0	50000.0	30593.266303562625	66.60657861282048
Bhathia_01	R125	283.0	353.0	50000.0	31666.458582991498	67.20871726601735
Bhathia_01	R125	283.0	353.0	50000.0	32777.29776344747	67.80857547481514
Bhathia_01	R125	283.0	353.0	50000.0	33927.104474219595	68.40581290660963
Bhathia_01	R125	283.0	353.0	50000.0	35117.24567143027	69.00007791956901
Bhathia_01	R125	283.0	353.0	50000.0	36349.13626315173	69.59103614882427
Bhathia_01	R125	283.0	353.0	50000.0	37624.240791528864	70.17832081080653
Bhathia_01	R125	283.0	353.0	50000.0	38944.07517391196	70.76154977981014
Bhathia_01	R125	283.0	353.0	50000.0	40310.20850506498	71.34019846495116
Bhathia_01	R125	283.0	353.0	50000.0	41724.264922596594	71.91407630039065
Bhathia_01	R125	283.0	353.0	50000.0	43187.92553782676	72.48259982160792
Bhathia_01	R125	283.0	353.0	50000.0	44702.93043438957	73.04538782951613
Bhathia_01	R125	283.0	353.0	50000.0	46271.08073694302	73.60199208536098
Bhathia_01	R125	283.0	353.0	50000.0	47894.24075245067	74.15193059644092
Bhathia_01	R125	283.0	353.0	50000.0	49574.34018657513	74.69473620270536
Bhathia_01	R125	283.0	353.0	50000.0	51313.376437824336	75.2299356543763
Bhathia_01	R125	283.0	353.0	50000.0	53113.41697217184	75.75704324411797
Bhathia_01	R125	283.0	353.0	50000.0	54976.60178098003	76.27555348443865
Bhathia_01	R125	283.0	353.0	50000.0	56905.14592514396	76.78495122395505
Bhathia_01	R125	283.0	353.0	50000.0	58901.34216848284	77.2847291454005
Bhathia_01	R125	283.0	353.0	50000.0	60967.5637035091	77.77436710792574
Bhathia_01	R125	283.0	353.0	50000.0	63106.2669728156	78.25333913357541
Bhathia_01	R125	283.0	353.0	50000.0	65319.99458943548	78.72110777990197
Bhathia_01	R125	283.0	353.0	50000.0	67611.3783596462	79.17714291840089
Bhathia_01	R125	283.0	353.0	50000.0	69983.14241181171	79.62090677365703
Bhathia_01	R125	283.0	353.0	50000.0	72438.10643498244	80.05188803791809
Bhathia_01	R125	283.0	353.0	50000.0	74979.18903110319	80.46952037228868
Bhathia_01	R125	283.0	353.0	50000.0	77609.41118481442	80.87328493535215
Bhathia_01	R125	283.0	353.0	50000.0	80331.89985497203	81.2626528745306
Bhathia_01	R125	283.0	353.0	50000.0	83149.89169215517	81.63709880694502
Bhathia_01	R125	283.0	353.0	50000.0	86066.7368865822	81.99610948539937
Bhathia_01	R125	283.0	353.0	50000.0	89085.903151008	82.33917849125815
Bhathia_01	R125	283.0	353.0	50000.0	92210.9798433415	82.66580416510472
Bhathia_01	R125	283.0	353.0	50000.0	95445.68223387754	82.97548524903767
Bhathia_01	R125	283.0	353.0	50000.0	98793.85592222596	83.26778070121236
Bhathia_01	R125	283.0	353.0	50000.0	102259.48140917791	83.54219953537013
Bhathia_01	R125	283.0	353.0	50000.0	105846.67882895643	83.79831018407423
Bhathia_01	R125	283.0	353.0	50000.0	109559.71284746489	84.03568102936553
Bhathia_01	R125	283.0	353.0	50000.0	113402.99773236972	84.25390769612198
Bhathia_01	R125	283.0	353.0	50000.0	117381.10260103126	84.45259671012232
Bhathia_01	R125	283.0	353.0	50000.0	121498.75685253605	84.63138555270353
Bhathia_01	R125	283.0	353.0	50000.0	125760.85579027371	84.78992875178305
Bhathia_01	R125	283.0	353.0	50000.0	130172.46644175818	84.92790586513489
Bhathia_01	R125	283.0	353.0	50000.0	134738.83358259665	85.04502308956157
Bhathia_01	R125	283.0	353.0	50000.0	139465.3859717822	85.14101416479858
Bhathia_01	R125	283.0	353.0	50000.0	144357.7428057125	85.21563858899628
Bhathia_01	R125	283.0	353.0	50000.0	149421.7203986127	85.26868192421985
Bhathia_01	R125	283.0	353.0	50000.0	154663.33909730316	85.29997299970542
Bhathia_01	R125	283.0	353.0	50000.0	160088.83043853292	85.24682882446237
Bhathia_01	R125	283.0	353.0	50000.0	165704.6445573877	84.14883328937925
Bhathia_01	R125	283.0	353.0	50000.0	171517.45785558026	83.0416241562294
Bhathia_01	R125	283.0	353.0	50000.0	177534.18093873924	81.92541119042673
Bhathia_01	R125	283.0	353.0	50000.0	183761.96683213356	80.80040917481406
Bhathia_01	R125	283.0	353.0	50000.0	190208.21948459864	79.66686900210578
Bhathia_01	R125	283.0	353.0	50000.0	196880.60257077508	78.52503358956272
Bhathia_01	R125	283.0	353.0	50000.0	203787.04860212465	77.37517923287851
Bhathia_01	R125	283.0	353.0	50000.0	210935.76835755422	76.21760387040482
Bhathia_01	R125	283.0	353.0	50000.0	218335.26064486115	75.05258593154112
Bhathia_01	R125	283.0	353.0	50000.0	225994.32240460056	73.88047727146996
Bhathia_01	R125	283.0	353.0	50000.0	233922.05916839777	72.70147034751847
Bhathia_01	R125	283.0	353.0	50000.0	242127.89588411906	71.51631415515949
Bhathia_01	R125	283.0	353.0	50000.0	250621.58812079762	70.3249632204285
Bhathia_01	R125	283.0	353.0	50000.0	259413.23366660537	69.12795365235283
Bhathia_01	R125	283.0	353.0	50000.0	268513.2845336903	67.92568977834291
Bhathia_01	R125	283.0	353.0	50000.0	277932.5593841194	66.71856867237229
Bhathia_01	R125	283.0	353.0	50000.0	287682.2563917327	65.50702108157999
Bhathia_01	R125	283.0	353.0	50000.0	297773.9665551654	64.29149466679338
Bhathia_01	R125	283.0	353.0	50000.0	308219.6874779006	63.07243621797728
Bhathia_01	R125	283.0	353.0	50000.0	319031.83763169846	61.850311372538386
Bhathia_01	R125	283.0	353.0	50000.0	330223.271120397	60.62560080477599
Bhathia_01	R125	283.0	353.0	50000.0	341807.2929615984	59.39879073509561
Bhathia_01	R125	283.0	353.0	50000.0	353797.67490444286	58.170380225661106
Bhathia_01	R125	283.0	353.0	50000.0	366208.67180225096	56.940873523943154
Bhathia_01	R125	283.0	353.0	50000.0	379055.0385595106	55.710796028555215
Bhathia_01	R125	283.0	353.0	50000.0	392352.047673353	54.480654111911775
Bhathia_01	R125	283.0	353.0	50000.0	406115.50739037304	53.250987798044015
Bhathia_01	R125	283.0	353.0	50000.0	420361.78050037875	52.02233532047395
Bhathia_01	R125	283.0	353.0	50000.0	435107.80378941365	50.795230084508326
Bhathia_01	R125	283.0	353.0	50000.0	450371.1081751789	49.570205919337994
Bhathia_01	R125	283.0	353.0	50000.0	466169.83954879304	48.347844238774684
Bhathia_01	R125	283.0	353.0	50000.0	482522.7803476675	47.12865650323136
Bhathia_01	R125	283.0	353.0	50000.0	499449.37188514473	45.91319988236888
Bhathia_01	R125	283.0	353.0	50000.0	516969.7374634458	44.70202557469808
Bhathia_01	R125	283.0	353.0	50000.0	535104.7062974056	43.49567608193878
Bhathia_01	R125	283.0	353.0	50000.0	553875.8382774384	42.29468782792324
Bhathia_01	R125	283.0	353.0	50000.0	573305.4496011657	41.0996090025017
Bhathia_01	R125	283.0	353.0	50000.0	593416.6393042037	39.91096585141011
Bhathia_01	R125	283.0	353.0	50000.0	614233.3167216032	38.729271559379846
Bhathia_01	R125	283.0	353.0	50000.0	635780.2299126569	37.555042345252346
Bhathia_01	R125	283.0	353.0	50000.0	658082.9950827911	36.38886907114943
Bhathia_01	R125	283.0	353.0	50000.0	681168.127037599	35.231143217556706
Bhathia_01	R125	283.0	353.0	50000.0	705063.0707051408	34.08240257430492
Bhathia_01	R125	283.0	353.0	50000.0	729796.2337640686	32.94312230059261
Bhathia_01	R125	283.0	353.0	50000.0	755397.0204162808	31.81376319114362
Bhathia_01	R125	283.0	353.0	50000.0	781895.866344346	30.694785040785977
Bhathia_01	R125	283.0	353.0	50000.0	809324.2748951628	29.58661832117763
Bhathia_01	R125	283.0	353.0	50000.0	837714.8545329691	28.489689902229088
Bhathia_01	R125	283.0	353.0	50000.0	867101.3576061296	27.404404375084404
Bhathia_01	R125	283.0	353.0	50000.0	897518.7204738803	26.331155128997363
Bhathia_01	R125	283.0	353.0	50000.0	929003.1050406658	25.270311409095278
Bhathia_01	R125	283.0	353.0	50000.0	961591.9417474868	24.222228569055794
Bhathia_01	R125	283.0	353.0	50000.0	995323.9740713531	23.187241448276
Bhathia_01	R125	283.0	353.0	50000.0	1030239.3045857496	22.165673917735848
Bhathia_01	R125	283.0	353.0	50000.0	1066379.442636875	21.157817169968133
Bhathia_01	R125	283.0	353.0	50000.0	1103787.3536923314	20.16395381764133
Bhathia_01	R125	283.0	353.0	50000.0	1142507.5104209343	19.18433992683052
Bhathia_01	R125	283.0	353.0	50000.0	1182585.945564372	18.21921108953325
Bhathia_01	R125	283.0	353.0	50000.0	1224070.3066635653	17.268791372872787
Bhathia_01	R125	283.0	353.0	50000.0	1267009.912704797	16.333274519864993
Bhathia_01	R125	283.0	353.0	50000.0	1311455.8127529488	15.412839413049138
Bhathia_01	R125	283.0	353.0	50000.0	1357460.8466415561	14.507642335997893
Bhathia_01	R125	283.0	353.0	50000.0	1405079.70779183	13.617820824640182
Bhathia_01	R125	283.0	353.0	50000.0	1454369.008235332	12.743490929190013
Bhathia_01	R125	283.0	353.0	50000.0	1505387.3459176025	11.884750828093901
Bhathia_01	R125	283.0	353.0	50000.0	1558195.374362756	11.041677423338864
Bhathia_01	R125	283.0	353.0	50000.0	1612855.874781868	10.214329789626971
Bhathia_01	R125	283.0	353.0	50000.0	1669433.830710877	9.40274790319234
Bhathia_01	R125	283.0	353.0	50000.0	1727996.50526674	8.606953674203448
Bhathia_01	R125	283.0	353.0	50000.0	1788613.5211136676	7.8269513026105635
Bhathia_01	R125	283.0	353.0	50000.0	1851356.9432345594	7.062727153534827
Bhathia_01	R125	283.0	353.0	50000.0	1916301.3646059704	6.314251827286508
Bhathia_01	R125	283.0	353.0	50000.0	1983523.9948785233	5.581479261043722
Bhathia_01	R125	283.0	353.0	50000.0	2053104.7521681644	4.864347926627013
Bhathia_01	R125	283.0	353.0	50000.0	2125126.3580674017	4.162781774255699
Bhathia_01	R125	283.0	353.0	50000.0	2199674.4359894753	3.4766906738453836
Bhathia_01	R125	283.0	353.0	50000.0	2276837.6129623787	2.8059708367543896
Bhathia_01	R125	283.0	353.0	50000.0	2356707.6249937494	2.1505054246877044
Bhathia_01	R125	283.0	353.0	50000.0	2439379.426131895	1.5101653454049802
Bhathia_01	R125	283.0	353.0	50000.0	2524951.301352604	0.8848099853575023
Bhathia_01	R125	283.0	353.0	50000.0	2613524.9834059626	0.274289248567658
